0	285.5
0	285.8
0	285.9
0	285.7
0	286.2
0	286.4
0	286.7
0	287
0	286.4
0	286.4
0	287.9
0	287.9
0	287.7
0	287.8
0	288.3
0	288.3
0	288.1
0	288.2
0	287.9
0	288.2
0	288.8
0	288.8
0	288.7
0	288.8
0	287.4
0	287.4
0	287.5
0	287.7
0	287.9
0	287.7
0	287
0	286.8
0	287.3
0	287.9
0	287.7
0	288
0	287.9
0	287.9
0	287.7
0	288.1
0	288.1
0	288.1
0	287.8
0	287.8
0	287.4
0	287.3
0	287.4
0	288.6
0	288.7
0	288.2
0	288.6
0	288.7
0	288.8
0	288.6
0	289.3
0	288.6
0	288.3
0	288.2
0	288.4
0	288.5
0	288.5
0	287.7
0	288.1
0	287.8
0	287.9
0	287.9
0	287.9
0	287.4
0	287.5
0	287.6
0	287.6
0	287.9
0	287.6
0	287.5
0	287.1
0	287.2
0	287.3
0	287.2
0	287.2
0	286.9
0	286.6
0	286.1
0	286.1
0	286.7
0	286.9
0	286.7
0	285.7
0	286.1
0	285.7
0	285.8
0	285.5
0	286.2
0	286.4
0	286.5
0	286.8
0	286.5
0	286.5
0	286.7
0	286
0	285.7
0	286.4
0	286.6
0	286.5
0	284.8
0	286.6
0	286.9
0	287.3
0	286.9
0	286.1
0	287.1
0	287.3
0	287.3
0	288.5
0	289.4
0	289.8
0	289.8
0	289.3
0	288.1
0	288.1
0	288.3
0	288.1
0	287.9
0	287.3
0	286.9
0	286.8
0	287.4
0	287.1
0	286.3
0	286.7
0	287.2
0	287.2
0	286
0	287
0	287.1
0	287.6
0	288.1
0	288.3
0	289.1
0	289.3
0	289.8
0	289.7
0	289.4
0	289.6
0	289.5
0	289.3
0	289.3
0	288.7
0	289.5
0	289.5
0	290.1
0	290.1
0	290.2
0	289.5
0	289.5
0	289.6
0	289.8
0	289.2
0	289.4
0	289.3
0	288.5
0	287.2
0	286.1
0	285.5
0	286.2
0	286.4
0	286.2
0	286.7
0	286.3
0	286.2
0	286.3
0	285.8
0	285.8
0	286.3
0	286.8
0	286.6
0	287.1
0	286.7
0	287
0	287.1
0	287.1
0	287.2
0	287.9
0	287.9
0	287.5
0	287.9
0	287.8
0	287.9
0	288
0	287.5
0	287.8
0	288.3
0	287.1
0	287.8
0	287.8
0	286.3
0	286
0	287.3
0	287.5
0	287.5
0	289.1
0	289.8
0	291.4
0	292.7
0	292.9
0	292.4
0	291.8
0	292.7
0	292
0	292
0	292.3
0	291.4
0	291.3
0	290
0	289.1
0	289.8
0	289.8
0	289.8
0	290.2
0	289.6
0	289.5
0	289.7
0	291.2
0	291.8
0	291.8
0	291.8
0	290.7
0	290.3
0	289.7
0	289.2
0	288.1
0	287.4
0	288.3
0	287.9
0	286.9
0	287.1
0	287.5
0	288.2
0	287.7
0	288
0	289.2
0	289.5
0	289.5
0	290
0	290.1
0	291.3
0	290.7
0	290.3
0	289.7
0	289.7
0	289.5
0	289.6
0	289.8
0	289.6
0	289.7
0	289.9
0	290.4
0	289.9
0	289.3
0	289
0	289.7
0	289.3
0	289.9
0	290.3
0	290.2
0	289.7
0	289.2
0	289.1
0	289.3
0	288.5
0	288
0	288.6
0	288.7
0	287.6
0	287.6
0	288.1
0	288.3
0	288
0	287.8
0	288.1
0	288.7
0	288.2
0	288.8
0	289.5
0	289
0	288.9
0	288.5
0	288.5
0	288.7
0	288.4
0	289.7
0	290.1
0	290.1
0	290.4
0	289.9
0	289.9
0	289.6
0	289.8
0	289.9
0	289.3
0	289.7
0	289.4
0	288.5
0	287.9
0	287.7
0	287.8
0	287.2
0	287.5
0	287.2
0	286.8
0	285
0	284
0	282.7
0	281.4
0	280.8
0	280.1
0	278
0	277.1
0	276
0	272
0	273.1
0	275.3
0	275.2
0	275.4
0	277.1
0	276.7
0	276.9
0	276.2
0	276.7
0	276.7
0	276.6
0	277.1
0	275.8
0	275.5
0	274.3
0	274.3
0	273.9
0	273.9
0	274.2
0	275.2
0	275.4
0	273.8
0	274.2
0	274.2
0	274
0	274.5
0	274.5
0	273.9
0	272.9
0	272.3
0	272.4
0	271.9
0	272
0	273.1
0	273.8
0	273.9
0	273.2
0	273.4
0	272.7
0	271.6
0	271.5
0	272.5
0	272.8
0	273.3
0	272.7
0	272.6
0	271.6
0	271.8
0	270.7
0	270.7
0	268
0	267.9
0	267.6
0	266.3
0	265.8
0	266.3
0	267.4
0	266.3
0	265.4
0	267.4
0	267.1
0	268.6
0	268.9
0	270
0	269.7
0	270.3
0	273.8
0	274.4
0	271.7
0	273.2
0	270.6
0	271.8
0	271.9
0	272.5
0	273.3
0	274.5
0	274.3
0	276
0	275.3
0	275.3
0	274.1
0	274.2
0	275.1
0	274.8
0	275.7
0	274.9
0	275.4
0	274.8
0	275.9
0	275.6
0	276.1
0	277
0	277.3
0	277.2
0	276.2
0	276.4
0	275.9
0	275.5
0	275.4
0	276.9
0	277.4
0	277
0	276.5
0	277
0	277.6
0	277.2
0	277.5
0	277.4
0	277.5
0	278.3
0	277.8
0	277.2
0	278.7
0	278
0	280.5
0	280.8
0	278.9
0	278.5
0	279.1
0	279.3
0	278.9
0	278.8
0	279.2
0	278.9
0	278.2
0	279.8
0	279
0	279.1
0	279.5
0	279.3
0	279
0	279.4
0	278.9
0	278.2
0	277.9
0	278
0	277.8
0	277.1
0	272.8
0	272.1
0	272.5
0	274
0	276.5
0	274.7
0	275.8
0	275.2
0	275.3
0	275.7
0	276.1
0	276.4
0	276.2
0	274.8
0	274.7
0	275.3
0	274.2
0	274.9
0	275.2
0	275.9
0	275.4
0	274.4
0	274.2
0	274.3
0	273.6
0	273.1
0	273.4
0	273.5
0	273.5
0	272.9
0	272.6
0	273.1
0	273
0	272.2
0	272.2
0	271.1
0	270.9
0	271.2
0	271.7
0	272.3
0	272.7
0	272.9
0	272.5
0	273.2
0	272.7
0	272.3
0	272.3
0	272.6
0	272.2
0	272.5
0	272.7
0	272.8
0	274.2
0	273.9
0	273.9
0	273.8
0	274.2
0	274.6
0	275
0	275
0	274.1
0	273.9
0	273.9
0	274.3
0	275.1
0	276
0	274.6
0	274.5
0	274.6
0	275.6
0	276.7
0	276.6
0	275.6
0	276.3
0	275.7
0	275.7
0	276.1
0	277
0	277.3
0	276.7
0	276.7
0	276.6
0	276.5
0	276.2
0	276.7
0	276.7
0	277.2
0	277.5
0	277.6
0	276.9
0	277.4
0	277.7
0	277.2
0	276.6
0	276.6
0	276.4
0	276.2
0	275.8
0	275.7
0	275.4
0	275.3
0	275.3
0	275.5
0	275.9
0	275.8
0	275.4
0	275.5
0	275.6
0	275.5
0	275.7
0	275.9
0	276.4
0	276.5
0	276.3
0	274.9
0	275.4
0	275.1
0	275.1
0	275.6
0	275.5
0	275.4
0	274.8
0	274.4
0	274.5
0	274.7
0	274.1
0	274.6
0	274.1
0	273.7
0	273.8
0	274.1
0	274.5
0	274.6
0	275.1
0	275.2
0	278.5
0	278.7
0	279
0	278.4
0	279.6
0	281.5
0	280.6
0	281.3
0	279
0	278.6
0	277.8
0	278.8
0	279.5
0	280.4
0	281.1
0	280.7
0	280.2
0	280.2
0	281.3
0	280.1
0	285.3
0	285.8
0	284.5
0	286
0	286.6
0	287.6
0	288.1
0	287.8
0	289.2
0	291.1
0	290.7
0	289.2
0	289.7
0	289.5
0	289
0	288.9
0	287.1
0	287.3
0	287.1
0	286.9
0	286.8
0	286.9
0	286.7
0	294.7
0	303.2
0	303.3
0	299.3
0	300.3
0	300.3
0	304
0	303.7
0	302.9
0	301.7
0	301.9
0	302.6
0	302.8
0	303.8
0	303.9
0	304.8
0	304.3
0	305.1
0	303.8
0	301.5
0	301.7
0	298.3
0	294.9
0	294.1
0	295.9
0	296.6
0	296.2
0	296.8
0	296.6
0	296.3
0	295.3
0	296.9
0	296.2
0	296.7
0	294.9
0	296.1
0	300.6
0	299.7
0	298.5
0	300.6
0	303.6
0	305.3
0	306.4
0	307.3
0	309
0	312.5
0	309.2
0	308.8
0	309.3
0	308.3
0	308.6
0	308.3
0	307
0	307
0	307.9
0	307.2
0	307.4
0	307.7
0	308.1
0	307.8
0	307.3
0	306.4
0	307.3
0	306.8
0	306.5
0	306.7
0	306.9
0	306.7
0	308.3
0	307.2
0	308.1
0	307.7
0	309.6
0	309
0	308.9
0	309.2
0	308.6
0	306.7
0	307.5
0	307.9
0	307.3
0	307.6
0	307.4
0	306.6
0	305.9
0	307
0	306.7
0	307.3
0	307.1
0	306.5
0	306
0	305.4
0	305.7
0	305.6
0	306.5
0	306.2
0	305.9
0	305.5
0	304.7
0	305.3
0	307.6
0	305.7
0	304.8
0	305.8
0	305.7
0	306.2
0	305.5
0	305.9
0	306.7
0	305.4
0	304.7
0	304.1
0	302.3
0	304.1
0	303.7
0	304.1
0	303.9
0	303.3
0	303.9
0	303.8
0	304.2
0	305.1
0	305
0	306.1
0	307.1
0	305.5
0	306
0	306.1
0	305.9
0	305.1
0	310.7
0	314.7
0	316.9
0	314.5
0	315.1
0	315.1
0	316
0	317.5
0	316.2
0	317.1
0	318.8
0	316.3
0	316.7
0	317.5
0	317.4
0	314.2
0	314.7
0	316.7
0	316.3
0	315.6
0	315.4
0	315.9
0	313.5
0	315.8
0	315.1
0	311.6
0	309.3
0	307.5
0	308.5
0	311
0	310.3
0	310.2
0	308.7
0	308.9
0	306.8
0	306.7
0	307.3
0	306.9
0	308.2
0	307.9
0	309.2
0	309.1
0	308.3
0	308.3
0	308.9
0	308.4
0	307.3
0	306.7
0	307.3
0	308.8
0	310.3
0	310.7
0	310.6
0	310.7
0	310.2
0	310.2
0	310.7
0	310.3
0	311
0	309.4
0	309.7
0	309.8
0	309.4
0	310.6
0	310.6
0	311.7
0	312.4
0	312.3
0	311.3
0	310
0	309.7
0	310.2
0	310.9
0	310.7
0	310.3
0	311.4
0	312.5
0	312.5
0	312.1
0	311.4
0	311.2
0	310.9
0	310.5
0	309.7
0	308.3
0	308.4
0	308.8
0	307.7
0	308.8
0	307.7
0	305.7
0	304.3
0	306.2
0	308
0	307.7
0	307.4
0	307.5
0	309.2
0	310.2
0	309.9
0	309
0	307.4
0	308.2
0	307.7
0	305.3
0	308
0	308.1
0	306.5
0	305
0	305.1
0	304.5
0	304.2
0	302.2
0	301.1
0	303.9
0	303.7
0	302.5
0	303.6
0	302.6
0	304.7
0	305.8
0	305.7
0	304.9
0	306.3
0	304.6
0	305.6
0	305.4
0	306.3
0	307.5
0	306.8
0	306.8
0	306.4
0	307.1
0	306.8
0	307.7
0	306.8
0	306.3
0	305.5
0	305.7
0	305.9
0	305.7
0	306.3
0	306.1
0	306.2
0	303.9
0	303.5
0	304.5
0	304.3
0	303.2
0	304
0	305.6
0	306.1
0	310.2
0	313
0	310.5
0	310
0	310.3
0	309.8
0	310
0	309.8
0	308.9
0	309
0	308.9
0	310.5
0	310.9
0	311.7
0	313
0	312.5
0	313.5
0	315.4
0	318.8
0	320.6
0	320.6
0	321.3
0	318.8
0	319.4
0	319.8
0	320
0	316.9
0	316.5
0	319
0	318.2
0	316.8
0	315.9
0	317.6
0	317.5
0	316.2
0	316.3
0	315.7
0	315.7
0	312.2
0	311.8
0	309.6
0	310.2
0	310.4
0	309.3
0	310.2
0	311.1
0	309.9
0	325.2
0	324.5
0	325.5
0	323.5
0	325.2
0	326.3
0	326.8
0	326.6
0	326.1
0	327.6
0	328.3
0	326.8
0	328
0	329.4
0	328.6
0	328.8
0	329.7
0	329.3
0	329.4
0	328.8
0	328.9
0	329.2
0	329.6
0	328.3
0	328.2
0	329.1
0	327.1
0	329
0	330.2
0	331.9
0	331.7
0	332.2
0	331.1
0	330.5
0	330.8
0	329.6
0	329
0	329.6
0	329.4
0	328.6
0	327.9
0	327
0	327.4
0	328.1
0	330.6
0	331
0	331.8
0	331
0	330.3
0	328.5
0	329.9
0	331.4
0	330.4
0	330.6
0	331.4
0	332.3
0	331.2
0	330.9
0	330.3
0	330.3
0	330.2
0	329.8
0	330
0	330.3
0	330.7
0	332.4
0	332.7
0	331.1
0	330.1
0	330
0	329.7
0	331.4
0	331.7
0	331.8
0	332.2
0	332.4
0	333.3
0	332.8
0	334.3
0	333.6
0	334.5
0	335.6
0	335.4
0	333.7
0	333.3
0	334.7
0	334.6
0	332.9
0	332.4
0	330.7
0	332.5
0	333.6
0	333.9
0	333.8
0	334.2
0	333.2
0	330.5
0	330.1
0	329.7
0	329.6
0	328.8
0	330.2
0	331.2
0	332.2
0	332.5
0	332.7
0	332.7
0	333.3
0	331.9
0	332
0	332.4
0	331
0	330.5
0	331.3
0	332.4
0	333.6
0	333.5
0	335.2
0	335.3
0	335.3
0	334.9
0	333.9
0	335.2
0	335.7
0	335.7
0	337.3
0	336.8
0	336.6
0	337.4
0	338.4
0	336.7
0	338.3
0	337.7
0	338.2
0	338.9
0	339
0	339.6
0	341.8
0	343.9
0	344.4
0	344.4
0	343.4
0	343.4
0	342.7
0	343.2
0	343.5
0	342
0	340.8
0	341.9
0	342.9
0	343.6
0	343.1
0	344.3
0	344.2
0	343.3
0	344
0	345.1
0	344.9
0	345.7
0	343.7
0	342.9
0	342.5
0	344
0	344.5
0	344.5
0	345.2
0	344.3
0	341.2
0	342
0	341
0	342.3
0	343.2
0	342.4
0	342.8
0	342.8
0	342.6
0	342.3
0	342.9
0	342.8
0	342.9
0	343
0	342.5
0	343.4
0	342.5
0	342.4
0	343.1
0	344
0	343.9
0	343.4
0	341.6
0	341.4
0	340.2
0	337.7
0	335.6
0	334.1
0	332.8
0	331.5
0	330.2
0	332.5
0	334.1
0	333.3
0	334.3
0	335.9
0	335.2
0	332.8
0	334.3
0	334.9
0	335.7
0	336.1
0	336.7
0	336.4
0	336.7
0	337.2
0	336.9
0	336.2
0	335.8
0	336.6
0	337.9
0	337.2
0	337.2
0	337.3
0	335.7
0	335.7
0	335.3
0	335.3
0	332.9
0	332.1
0	332.8
0	330.7
0	330.8
0	331
0	333.3
0	333
0	335.2
0	334.9
0	334.7
0	335.1
0	335
0	334.4
0	333.6
0	334.4
0	334.5
0	334.8
0	334.7
0	333.4
0	333.3
0	333.7
0	333.7
0	333
0	332.5
0	332.4
0	333.3
0	334.2
0	334.3
0	333.7
0	334.1
0	334.6
0	334.4
0	334.1
0	334
0	334.8
0	334.6
0	335.8
0	335.4
0	335.6
0	335.1
0	335.2
0	335.1
0	334.1
0	335.3
0	335.4
0	335.6
0	336.4
0	335.7
0	334.9
0	335.2
0	336.2
0	336.3
0	337.1
0	338.4
0	337.7
0	339.3
0	340.1
0	338.8
0	339.3
0	338.9
0	339.4
0	339.2
0	340.4
0	339.3
0	339.5
0	339.6
0	339.2
0	339.3
0	339.4
0	337.7
0	336.5
0	339.2
0	339.3
0	338.5
0	336.9
0	338.5
0	337.5
0	337.7
0	338.4
0	338.9
0	339.5
0	340.4
0	340.6
0	339.6
0	339.7
0	339.2
0	338.3
0	337
0	337.1
0	338.1
0	338.4
0	337.8
0	336.5
0	338.2
0	337.2
0	338.2
0	338.5
0	338.5
0	338.7
0	337.4
0	336.7
0	335.7
0	335.9
0	335.7
0	334.8
0	335.7
0	336.3
0	337
0	337.1
0	337
0	336.7
0	334.3
0	336.1
0	335.5
0	333.4
0	334
0	333.3
0	334.4
0	334.2
0	333.8
0	334.7
0	334.9
0	334.8
0	334.2
0	334.3
0	335.4
0	334.4
0	333
0	333.5
0	335.2
0	335.1
0	335.2
0	334.7
0	335.5
0	336.8
0	336.6
0	337.6
0	336.9
0	337.4
0	336.5
0	337.4
0	337.6
0	338.3
0	337.7
0	337.3
0	338
0	338.7
0	337.5
0	337.2
0	337.6
0	338.1
0	338.5
0	338.5
0	338.4
0	338
0	336.4
0	335.7
0	336.4
0	337.2
0	337.4
0	337.9
0	337.2
0	337.9
0	338
0	337.5
0	336.5
0	336.2
0	336.7
0	335.1
0	336.9
0	337.2
0	337.4
0	336.9
0	337.3
0	338.6
0	338.8
0	338.6
0	338.2
0	335.7
0	336.6
0	336
0	336.1
0	336.1
0	334.8
0	335
0	334.9
0	334.4
0	333.1
0	335
0	335.7
0	335.7
0	336.8
0	336.3
0	334.8
0	334
0	332.2
0	332.5
0	332.2
0	334.2
0	333.9
0	333.3
0	332.9
0	334
0	335.8
0	335.2
0	333.9
0	334.1
0	335.1
0	335
0	334.6
0	333.9
0	333.9
0	334.9
0	335.1
0	335.1
0	334.9
0	335
0	334.8
0	334.7
0	333.1
0	331.9
0	331
0	331.4
0	332
0	331.3
0	327.3
0	328.6
0	328.5
0	328.7
0	328.7
0	329.6
0	331
0	331.8
0	332.4
0	331.8
0	333.3
0	332.7
0	333.1
0	334.2
0	334.5
0	334.9
0	334.3
0	334.6
0	334.8
0	334.9
0	334.9
0	334.5
0	335
0	337
0	336.9
0	337.3
0	336
0	336.7
0	335.9
0	335.3
0	336.4
0	335.1
0	336.1
0	336.2
0	337.1
0	337.7
0	337.8
0	338.7
0	339
0	337.5
0	337.9
0	337.8
0	336.7
0	336.4
0	335.6
0	336
0	336.6
0	337.2
0	337.8
0	338.3
0	338.2
0	337.9
0	337.6
0	337.8
0	338
0	337.6
0	336.1
0	336.8
0	336.4
0	336.9
0	336.3
0	336.3
0	334.7
0	335.4
0	334.7
0	335.2
0	334.8
0	334.4
0	333.9
0	334
0	331.9
0	332.2
0	332
0	333.2
0	333.5
0	334.7
0	334.8
0	335.8
0	335.3
0	334.9
0	335.9
0	335.8
0	335.2
0	335.2
0	335.5
0	336.1
0	336.3
0	337.3
0	337.1
0	337.4
0	337.3
0	337.2
0	336.6
0	336.8
0	338.1
0	338.8
0	338.8
0	338.8
0	337.1
0	336.8
0	337.5
0	337.5
0	337.4
0	335.1
0	333.9
0	333.9
0	332
0	329.6
0	330.8
0	326.6
0	326.6
0	327.5
0	326.4
0	326
0	324.2
0	324.1
0	325.2
0	326
0	325.4
0	325.8
0	325.7
0	326.9
0	326.3
0	326.5
0	327.9
0	328.1
0	328
0	328.2
0	328.8
0	328.9
0	329
0	327.8
0	326.4
0	327.5
0	327.4
0	327.3
0	326.3
0	325.6
0	327.1
0	327.6
0	328
0	327.8
0	327.4
0	326.9
0	322.2
0	323.9
0	319.9
0	316.9
0	318.6
0	320
0	321.3
0	322.1
0	322.7
0	322.6
0	320.5
0	320.6
0	320.4
0	320.2
0	320.3
0	321.5
0	321.9
0	322.1
0	321.2
0	321.1
0	320.5
0	321.8
0	321.6
0	321.1
0	320.3
0	320.2
0	319.7
0	319.3
0	319.8
0	319.5
0	319.9
0	320.6
0	320.9
0	320.3
0	320.8
0	320.5
0	321.2
0	321.6
0	321.3
0	320.5
0	320.5
0	320.9
0	322.2
0	322.8
0	323.3
0	324
0	323.6
0	323.3
0	323.2
0	322.9
0	323.7
0	324
0	324.2
0	323.8
0	323.7
0	324.4
0	324.8
0	325.5
0	325.3
0	325.7
0	325.8
0	324.9
0	325.2
0	325
0	323.7
0	324.2
0	324.3
0	325.3
0	325.2
0	324.2
0	323.8
0	323.5
0	323.5
0	322.8
0	323
0	323
0	323
0	322.2
0	322.2
0	326.6
0	328.4
0	328.9
0	328.8
0	330.6
0	329.7
0	329.8
0	329.1
0	329.6
0	329.2
0	328.4
0	329.3
0	329.2
0	329.5
0	328.7
0	328.3
0	327.3
0	328.2
0	327.9
0	329.4
0	329.9
0	328.8
0	328.4
0	328.8
0	329.1
0	329
0	329.1
0	329.1
0	329.3
0	329.2
0	328.5
0	328.8
0	328.3
0	329.3
0	329.3
0	329.5
0	329.4
0	329.6
0	329.6
0	329.9
0	329
0	329.1
0	328.9
0	328.9
0	328.6
0	328.6
0	328
0	327.6
0	327.2
0	327.1
0	327.5
0	327.5
0	327.2
0	327.5
0	327
0	326.8
0	326.4
0	326.3
0	326.4
0	326.3
0	325.9
0	325.4
0	325.4
0	325.3
0	325.3
0	325.5
0	325.5
0	325.1
0	324.9
0	324
0	323.7
0	323.7
0	322.9
0	322.5
0	324.2
0	322.7
0	322.1
0	322.1
0	322.8
0	323.3
0	322.9
0	323.1
0	323.8
0	323.8
0	323.8
0	323.8
0	323.8
0	323.8
0	323.8
0	323.1
0	322.3
0	322.1
0	320.2
0	320.3
0	319.9
0	321
0	321.1
0	321.2
0	321
0	320.8
0	320.2
0	319.4
0	318.6
0	318.2
0	318.6
0	319.4
0	320.4
0	320.6
0	321.5
0	321.7
0	322
0	322.1
0	322.4
0	321.9
0	320.6
0	320.9
0	320.1
0	319.3
0	320.2
0	320.8
0	321.2
0	321.4
0	321.7
0	321.7
0	321.9
0	322.2
0	322.1
0	322.1
0	322.1
0	322.5
0	323
0	323.1
0	323.5
0	323.4
0	322.7
0	323
0	323.4
0	324.6
0	323.6
0	323.5
0	323.5
0	323.3
0	322.9
0	323.8
0	323.8
0	324.5
0	324.1
0	324
0	324.2
0	324
0	323
0	322.9
0	323.2
0	323.3
0	323.8
0	323.6
0	324
0	323.8
0	324
0	323.6
0	323.6
0	323.2
0	322.7
0	323.2
0	322.6
0	322.7
0	323.1
0	324.1
0	324
0	323.5
0	323.9
0	323.8
0	323.7
0	324
0	324.1
0	323.9
0	324.3
0	323.7
0	324.1
0	323.9
0	323.4
0	323.6
0	324.3
0	324
0	323.9
0	323.8
0	323.9
0	323.2
0	323
0	323.4
0	323.8
0	324.1
0	324.1
0	324.3
0	323.9
0	323.6
0	323.9
0	322.5
0	322.9
0	323.1
0	323.7
0	323.5
0	322.5
0	321.8
0	320
0	319.6
0	320.4
0	319.7
0	320.8
0	321.5
0	322.1
0	321.7
0	322.1
0	322.3
0	322.1
0	322.1
0	322.8
0	322.6
0	322.4
0	321.8
0	322.2
0	321.8
0	322.3
0	322.4
0	322.2
0	321.8
0	322.9
0	323
0	323
0	323.3
0	323.7
0	323.7
0	323.7
0	323.5
0	323.2
0	323.6
0	323.7
0	323.6
0	323.4
0	323.4
0	323.3
0	323.5
0	323.5
0	323.6
0	323.8
0	323
0	323.8
0	323.8
0	323.9
0	323.6
0	323.7
0	323.9
0	324
0	324
0	323.9
0	324
0	324.4
0	324.4
0	325.6
0	325.6
0	326.3
0	326
0	326
0	326.5
0	326.4
0	326.5
0	326.5
0	326.7
0	326.9
0	326.3
0	326.5
0	327.2
0	326.9
0	326.4
0	326.7
0	326.5
0	326.3
0	326.3
0	327.5
0	328.2
0	327.5
0	326.9
0	326.1
0	326.1
0	326.5
0	327
0	326.5
0	326.7
0	326.7
0	326.6
0	326.4
0	325.9
0	326.5
0	327
0	327.3
0	327.5
0	327.9
0	327.4
0	327.7
0	327.4
0	327.4
0	327.2
0	327.1
0	328.1
0	328.5
0	327.3
0	326.7
0	327.2
0	327.2
0	327.3
0	327.6
0	327.6
0	328.9
0	328.6
0	328.6
0	328.7
0	328.8
0	329
0	329.2
0	328.6
0	328.5
0	329.1
0	328.6
0	328.6
0	327.9
0	327.8
0	327.6
0	327.4
0	328
0	328.3
0	328.2
0	328.1
0	328
0	327.8
0	328.1
0	327.9
0	328.3
0	328.3
0	328.1
0	328.4
0	328
0	328.1
0	328.1
0	327.4
0	327.2
0	327.4
0	327.3
0	327
0	327
0	326.6
0	326.3
0	326.1
0	326.5
0	326.9
0	327.1
0	327.5
0	327.3
0	327.8
0	328.1
0	328.2
0	328.2
0	328
0	328
0	328.1
0	328.3
0	328.7
0	328.4
0	328.6
0	329
0	328.8
0	328.2
0	328
0	328.3
0	328.6
0	328.1
0	327.4
0	327.3
0	326.2
0	326.7
0	318.7
0	315.2
0	316.4
0	314.2
0	314.2
0	313.2
0	313.3
0	311.6
0	312.2
0	311.4
0	310.1
0	308.3
0	306.6
0	308.7
0	308
0	307.3
0	307.2
0	307.9
0	309.3
0	307.3
0	306.3
0	306.6
0	307.1
0	307.2
0	306.5
0	306.8
0	307.3
0	307.6
0	308.6
0	308.5
0	308.1
0	308.4
0	308.7
0	308.9
0	309.3
0	310.5
0	310.6
0	310.8
0	311.4
0	310.4
0	309.9
0	309
0	309.9
0	311.6
0	311.6
0	310.6
0	309.7
0	310.1
0	309.6
0	309.4
0	309.4
0	308.5
0	307.6
0	307.2
0	307.7
0	308
0	308.7
0	309.8
0	309.3
0	309.3
0	310.2
0	310.9
0	310.5
0	310.2
0	310.7
0	310
0	310.3
0	310
0	309
0	309.6
0	309.4
0	310.4
0	310.4
0	310.2
0	310.4
0	310
0	308.9
0	309.4
0	308.7
0	308.1
0	308
0	309
0	309.7
0	309.9
0	311.4
0	310.7
0	308.8
0	310.5
0	310.8
0	310.1
0	310
0	310.5
0	310.2
0	311.3
0	312.1
0	312
0	312.1
0	311.8
0	311.5
0	310.9
0	311.5
0	310.9
0	310.7
0	310.8
0	310.7
0	310.8
0	310.9
0	310.1
0	310.1
0	310.2
0	310.7
0	311.7
0	314.5
0	314
0	313.6
0	313.4
0	314.6
0	314.3
0	314.3
0	313.8
0	313
0	312.7
0	313.1
0	313.4
0	313
0	312.7
0	312.3
0	311.8
0	312.2
0	312.5
0	313.1
0	313.1
0	313.2
0	313.2
0	313.8
0	313.5
0	313.2
0	314.2
0	314.2
0	313.9
0	313.7
0	313.7
0	314
0	313.7
0	313.6
0	313.5
0	313.7
0	313.4
0	313.5
0	313.4
0	313.8
0	314.6
0	315
0	314.6
0	314.3
0	313.4
0	313.1
0	313.3
0	316.1
0	316.4
0	316.1
0	315.6
0	316.4
0	316.5
0	316.5
0	318.2
0	318.8
0	318.7
0	319.2
0	319.1
0	318.7
0	318.3
0	318.1
0	317.4
0	318.1
0	317.8
0	317.3
0	317.6
0	318.2
0	317.6
0	317.7
0	316.8
0	316.9
0	316
0	316.6
0	316.3
0	315.8
0	316.7
0	316.9
0	317
0	315.5
0	315.4
0	314.6
0	315.1
0	316
0	316.6
0	316.5
0	316
0	316.2
0	315.9
0	315.2
0	316.3
0	316.4
0	315.7
0	316.2
0	315.9
0	316
0	316.3
0	316.3
0	316.1
0	315.8
0	316
0	316.2
0	316
0	316.3
0	315.8
0	315.7
0	315
0	315.3
0	314.6
0	314.3
0	313.8
0	314.1
0	313.8
0	314
0	314.3
0	314.2
0	313.9
0	313.7
0	313.7
0	314.2
0	314.2
0	312.8
0	312.3
0	313.3
0	312.7
0	313
0	313.7
0	315.3
0	317.5
0	316.8
0	310.9
0	311.7
0	312.7
0	313.1
0	313.2
0	313.3
0	313.1
0	313.1
0	312.9
0	312.7
0	313.2
0	313.2
0	313.7
0	312.9
0	312.8
0	312.7
0	312.6
0	313.3
0	314
0	315.5
0	315.7
0	316.4
0	316.1
0	316.7
0	315
0	314.8
0	315.6
0	316.5
0	317.1
0	316.1
0	316.5
0	317.1
0	317.3
0	317.3
0	317.5
0	317.3
0	316.2
0	316.3
0	317.7
0	317.4
0	317.4
0	317.6
0	316.8
0	316.7
0	315.1
0	316.1
0	316.3
0	315.8
0	316.5
0	315.7
0	316.1
0	315.8
0	314.3
0	315.1
0	314.9
0	315.1
0	315.9
0	315.2
0	314.1
0	313.9
0	314.1
0	314.7
0	314.8
0	315.2
0	315.9
0	316.2
0	316
0	316.1
0	315.8
0	316.4
0	316.8
0	317.1
0	317.1
0	316.8
0	316.4
0	316.8
0	317.3
0	317.3
0	317.2
0	315.7
0	316.5
0	316.9
0	316.4
0	316.4
0	316.5
0	317.1
0	316.3
0	317
0	317.4
0	317.4
0	316.8
0	316.8
0	316.7
0	317.2
0	316.9
0	316.6
0	316.8
0	317.1
0	316.9
0	316.6
0	316.2
0	316.1
0	316.6
0	316.7
0	316.2
0	316.2
0	316.4
0	315.5
0	315.2
0	316.2
0	316.5
0	316.6
0	315.5
0	314.5
0	314.2
0	313.9
0	314.4
0	315
0	315.8
0	315.8
0	316.3
0	315.9
0	316
0	316.4
0	316.6
0	316.8
0	316.7
0	316.3
0	316.5
0	316
0	316.3
0	316
0	315.3
0	315.6
0	316.6
0	316.8
0	316.9
0	317.4
0	318.5
0	318.2
0	318.9
0	318.3
0	319.2
0	319
0	318.3
0	317.1
0	316.4
0	316.5
0	316.9
0	316.5
0	316.5
0	317.6
0	317.8
0	317.3
0	317
0	317
0	316.7
0	316.9
0	317
0	316.8
0	317.1
0	317.2
0	317.1
0	316.6
0	316.4
0	315.7
0	316.1
0	315.5
0	315.9
0	316.6
0	316.7
0	316.6
0	316.8
0	317.5
0	317.5
0	317
0	317.4
0	317
0	316.9
0	316.9
0	317.5
0	317.3
0	317
0	316.9
0	317.1
0	317.3
0	317
0	317.5
0	317.9
0	317.4
0	316.9
0	317.2
0	316.6
0	315.9
0	315.9
0	315.1
0	315.3
0	315.6
0	316.1
0	316.3
0	316.1
0	315.7
0	315.8
0	316
0	315.7
0	314.6
0	314.9
0	315
0	314.6
0	315.4
0	314.9
0	314.2
0	314.7
0	315.1
0	315
0	314.7
0	314.9
0	314.9
0	315.1
0	315
0	314.8
0	314.8
0	314.8
0	314.9
0	314.7
0	314.8
0	314.6
0	314.4
0	314.1
0	314.3
0	314.3
0	314.4
0	314.7
0	314.8
0	314.5
0	314.7
0	314.8
0	314.3
0	314.2
0	313.7
0	314
0	314.3
0	314
0	313.7
0	314
0	314
0	313.9
0	313.6
0	314.5
0	314.8
0	314.8
0	314.7
0	314.5
0	314.5
0	314.6
0	314.8
0	314.8
0	314.5
0	314.3
0	314.4
0	314.7
0	315.1
0	314.8
0	314.4
0	314.9
0	315.1
0	314.8
0	315.1
0	315
0	315.4
0	315.7
0	315.3
0	315.3
0	315
0	314.6
0	314.9
0	315.1
0	315
0	314.7
0	314.2
0	314.5
0	314.5
0	314.8
0	314.1
0	314.4
0	314.8
0	315.1
0	315.1
0	315.3
0	315.6
0	315.6
0	315.7
0	315.6
0	315.6
0	315.7
0	315.5
0	315.7
0	315.9
0	316
0	316
0	315.8
0	315.6
0	315.8
0	316.1
0	315.9
0	315.7
0	315.6
0	315.3
0	315.1
0	315.4
0	315
0	314.9
0	314.9
0	315.1
0	315.1
0	315.1
0	315
0	314.9
0	315
0	314.9
0	314.9
0	314.9
0	315
0	314.8
0	315
0	314.5
0	314.6
0	314.5
0	313.8
0	314.3
0	314.3
0	314
0	313.8
0	314.3
0	314.3
0	313.8
0	312.7
0	312.2
0	312.9
0	313.2
0	313.3
0	312.5
0	312.8
0	313.1
0	313.6
0	313.5
0	314.1
0	313.7
0	313.8
0	313.5
0	313.2
0	312.8
0	312.9
0	312.9
0	311.6
0	311.7
0	312.2
0	312.5
0	312.7
0	313
0	313.4
0	313.2
0	313.2
0	312.9
0	311.8
0	312.3
0	312
0	312.9
0	313.3
0	313.6
0	313.6
0	313.7
0	313.9
0	313.9
0	313.1
0	313.5
0	313.5
0	312.6
0	310.6
0	310.4
0	309.8
0	309.4
0	309.9
0	309.8
0	309.9
0	309.8
0	309.6
0	309.7
0	309.5
0	309.4
0	309.3
0	309.8
0	309.8
0	309.5
0	309.5
0	309.1
0	309.2
0	308.9
0	309.2
0	309.9
0	309.9
0	310.6
0	310.4
0	310.9
0	312.2
0	313.4
0	313.3
0	313.4
0	313.4
0	313.1
0	313.1
0	313
0	312.8
0	312.7
0	312.5
0	312.4
0	312.1
0	312.3
0	312.2
0	312
0	312.4
0	312
0	311.4
0	312.2
0	312.4
0	312.8
0	312.4
0	311.9
0	311.7
0	312.1
0	310.9
0	309.5
0	309.7
0	310.7
0	310.1
0	310.5
0	309.8
0	309.6
0	309.2
0	308.6
0	308.9
0	308.7
0	309.8
0	309.5
0	309.2
0	310
0	310.7
0	311.7
0	311.4
0	311.7
0	312.2
0	311.8
0	303.5
0	302.9
0	303.8
0	302
0	302.5
0	304.5
0	304.6
0	305.8
0	306.1
0	307.6
0	307
0	307.3
0	309
0	308.7
0	308.9
0	308.8
0	309.3
0	309.5
0	309
0	308.9
0	309.1
0	310.1
0	309.1
0	308.3
0	308.9
0	309.3
0	309.6
0	309.3
0	309.9
0	309.8
0	309.6
0	309.7
0	309.7
0	309.9
0	309.3
0	309.4
0	309.2
0	309.8
0	309.7
0	309.8
0	309.6
0	309.7
0	309.9
0	310.3
0	310.7
0	310.3
0	309.8
0	309.8
0	309.7
0	310.1
0	310.3
0	310.2
0	310
0	310.3
0	310.7
0	310.7
0	310.1
0	309.9
0	310
0	309.8
0	310.3
0	310.1
0	310.4
0	311.1
0	311
0	311.4
0	311.5
0	311.3
0	311.8
0	311.6
0	311.1
0	310.9
0	311.2
0	311.1
0	311.6
0	311.2
0	311.3
0	311
0	311
0	311.2
0	310.8
0	311.1
0	311.2
0	310.7
0	310.8
0	311.1
0	311.1
0	311.1
0	311
0	311
0	311.3
0	310.8
0	311
0	310.8
0	311.3
0	311.4
0	311.4
0	311
0	311.4
0	311.6
0	311.5
0	311.1
0	311.1
0	311.2
0	311.5
0	311
0	311.1
0	311
0	311.1
0	310.8
0	310.6
0	310.8
0	310.5
0	310.9
0	311.9
0	313.4
0	313.4
0	313.6
0	313.5
0	313.4
0	314
0	314
0	313.3
0	313.4
0	313.3
0	313.3
0	314.1
0	314.6
0	314.5
0	314.2
0	314.2
0	314
0	314.1
0	314.9
0	315.2
0	315.5
0	315.5
0	315.5
0	315
0	315.4
0	315.1
0	314.7
0	314.7
0	314.7
0	314
0	314.6
0	314.6
0	314.8
0	314.8
0	314.6
0	314.7
0	314.9
0	314.9
0	314.8
0	314.9
0	315
0	315
0	315.3
0	315.6
0	315.7
0	316
0	315.8
0	315.4
0	316
0	315.6
0	315.6
0	314.8
0	315.1
0	313.4
0	313.3
0	313.4
0	312.6
0	312
0	311.8
0	312.3
0	312.2
0	311.6
0	311.5
0	311.7
0	311.7
0	312.3
0	312.4
0	312.2
0	312.2
0	312.2
0	311.8
0	312.1
0	312.3
0	312.4
0	313.5
0	313.9
0	313.8
0	314
0	314.1
0	314.3
0	313.9
0	314.5
0	314.3
0	314.4
0	314.5
0	314.4
0	314.3
0	314.7
0	314.6
0	314.4
0	314.6
0	314.2
0	313.9
0	313.4
0	313.4
0	312.7
0	312.5
0	312.8
0	312
0	312.2
0	312.5
0	312.7
0	313
0	312.9
0	312.5
0	313
0	315.1
0	314.2
0	314
0	313.8
0	314
0	314.2
0	314.3
0	314.1
0	313.8
0	313.4
0	313.6
0	313.5
0	313.4
0	313.8
0	313.9
0	313.8
0	313.5
0	313.5
0	312.1
0	312.5
0	312.4
0	312.7
0	312.7
0	312.4
0	312.7
0	312.2
0	311.7
0	311.8
0	311.7
0	311.4
0	311.4
0	311.6
0	311.7
0	311.8
0	312.1
0	312
0	312.2
0	312.2
0	311.9
0	312.2
0	312.2
0	312
0	312.4
0	312.3
0	312.2
0	312.1
0	312.4
0	312.7
0	312.9
0	313.1
0	313
0	313
0	313
0	313.3
0	312.8
0	312.8
0	313
0	312.7
0	312.8
0	312.8
0	313.1
0	312.6
0	312.3
0	312.6
0	312.8
0	312.6
0	312.7
0	312.7
0	312.8
0	312.8
0	312.2
0	312.5
0	312.5
0	312.2
0	312.2
0	312.2
0	312.2
0	312.4
0	312.4
0	312.6
0	312.4
0	312.1
0	312.3
0	312
0	312.2
0	312.4
0	312.7
0	312.7
0	312.3
0	312.3
0	312
0	312
0	311.8
0	311.7
0	311.6
0	311.7
0	311.6
0	311.8
0	311.8
0	311.7
0	311.9
0	311.8
0	311.4
0	311.4
0	311.5
0	311.6
0	311.7
0	311.4
0	311.4
0	311
0	311.3
0	311.4
0	311.1
0	310.5
0	310.3
0	310.3
0	310.7
0	310.3
0	310.2
0	310.4
0	310.2
0	310.4
0	310.4
0	310.3
0	310.5
0	310.7
0	310.8
0	310.4
0	310.5
0	310.3
0	310.5
0	310.6
0	310.6
0	310.6
0	310.4
0	310.3
0	310.1
0	310.6
0	310.6
0	310.7
0	311.1
0	311
0	310.7
0	310.9
0	310.9
0	311.2
0	311
0	311.3
0	310.9
0	310.6
0	310.5
0	311.1
0	311
0	311.2
0	311.2
0	311
0	311.1
0	311.2
0	311
0	311
0	310.9
0	310.8
0	310.7
0	310.7
0	310.7
0	310.7
0	310.8
0	310.9
0	310.8
0	310.7
0	310.6
0	310.6
0	310.6
0	311.3
0	310.9
0	310.8
0	310.6
0	310.3
0	310.3
0	310.2
0	310.3
0	310.5
0	310.7
0	310.8
0	310.7
0	310.9
0	310.8
0	310.7
0	310.8
0	310.8
0	311.2
0	311.2
0	311.7
0	311.7
0	311.7
0	311.8
0	311.7
0	311.6
0	311.6
0	311.8
0	312
0	312
0	312.2
0	312.3
0	312.3
0	311.9
0	312.1
0	312
0	312.1
0	312.2
0	312
0	312.2
0	312.2
0	312.2
0	311.8
0	312
0	312.2
0	312.2
0	311.8
0	312
0	312
0	312.1
0	312.2
0	312.1
0	312.2
0	311.8
0	311.7
0	311.9
0	311.7
0	311.6
0	311.6
0	311.7
0	311.6
0	311.6
0	311.7
0	311.7
0	312
0	312.1
0	312.1
0	312.1
0	312.1
0	312.3
0	312.2
0	312.3
0	312.2
0	312.2
0	312.6
0	312.5
0	312.5
0	312.3
0	312.1
0	311.8
0	311.6
0	311.2
0	310.9
0	310.9
0	310.8
0	310.8
0	310.7
0	310.8
0	311
0	310.8
0	310.6
0	310.6
0	311
0	310.7
0	310.7
0	310.8
0	310.3
0	310.6
0	310.6
0	310.7
0	310.8
0	310.4
0	310.5
0	310.7
0	311
0	311.1
0	311.1
0	311.3
0	311.2
0	311.4
0	311.4
0	311.4
0	311.6
0	311.4
0	311.2
0	311.1
0	311.4
0	311.5
0	311.2
0	311.1
0	311.2
0	311.3
0	311.2
0	311.2
0	311.4
0	311.1
0	311
0	310.4
0	310.2
0	310.1
0	309.9
0	309.9
0	310.1
0	309.8
0	309.9
0	310
0	309.8
0	309.7
0	310
0	310.1
0	310.1
0	309.9
0	309.9
0	310
0	310.2
0	310.1
0	310.1
0	310.2
0	310.2
0	310.3
0	310.4
0	310.5
0	310.8
0	310.9
0	310.9
0	310.6
0	310.3
0	310.7
0	310.7
0	310.8
0	310.2
0	310.2
0	310.4
0	310.5
0	310.4
0	310.6
0	310.4
0	310.4
0	310.7
0	310.7
0	310.5
0	310.5
0	310.3
0	310.4
0	310.7
0	310.9
0	310.9
0	310.9
0	311.4
0	311.7
0	312
0	311.7
0	311.9
0	311.9
0	311.8
0	311.9
0	312.1
0	312.1
0	312.3
0	312.2
0	312.5
0	313
0	313.4
0	313.2
0	313.1
0	313
0	313
0	312.7
0	312.8
0	312.9
0	312.5
0	312.5
0	312.4
0	312.3
0	312
0	312.1
0	312.5
0	312.3
0	312.4
0	312.5
0	312.4
0	312.5
0	312.6
0	312.9
0	312.9
0	312.6
0	312.9
0	313
0	312.6
0	312.7
0	312.7
0	313
0	312.7
0	312.8
0	312.7
0	312.7
0	312.7
0	313
0	312.9
0	312.6
0	312.9
0	313
0	313
0	313.1
0	312.9
0	312.9
0	312.8
0	313
0	312.9
0	313.1
0	312.9
0	313
0	313
0	312.9
0	312.9
0	312.7
0	312.7
0	312.5
0	312.4
0	312.3
0	312.3
0	312.4
0	312.2
0	312.1
0	311.8
0	311.8
0	311.8
0	312.1
0	311.8
0	312.2
0	312.2
0	312.3
0	312.2
0	312
0	312
0	312.5
0	314.2
0	314.5
0	314.7
0	314.1
0	314.1
0	314
0	314
0	313.9
0	314.1
0	314.1
0	313.7
0	313.8
0	313.9
0	313.7
0	313.6
0	313.3
0	313
0	313.1
0	313.4
0	313.4
0	313.4
0	314.4
0	314.5
0	315
0	315.5
0	317.2
0	317.5
0	318.1
0	318.5
0	318.2
0	317.8
0	318.1
0	318.8
0	318.8
0	319.2
0	320.3
0	322.1
0	323.2
0	323.1
0	321.7
0	321.4
0	321.5
0	325.4
0	325.7
0	327.4
0	327
0	327.1
0	326.2
0	327.3
0	327.2
0	326.8
0	326.3
0	326.7
0	327.6
0	329.6
0	329.1
0	332.4
0	331.8
0	332
0	332
0	331.5
0	330.6
0	331.2
0	329.2
0	329.8
0	329.7
0	329.4
0	329.6
0	329.9
0	329.9
0	330.3
0	330.2
0	330.3
0	330
0	329.8
0	329.3
0	329.4
0	329.6
0	328.4
0	329.1
0	329.1
0	329.1
0	329.6
0	329.7
0	330.5
0	330.6
0	331.1
0	329.5
0	329.8
0	329.5
0	329.5
0	329.1
0	329
0	329
0	328.5
0	327.7
0	325.7
0	325.3
0	326
0	326
0	326.7
0	326.5
0	326
0	326
0	326
0	325.9
0	326.6
0	325.3
0	325
0	325.1
0	324.8
0	324.5
0	325.1
0	325
0	324.8
0	324.5
0	324.6
0	324.5
0	324.7
0	324.6
0	324.3
0	323.8
0	323
0	322.6
0	322.3
0	323
0	323.3
0	323.1
0	322.4
0	321.9
0	321.8
0	320.5
0	320.7
0	319.6
0	318.6
0	317.8
0	317.5
0	317.1
0	317.4
0	317.2
0	317.3
1	317.6
1	318.3
1	318.6
1	318.9
1	318.9
1	318.7
1	318.3
1	318.5
1	318.1
1	318
1	318.6
1	318.8
1	319.1
1	319.5
1	319.3
1	319.1
1	319
1	318.7
1	318.9
1	318.3
1	318.3
1	318.5
1	318.3
1	318.7
1	318.7
1	318.9
1	318.9
1	319
1	318.8
1	318.2
1	317.9
1	318.1
1	318.2
1	318.1
1	320.4
1	319.5
1	320.5
1	320.6
1	319.9
1	319.3
1	320.2
1	321.1
1	320.9
1	320.6
1	318.7
1	319.1
1	319.4
1	319.4
1	319.6
1	319.6
1	319.1
1	319.1
1	319.8
1	320
1	320.1
1	320
1	320.2
1	319.5
1	319.1
1	318.8
1	318.3
1	318.1
1	318.6
1	318.8
1	319.3
1	319.3
1	319.1
1	319.3
1	319.5
1	319.7
1	320.1
1	319.9
1	319.7
1	319.8
1	319.9
1	319.4
1	320.1
1	320.3
1	319.9
1	319.9
1	320.2
1	319.6
1	320.1
1	319.6
1	319.1
1	318.9
1	319.1
1	319.4
1	319
1	319.2
1	319.7
1	319.7
1	319.9
1	320
1	320.1
1	319.7
1	319.9
1	319.8
1	319.4
1	319.5
1	319.1
1	318.7
1	318.6
1	318.6
1	318.7
1	318.6
1	318.2
1	317.9
1	318.3
1	318.7
1	318.9
1	319.3
1	319.5
1	319.7
1	320.5
1	321.7
1	323
1	323
1	322.3
1	322.4
1	322
1	322.8
1	323.3
1	324
1	323.9
1	324.6
1	324.1
1	323.7
1	324.1
1	323.9
1	324.1
1	324.8
1	323.4
1	323.2
1	322
1	322.3
1	322.8
1	323
1	323.2
1	323.8
1	323.4
1	323.7
1	323.3
1	323.5
1	323.1
1	323.3
1	323.2
1	323.5
1	324.4
1	324.2
1	324.2
1	324.2
1	324.5
1	324.1
1	324
1	324.1
1	324.2
1	323.9
1	324.2
1	324.5
1	323.8
1	323.9
1	323.9
1	323.7
1	324
1	324.2
1	324.5
1	324.6
1	324.7
1	324.7
1	324.5
1	324.3
1	324.1
1	324.1
1	324.5
1	324.7
1	324.3
1	324.5
1	328.3
1	328.8
1	330.8
1	330.4
1	331.6
1	330.7
1	330.8
1	331.7
1	331.1
1	329
1	329
1	330.1
1	330.8
1	331.4
1	332.3
1	332.9
1	333.8
1	334.3
1	334.1
1	334.1
1	334.1
1	334.7
-1	334.6
-1	335.3
-1	334.2
-1	334.1
-1	333.3
-1	334.4
-1	335
-1	333.9
-1	333.1
-1	332.3
-1	332.7
-1	333
-1	332.3
-1	332.6
-1	333
-1	332.6
-1	332.6
-1	332.9
-1	332.6
-1	332.3
-1	332.5
-1	332.5
-1	333
-1	333.3
-1	333.8
-1	334
-1	334.1
-1	331.7
-1	332.6
-1	332.6
-1	332.7
-1	330.5
-1	330.5
-1	328.9
-1	329.1
-1	329.2
-1	327.3
-1	326.5
1	326.5
1	325.8
1	325.6
1	324.8
1	324
1	324.9
1	326.2
1	327.4
1	327
1	327.3
1	328.3
1	328.6
1	327.7
1	327.2
1	327.1
1	328.1
1	328.8
1	329
1	328.8
1	329.5
1	329.8
1	329.1
1	328.8
1	328.5
1	328.5
1	328.7
1	328.8
1	329.1
1	329.5
1	329.5
1	329.4
1	329.2
1	328.4
1	328.9
1	328.1
1	329.2
1	328.2
1	328.2
1	327.7
1	326.9
1	327.9
1	327.9
1	328.3
1	328.3
1	328.5
1	328.7
1	328.9
1	328.9
1	328.7
1	328.8
1	328.5
1	328.2
1	328.4
1	328.9
1	329.6
1	329.9
1	329.9
1	329.5
1	328.7
1	328.7
1	328.9
1	329.2
1	329.3
1	329.2
1	330.1
1	330.6
1	330.7
1	330.9
1	331.3
1	331
1	331.9
1	331.9
1	332.8
1	333.9
1	334.3
1	333.6
1	332.7
1	333.7
1	333.6
1	333
1	333.1
1	333.5
1	333.5
1	332.7
1	332.7
1	333
1	334
1	332.8
1	332.3
1	331.8
1	332.6
1	333.7
1	334.8
1	334.4
1	334.7
1	335
1	335
1	334.2
1	333.2
1	332.6
1	333.2
1	333.4
1	333
1	333
1	332.2
1	332.3
1	332
1	332.2
1	332.7
1	332.5
1	332.2
1	331.8
1	331.6
1	332.5
1	332.7
1	332.9
1	332.8
1	332
1	331.9
1	332.6
1	332.6
1	332.2
1	333.1
1	333.5
1	333.8
1	333.8
1	334.5
1	334
1	333.2
1	333
1	333.1
1	333.4
1	333.3
1	332.4
1	331
1	331.2
1	331.6
1	332.2
1	332.3
1	332.2
1	332.6
1	332.4
1	332.5
1	331.9
1	331.9
1	332.1
1	332
1	332.2
1	332.6
1	333.1
1	333.3
1	333.1
1	333.5
1	333.5
1	333.3
1	333.3
1	333.2
1	333
1	333.2
1	333.8
1	333.7
1	333.7
1	333.6
1	333.3
1	333.7
1	334.3
1	333.7
1	333.8
1	333.7
1	332.9
1	333.2
1	333.2
1	333.8
1	334.4
1	335.1
1	334.2
1	334.1
1	334.5
1	335.9
1	338
1	338.7
1	339.5
1	342.4
1	343.1
1	342.6
1	341.9
1	342.5
1	343.2
1	346.3
1	346.5
1	345.7
1	345
1	344.6
1	345.8
1	345.3
1	346.2
1	347
1	346
1	346.8
1	349.5
1	348
1	348.6
1	348.1
1	348.4
1	347.9
1	349.6
1	349
1	348.7
1	348.1
1	347.6
1	348.5
1	349.1
1	349.1
1	348.4
1	348.2
1	349
1	349.3
1	349.1
1	349.7
-1	349.6
-1	349.7
-1	349.7
-1	349.6
-1	348.5
-1	347.8
-1	347.7
-1	347.9
-1	346.1
-1	344.1
-1	343.3
1	344.7
1	345.7
1	346
1	345.1
1	346.2
1	348.9
1	349.8
-1	349.4
-1	348.8
-1	348.5
-1	348.4
-1	348.7
-1	348.3
-1	346.9
-1	347.3
-1	347.1
-1	346.8
-1	346.1
-1	346.3
-1	347.6
-1	347.6
-1	348.4
-1	347.8
-1	346.5
-1	347.8
-1	346.5
-1	345.1
-1	344.7
-1	344.2
-1	344.9
-1	345.4
-1	345.2
-1	344.8
-1	343.5
-1	342.9
-1	342.7
-1	342.4
-1	341.5
-1	342.2
-1	342.8
-1	342.4
-1	341.1
-1	340.5
-1	342
-1	342.3
-1	342.2
-1	342.2
-1	342.6
-1	341.6
-1	341
-1	341.9
-1	342.1
-1	342.2
-1	341.2
-1	339.2
-1	339.9
-1	340.5
-1	339.4
-1	338
-1	338.9
-1	339.4
-1	339.3
-1	339.6
-1	339.9
-1	340
-1	340.1
-1	340.3
-1	340.3
-1	340.6
-1	341.2
-1	341.5
-1	341.5
-1	342
-1	342.6
-1	341.8
-1	341.8
-1	342.3
-1	341.7
-1	341.7
-1	341.3
-1	341.1
-1	340.1
-1	340.1
-1	339.6
-1	340.1
-1	340.6
-1	340.8
-1	340.7
-1	340.5
-1	340.1
-1	339.6
-1	340
-1	340.4
-1	339.8
-1	339.8
-1	339.2
-1	337.8
-1	337.8
-1	339.3
-1	339.7
-1	339.6
-1	339.7
-1	340.6
-1	340.3
-1	340.1
-1	339.9
-1	340.5
-1	339.9
-1	339.7
-1	340.1
-1	340.7
-1	340.9
-1	342.1
-1	344.5
-1	343.9
-1	344.2
-1	344.6
-1	345.7
-1	345.1
-1	345.7
-1	345.2
-1	345.4
-1	344.5
-1	344.4
-1	344.3
-1	343.7
-1	343.2
-1	343.4
-1	342.9
-1	343.3
-1	344
-1	344.2
-1	343.7
-1	344.3
-1	343.9
-1	343.6
-1	343.8
-1	343.9
-1	346.3
-1	346
-1	345.2
-1	344.9
-1	344
-1	344.2
-1	344.4
-1	344.6
-1	344.9
-1	344.6
-1	343.9
-1	342.4
-1	343.4
-1	343.2
-1	342.7
-1	342.9
-1	342.7
-1	342.6
-1	343
-1	342.4
-1	342.6
-1	342.8
-1	342.7
-1	342.3
-1	341.5
-1	340.7
-1	340.7
-1	342.2
-1	342
-1	341.5
-1	341.2
-1	341.1
-1	341.5
-1	341.4
-1	341.8
-1	342.4
-1	342.6
-1	342.8
-1	342.3
-1	342.1
-1	341.8
-1	342.4
-1	342.3
-1	342
-1	342.1
-1	342.9
-1	342.7
-1	342.9
-1	343.5
-1	343.1
-1	342.9
-1	343.1
-1	343.4
-1	343
-1	343.4
-1	343.5
-1	342.2
-1	341.9
-1	341.9
-1	342.1
-1	342
-1	341.6
-1	341.4
-1	342.1
-1	341.3
-1	341.4
-1	340.9
-1	340.3
-1	340.6
-1	340.3
-1	340.6
-1	340.8
-1	340.7
-1	341.4
-1	340.9
-1	339.3
-1	338.1
-1	336.1
-1	336.5
-1	337.5
-1	337.3
-1	336.8
-1	331.5
-1	327.3
-1	326.6
-1	327.7
-1	328.6
-1	328.4
-1	328.6
-1	328.4
-1	328.3
-1	328
-1	327.2
-1	327.6
-1	327.5
-1	326.3
-1	326.9
-1	326.9
-1	326.1
-1	326.1
-1	326.2
-1	326.3
-1	326.3
-1	327
-1	326.8
-1	327.4
-1	329.2
-1	328.8
-1	329.6
-1	328.8
-1	328.6
-1	328.8
-1	327.6
-1	326.7
-1	327.6
-1	327.5
-1	327.5
-1	327.6
-1	327
-1	326.1
-1	325.4
-1	326.4
-1	326.9
-1	326
-1	325.2
-1	325.7
-1	325.6
-1	325.6
-1	325.4
-1	325.2
-1	325.4
-1	324.7
-1	325.1
-1	325.5
-1	324.6
-1	322.8
-1	322.9
-1	324.7
-1	324.8
-1	323.9
-1	324.6
-1	324.7
-1	323.1
-1	321.1
-1	322
-1	322.4
-1	322.7
-1	324.3
-1	325
-1	324.9
-1	324.4
-1	324.7
-1	325.4
-1	324.9
-1	324.1
-1	324.1
-1	323.5
-1	322.9
-1	323.1
-1	323.9
-1	323.9
-1	324.1
-1	324.5
-1	325
-1	325.3
-1	324.9
-1	325.3
-1	324.9
-1	324.5
-1	325
-1	325.7
-1	326.2
-1	325.9
-1	325.8
-1	325.1
-1	325
-1	325.1
-1	324.7
-1	325.7
-1	325.8
-1	325.3
-1	325.2
-1	325.6
-1	326.1
-1	326.3
-1	326
-1	325.8
-1	325.3
-1	325.3
-1	325.3
-1	324.7
-1	324.6
-1	324.4
-1	323.4
-1	324.4
-1	325.1
-1	325.7
-1	326.5
-1	326.5
-1	325.9
-1	325.7
-1	326.1
-1	326.2
-1	325.9
-1	325.6
-1	325.4
-1	325.2
-1	325
-1	324
-1	323
-1	321
-1	321.7
-1	321.9
-1	318.4
1	318.4
1	319.7
1	318.9
1	317.9
1	318.4
1	316.4
1	316.4
1	317.2
1	316.4
1	315.8
1	317.3
1	317
1	316.6
1	317.7
1	318.2
1	317.8
1	317.8
1	317.8
1	317.8
1	318.1
1	319.1
1	318.7
1	317.8
1	317.3
1	317.9
1	317.2
1	317.5
1	318.1
1	318.9
1	317.8
1	318.9
1	319.2
1	318.6
1	318.4
1	318.2
1	318.4
1	318.6
1	318.2
1	318.3
1	319
1	319.4
1	319.6
1	319.4
1	319.6
1	319.9
1	320
1	319
1	318.7
1	318.8
1	318.6
1	318.3
1	317.6
1	317.7
1	318.3
1	317
1	316.3
1	317.3
1	316.6
1	318.7
1	329.7
-1	329.4
-1	330.4
-1	328.7
-1	328.1
-1	327.5
-1	327.6
-1	328.2
-1	328.9
-1	329.6
-1	330.1
-1	330
-1	329.8
-1	327.9
-1	327.2
-1	326
-1	326.8
-1	326.6
-1	327.4
-1	327.2
-1	327.6
-1	327.7
-1	327.9
-1	328.7
-1	326.4
-1	327.2
-1	327.4
-1	326.7
-1	327.2
-1	327.3
-1	327.5
-1	327.6
-1	327.6
-1	326.6
-1	325.8
-1	326.4
-1	326.6
-1	326.4
-1	324.5
-1	325.2
-1	325
-1	325.7
-1	326.6
-1	325.4
-1	325.4
-1	321
-1	319.3
-1	319.5
-1	318.1
1	318.4
1	319.5
1	319
1	318.9
1	319.9
1	320.8
1	320.6
1	319.6
1	320.6
1	320.1
1	319.6
1	320.6
1	321.7
1	322.1
1	321.6
1	321.2
1	322.5
1	321.8
1	320.9
1	321
1	320.2
1	320.6
1	321.2
1	321
1	321.2
1	320.7
1	320.5
1	321
1	321.2
1	322
1	322.2
1	322.7
1	322.9
1	323.3
1	323.5
1	323.5
1	323.2
1	323.5
1	323.6
1	323.7
1	323.3
1	322.7
1	323.1
1	323
1	322.8
1	323
1	322.6
1	322.3
1	322.6
1	322.7
1	323
1	322.6
1	323
1	323.2
1	323.5
1	323.5
1	323.8
1	323.6
1	324.1
1	324.7
1	325.9
1	325.3
1	325.5
1	325.9
1	326.8
1	327.3
1	327.5
1	328.1
1	328.3
1	327.6
1	327
1	327.4
1	327.9
1	328.8
1	329.5
1	329.6
1	328.8
1	329.1
1	328
1	327.9
1	329.7
1	329.5
1	330
1	330
1	330.5
1	330.6
1	330.8
1	330.6
1	330.6
1	330.5
1	330.2
1	330.4
1	330.8
1	330.4
1	329.7
1	329.7
1	330.5
1	330.6
1	330.7
1	330.6
1	330.7
1	331.1
1	331.2
1	331.8
1	333
1	332.6
1	331.9
1	332.2
1	332.1
1	332
1	332.5
1	332.2
1	331.5
1	331.6
1	330.1
1	330.7
1	332
1	331.4
1	329.7
1	329.8
1	329.5
1	329.5
1	329.8
1	330
1	330.5
1	331
1	330.6
1	330.4
1	330
1	330.6
1	330.7
1	331.3
1	330.9
1	330.7
1	330.2
1	330.5
1	330.7
1	330.8
1	330.6
1	330.4
1	330
1	329.6
1	330.4
1	330.7
1	331.1
1	330.5
1	331.1
1	331.4
1	331.7
1	331.4
1	330.9
1	331.3
1	331.7
1	331.1
1	330.5
1	330.1
1	330.6
1	330.7
1	330.6
1	331.1
1	331.2
0	331
0	330.8
0	330.7
0	330.5
0	331.2
0	331.6
0	331.6
0	331.8
0	331.1
0	330.7
0	330.4
0	329.8
0	328.1
0	328.4
0	328.6
0	328.5
0	329.9
0	330.5
0	329.8
0	330.1
0	329.9
0	329.7
0	329.3
0	328.8
0	329
0	328.8
0	328.4
0	328
0	327.7
0	328.6
0	328.4
0	328.3
0	328.9
0	328.6
0	328.6
0	328.9
0	329.1
0	329
0	329.7
0	329
0	329.7
0	330.3
0	330.5
0	330.4
0	330.4
0	330.6
0	330.7
0	330.7
0	329.5
0	329.8
0	332.4
0	333.1
0	332.3
0	332.2
0	332
0	332.2
0	331.9
0	332.1
0	332
0	332
0	331.4
0	331.9
0	332
0	331.4
0	331.4
0	331.4
0	331.3
0	331.8
0	332.6
0	331.8
0	331.7
0	332.2
0	331
0	330.4
0	329.3
0	328.8
0	329.2
0	328.9
0	329.4
0	329.9
0	329.1
0	328.8
0	328.3
0	328.8
0	329.5
0	329.7
0	329.8
0	330.1
0	330.4
0	330.1
0	330.1
0	330.2
0	329.8
0	330.4
0	331.3
0	331.2
0	331.7
0	332.1
0	332.3
0	332.1
0	331.5
0	332.9
0	332.7
0	332.9
0	333
0	331.3
0	331.7
0	331.4
0	329.9
0	329.9
0	329.7
0	330.3
0	329.8
0	329.9
0	328.6
0	329.5
0	330
0	330.8
0	331.1
0	331.2
0	331.2
0	330.8
0	331.7
0	331.7
0	331.8
0	331.8
0	332
0	332.1
0	332.2
0	332
0	331.9
0	331.6
0	331.4
0	331.3
0	331.3
0	331.7
0	332.1
0	331.7
0	331.4
0	331.6
0	331.7
0	331.2
0	331.2
0	331.3
0	331.2
0	331.2
0	331.2
0	331.5
0	332.3
0	332
0	331.6
0	331.5
0	331.6
0	331.8
0	331.5
0	330.8
0	331.3
0	331.1
0	330.7
0	331.4
0	331.7
0	331.4
0	330.7
0	330.2
0	329.9
0	330.2
0	330.6
0	330.5
0	330.7
0	330.3
0	329.7
0	329.6
0	329.3
0	328.8
0	329.2
0	329.7
0	329.7
0	329.9
0	329.7
0	329.8
0	330
0	329.9
0	329.5
0	329.7
0	330.3
0	330.8
0	330.8
0	330.7
0	330.5
0	330.5
0	330.8
0	330.7
0	330.9
0	330.9
0	330.8
0	330.6
0	330.5
0	330.4
0	330
0	329.3
0	329.4
0	329.3
0	330.3
0	330.9
0	331.6
0	331.9
0	332.4
0	332.1
0	331.7
0	331.9
0	331.9
0	331.7
0	331.7
0	332.9
0	333
0	333
0	333
0	332.7
0	333
0	332.3
0	332.3
0	332.2
0	332.9
0	334.6
0	334.9
0	335
0	335.7
0	337.2
0	337.2
0	336.6
0	337.3
0	336.2
0	336.7
0	337.3
0	337.1
0	337.2
0	339.5
0	338.4
0	338.4
0	337.9
0	339.4
0	338.7
0	338.1
0	338
0	338.3
0	337.8
0	337.4
0	338.2
0	338.4
0	338.8
0	338.6
0	338.5
0	338.3
0	338.5
0	338.3
0	338.7
0	338.8
0	338.6
0	338.1
0	338.7
0	338.6
0	338.5
0	338.7
0	338.7
0	337.6
0	337.1
0	337.2
0	337
0	336.7
0	336.3
0	336.4
0	337.3
0	338.9
0	338.2
0	339
0	338.5
0	338.6
0	339.1
0	339
0	337.9
0	338.5
0	339.1
0	338.8
0	338.5
0	338.5
0	338.4
0	338.1
0	339
0	343.4
0	344.5
0	344.6
0	344.3
0	343.5
0	341.6
0	343.1
0	341.8
0	341.4
0	340.7
0	341.3
0	342
0	341.8
0	342.2
0	342.2
0	342.4
0	342.1
0	341.9
0	342.6
0	342.3
0	341.7
0	341.8
0	340.7
0	341.1
0	341.3
0	340.9
0	341.2
0	340.1
0	336
0	330.9
0	328.2
0	328
0	326.4
0	329.8
0	331.2
0	329.7
0	329.8
0	328.6
0	330.9
0	330.9
0	330.3
0	329.8
0	329.9
0	330.5
0	330.1
0	330.4
0	330.6
0	331.7
0	336.1
0	333.9
0	334.7
0	334.1
0	332.6
0	332.4
0	331.6
0	333.3
0	332.2
0	332.8
0	333
0	332.2
0	332.3
0	332.2
0	332
0	332.4
0	332.6
0	333.3
0	333.8
0	333.4
0	333.9
0	333.9
0	334.3
0	333.3
0	332.6
0	332.5
0	331.4
0	330.9
0	331.1
0	331.1
0	330.9
0	330.1
0	331.2
0	331.2
0	330.6
0	330.6
0	330.5
0	330.9
0	330.5
0	330.6
0	330.2
0	330.5
0	330.3
0	331
0	330.5
0	330.3
0	330.2
0	330.5
0	330.4
0	329.2
0	329.7
0	329.6
0	329.1
0	328.9
0	329.2
0	329.8
0	329.7
0	330.6
0	330.4
0	330.9
0	332.3
0	330.5
0	331.8
0	331.2
0	332
0	332
0	332.2
0	332.2
0	333.3
0	333.9
0	333.7
0	334
0	335
0	336
0	335.2
0	333.9
0	334.8
0	335.6
0	335
0	334.1
0	334.4
0	335.1
0	335
0	335.4
0	335.1
0	334
0	334.1
0	333.9
0	334
0	333.8
0	332.6
0	332.3
0	332.7
0	331.9
0	330.9
0	329.4
0	328.1
0	327.9
0	329
0	327.3
0	327.2
0	328.7
0	327.8
0	327.3
0	327.5
0	326.9
0	326.9
0	326.8
0	326
0	326.3
0	327
0	327.3
0	327.6
0	327.9
0	327.2
0	326.4
0	326.9
0	326.6
0	325.9
0	327.1
0	325.7
0	324.2
0	325.8
0	326.2
0	325.6
0	325.7
0	325.6
0	326.7
0	325
0	322.3
0	321.5
0	320.5
0	320.6
0	320.9
0	319.3
0	320.5
0	319.6
0	320.3
0	321.1
0	321.7
0	321.6
0	321.7
0	322.1
0	323.1
0	322.9
0	322.8
0	322.6
0	321.4
0	322.5
0	320.3
0	322.4
0	323.1
0	322.8
0	321.8
0	321.1
0	321.5
0	321.5
0	320.9
0	321.2
0	322.6
0	322.1
0	321.9
0	322.6
0	322.3
0	322.2
0	322.4
0	322.3
0	321.7
0	322.1
0	322.4
0	323
0	323.1
0	322.9
0	323.5
0	323.4
0	323.7
0	324
0	323.9
0	324.2
0	324.5
0	324.3
0	323.8
0	324
0	324.3
0	324.2
0	324.3
0	324
0	324.3
0	324.1
0	324.1
0	324.1
0	323.6
0	323.8
0	323.4
0	323.3
0	321.9
0	322
0	322.7
0	322.7
0	322.8
0	323.6
0	323.8
0	324
0	323.6
0	323.8
0	323.9
0	324
0	324
0	324.3
0	323.9
0	324.4
0	323.5
0	323.3
0	323
0	323.4
0	323.4
0	322.7
0	322.9
0	323
0	323.4
0	323.3
0	323.6
0	323.4
0	322.9
0	322.5
0	322.2
0	322.7
0	322.9
0	323.1
0	323
0	323.2
0	323.1
0	322.6
0	322.8
0	322.6
0	322.8
0	322.6
0	323
0	322.6
0	322.6
0	322.4
0	322.4
0	322.3
0	322.5
0	323.4
0	323.1
0	323.7
0	323.8
0	323.7
0	323.9
0	323.2
0	322.9
0	323.4
0	323
0	322.8
0	322.5
0	322.5
0	323
0	323.4
0	323.3
0	323.2
0	322.2
0	321.6
0	322.5
0	322.2
0	321.9
0	322
0	322
0	322.5
0	322.8
0	322.9
0	322.3
0	322.6
0	322
0	322.2
0	322.5
0	322.2
0	321.9
0	322
0	322
0	322.1
0	322.3
0	322.3
0	321.8
0	321.9
0	321.9
0	321.9
0	321.5
0	321.6
0	321.2
0	321
0	321.1
0	320.9
0	320.9
0	320.5
0	320.9
0	321
0	321.2
0	321.6
0	321.2
0	321.2
0	320.8
0	320.7
0	320.8
0	320.9
0	321.6
0	322
0	322
0	321.7
0	322.1
0	322.3
0	322
0	322
0	322.3
0	322.1
0	322.1
0	322
0	321.8
0	321.6
0	321.6
0	322
0	322.3
0	322
0	322
0	322
0	322.2
0	322.1
0	322.4
0	322.4
0	322.1
0	322.2
0	322.3
0	322.1
0	321.8
0	321.7
0	321.8
0	321.6
0	321.4
0	321.6
0	321.7
0	321.9
0	321.9
0	322.2
0	322.1
0	322.3
0	322.8
0	323.2
0	324
0	325
0	324.6
0	324.2
0	329.6
0	330.4
0	331
0	332.6
0	333.1
0	333.5
0	333.8
0	331.5
0	333.2
0	333.7
0	334.4
0	335.4
0	334.6
0	334.7
0	335.2
0	336
0	333.5
0	334.7
0	335.6
0	335.7
0	336.1
0	336.6
0	336.8
0	337.8
0	337
0	336.6
0	337.3
0	337.7
0	337.9
0	337
0	337
0	337.5
0	337.7
0	338.7
0	339.1
0	338.8
0	338.1
0	337.7
0	334.2
0	333.4
0	333.2
0	334.1
0	333.7
0	333.7
0	334.1
0	334.6
0	335.1
0	334.5
0	335.8
0	334.7
0	334.5
0	334.5
0	333.9
0	332.6
0	332.6
0	333.2
0	332.7
0	333
0	333.5
0	333.8
0	333.1
0	334
0	334.3
0	333.9
0	334.3
0	334.4
0	333.7
0	334
0	334.2
0	334.6
0	334.8
0	335.4
0	335.6
0	335.7
0	335.7
0	334.1
0	335.1
0	335.7
0	335.3
0	335
0	335.3
0	335.8
0	335.8
0	335.4
0	334.8
0	335
0	334.4
0	334.6
0	334.3
0	334
0	333.2
0	333.6
0	333.1
0	331.2
0	331.1
0	330.5
0	329.3
0	329.3
0	330.3
0	331
0	330.5
0	329.6
0	329.2
0	329.8
0	329.4
0	329.9
0	328.2
0	328.3
0	327.4
0	327.7
0	327
0	326.9
0	327.8
0	328.3
0	328.3
0	326.7
0	327.5
0	327.9
0	328.3
0	328.5
0	328.1
0	328.5
0	329.1
0	328.6
0	329
0	328.5
0	328.6
0	328.5
0	328
0	328.4
0	328.3
0	326.9
0	326.8
0	327.4
0	327.7
0	327.2
0	326.5
0	326.6
0	326.9
0	326.4
0	326.2
0	325.5
0	325.7
0	325.8
0	325.7
0	325
0	324.3
0	324.1
0	323.5
0	323.3
0	323.8
0	324.6
0	324.8
0	324
0	323.7
0	324
0	324.2
0	324.4
0	324
0	323.6
0	323.7
0	323.6
0	323.5
0	323.7
0	323.8
0	323.6
0	323.9
0	324.4
0	324.1
0	323.8
0	324.1
0	324.5
0	324.7
0	325
0	325
0	324.8
0	324.6
0	324.5
0	325.2
0	324.9
0	324.1
0	324.2
0	323.5
0	323.2
0	322.8
0	324.7
0	325.6
0	325
0	324.3
0	324.5
0	325.3
0	324.8
0	324.7
0	325.2
0	324.5
0	324.3
0	324.6
0	324.2
0	324.7
0	325.3
0	325.3
0	325.1
0	325.5
0	325.6
0	325.8
0	325.6
0	325.7
0	325.3
0	324.8
0	324.3
0	324.2
0	323.5
0	323.1
0	322.7
0	322.4
0	322.1
0	321.8
0	322
0	322.4
0	322.8
0	321.9
0	322.2
0	322.1
0	321.5
0	322.9
0	323.9
0	323.8
0	324.4
0	323.6
0	323.6
0	324.4
0	324.3
0	323.8
0	324.3
0	324.5
0	324.6
0	324
0	324.8
0	324.5
0	324.3
0	324
0	324
0	323.3
0	323.3
0	323.1
0	323.1
0	322.7
0	322.7
0	322.4
0	322.6
0	323.1
0	323.5
0	323.3
0	323.2
0	322.9
0	323
0	322.8
0	323.4
0	323.5
0	323.3
0	323
0	322.7
0	322.9
0	323.4
0	323.7
0	323.5
0	323.7
0	323.2
0	323.1
0	323.1
0	322.6
0	322
0	321.9
0	321.8
0	321.5
0	321.1
0	322.1
0	322.4
0	323
0	322.6
0	322.3
0	322.3
0	321.8
0	321.7
0	322.3
0	322.8
0	322.4
0	322.9
0	322.6
0	323.1
0	322.7
0	323.3
0	323
0	323.7
0	324.4
0	323.4
0	324.6
0	324.5
0	324.5
0	324.6
0	323.9
0	323.8
0	323.6
0	323.2
0	324.5
0	324.4
0	323
0	323.9
0	325
0	325.8
0	326.1
0	325.9
0	326.3
0	327.4
0	326.8
0	326.7
0	326.3
0	325.9
0	325.6
0	325.9
0	326
0	325.7
0	325.2
0	325.6
0	326.1
0	326
0	326.3
0	327
0	326.6
0	326
0	326
0	326.2
0	325.9
0	326.1
0	326
0	326.2
0	326.7
0	326.5
0	326.7
0	326.6
0	326.4
0	326.5
0	326.6
0	326.8
0	326.5
0	326.5
0	326.5
0	326.6
0	326
0	325.9
0	325.7
0	325.4
0	325.4
0	325.9
0	325.7
0	326
0	326
0	325.9
0	325.7
0	326
0	326.1
0	326.5
0	327.1
0	326.9
0	326.5
0	326.1
0	326.2
0	325.9
0	326.1
0	326.5
0	325.8
0	326.2
0	326.2
0	325.2
0	324.5
0	325
0	325
0	324.8
0	324.7
0	324.1
0	325.2
0	324.9
0	324.4
0	324.7
0	325.1
0	325.4
0	324.9
0	324.8
0	324.7
0	324.5
0	324.3
0	324.3
0	324.6
0	323.7
0	324
0	324.3
0	324
0	324.2
0	324.2
0	324.1
0	324
0	324
0	324
0	324.1
0	324.2
0	323.7
0	323.5
0	323.6
0	323.7
0	323.6
0	323.4
0	323.3
0	323.5
0	323.9
0	323.5
0	323.8
0	324
0	324.2
0	324.5
0	324.7
0	324.2
0	324.3
0	326.1
0	325.6
0	325.4
0	325.4
0	325.9
0	325.5
0	325.7
0	325.7
0	325.7
0	325.2
0	326.1
0	325.7
0	326
0	325.9
0	325.4
0	325.6
0	325.5
0	325
0	325
0	325.5
0	325.5
0	325
0	324.8
0	324.8
0	324.6
0	324.4
0	324.7
0	324.3
0	324.8
0	324.3
0	324.5
0	324.5
0	324.7
0	324.9
0	324.8
0	325.1
0	324.8
0	325
0	325.2
0	325.1
0	324.9
0	325.5
0	325.4
0	325.5
0	324.6
0	324.3
0	324.6
0	324.8
0	325.6
0	326
0	326.2
0	326.3
0	326.9
0	326.3
0	326.2
0	326.9
0	326.5
0	327
0	328.4
0	328
0	327.6
0	327.8
0	328.7
0	328.4
0	328.6
0	327.9
0	328.1
0	328.1
0	327.5
0	327.4
0	327.3
0	327
0	327.4
0	327.8
0	326.4
0	326.8
0	326.8
0	327
0	326.9
0	327
0	327.1
0	326.6
0	326.7
0	326.8
0	327
0	327.1
0	326.6
0	326.8
0	326.6
0	326.5
0	326.3
0	327
0	328
0	327.9
0	327.3
0	326.9
0	327.3
0	326.4
0	326
0	325.9
0	325.8
0	326
0	325.6
0	325.5
0	325.6
0	325.6
0	326
0	325.6
0	325.1
0	324.8
0	325.1
0	325.3
0	324.9
0	325.2
0	325.6
0	325.3
0	325.4
0	325.1
0	325
0	325.2
0	325.2
0	325.1
0	324.2
0	324.3
0	324.3
0	324.7
0	324.5
0	324.5
0	324.6
0	324.2
0	324.4
0	324
0	324.9
0	324.9
0	324.9
0	324.8
0	325.1
0	325.1
0	324.8
0	324.8
0	323.8
0	323.8
0	323.4
0	323.2
0	322.6
0	322.9
0	321.6
0	321
0	321.1
0	320.5
0	320.7
0	320.6
0	320.9
0	320.4
0	320.5
0	321.2
0	321.2
0	322
0	321.7
0	322.3
0	322
0	322.2
0	322.6
0	323.3
0	323.6
0	323.3
0	323.2
0	323.3
