0	0.898373
0	0.900135
0	0.899601
0	0.898669
0	0.899568
0	0.899593
0	0.900011
0	0.900265
0	0.899581
0	0.900915
0	0.904157
0	0.903891
0	0.901795
0	0.901723
0	0.902996
0	0.903084
0	0.902454
0	0.902326
0	0.901279
0	0.901454
0	0.903065
0	0.9027
0	0.90218
0	0.901954
0	0.898182
0	0.897402
0	0.89774
0	0.897873
0	0.896835
0	0.897934
0	0.896089
0	0.89671
0	0.897368
0	0.898184
0	0.898349
0	0.899416
0	0.899215
0	0.899336
0	0.899356
0	0.899405
0	0.898999
0	0.898339
0	0.898408
0	0.898155
0	0.897802
0	0.898215
0	0.898645
0	0.901457
0	0.900532
0	0.899815
0	0.901406
0	0.900381
0	0.900874
0	0.901267
0	0.90193
0	0.901582
0	0.900642
0	0.900258
0	0.900434
0	0.900837
0	0.900675
0	0.900537
0	0.900988
0	0.900916
0	0.900604
0	0.900579
0	0.900439
0	0.899738
0	0.899547
0	0.899505
0	0.899551
0	0.899922
0	0.899021
0	0.899204
0	0.898797
0	0.898036
0	0.898492
0	0.898508
0	0.898816
0	0.898383
0	0.897408
0	0.896715
0	0.897252
0	0.8982
0	0.899188
0	0.897928
0	0.896918
0	0.897648
0	0.897323
0	0.897069
0	0.896043
0	0.897549
0	0.896817
0	0.897295
0	0.89797
0	0.897673
0	0.89772
0	0.897627
0	0.896559
0	0.89569
0	0.895324
0	0.894265
0	0.894366
0	0.883503
0	0.890508
0	0.895021
0	0.894836
0	0.893946
0	0.891356
0	0.893283
0	0.891543
0	0.892082
0	0.894818
0	0.894656
0	0.89437
0	0.893809
0	0.892788
0	0.89039
0	0.889987
0	0.891298
0	0.890521
0	0.889594
0	0.886973
0	0.884821
0	0.883141
0	0.886377
0	0.884156
0	0.881565
0	0.882913
0	0.886147
0	0.884226
0	0.883139
0	0.886327
0	0.886672
0	0.886206
0	0.886166
0	0.887822
0	0.88972
0	0.889907
0	0.891816
0	0.890798
0	0.891093
0	0.891827
0	0.89089
0	0.890919
0	0.889722
0	0.888935
0	0.889839
0	0.889439
0	0.889762
0	0.889067
0	0.888606
0	0.886226
0	0.887473
0	0.888085
0	0.888458
0	0.886965
0	0.8871
0	0.887655
0	0.885566
0	0.883552
0	0.87914
0	0.880166
0	0.882943
0	0.882545
0	0.881951
0	0.882999
0	0.882241
0	0.881432
0	0.88205
0	0.88081
0	0.88034
0	0.882311
0	0.882495
0	0.881536
0	0.882321
0	0.881274
0	0.881737
0	0.882482
0	0.882082
0	0.883445
0	0.886804
0	0.886431
0	0.884781
0	0.885564
0	0.88505
0	0.884876
0	0.885243
0	0.88367
0	0.883347
0	0.882539
0	0.881537
0	0.882343
0	0.883214
0	0.881536
0	0.881612
0	0.88129
0	0.881001
0	0.880958
0	0.887873
0	0.88605
0	0.887897
0	0.887616
0	0.887312
0	0.885559
0	0.886022
0	0.887608
0	0.88588
0	0.885496
0	0.885262
0	0.883353
0	0.883268
0	0.880638
0	0.880801
0	0.882883
0	0.882478
0	0.882599
0	0.883448
0	0.881861
0	0.881284
0	0.882129
0	0.886075
0	0.886031
0	0.885118
0	0.884984
0	0.882382
0	0.882362
0	0.881662
0	0.881894
0	0.881148
0	0.87404
0	0.871147
0	0.869792
0	0.869917
0	0.870162
0	0.870507
0	0.872107
0	0.870947
0	0.870723
0	0.870887
0	0.871383
0	0.870572
0	0.870062
0	0.870664
0	0.873355
0	0.872083
0	0.872736
0	0.871794
0	0.87228
0	0.87338
0	0.872737
0	0.871864
0	0.87111
0	0.871384
0	0.871565
0	0.87221
0	0.871524
0	0.871518
0	0.871505
0	0.871602
0	0.871225
0	0.8713
0	0.87162
0	0.871135
0	0.87042
0	0.869565
0	0.869485
0	0.868106
0	0.867522
0	0.867839
0	0.869203
0	0.869419
0	0.868036
0	0.866486
0	0.867602
0	0.867972
0	0.867503
0	0.86593
0	0.867877
0	0.868027
0	0.867238
0	0.868342
0	0.868717
0	0.867866
0	0.867236
0	0.866578
0	0.86639
0	0.86582
0	0.865197
0	0.867717
0	0.870095
0	0.871969
0	0.871957
0	0.871091
0	0.870862
0	0.870921
0	0.871022
0	0.870386
0	0.867882
0	0.867819
0	0.866067
0	0.86311
0	0.861078
0	0.860867
0	0.862239
0	0.85971
0	0.860702
0	0.85874
0	0.854788
0	0.844868
0	0.842398
0	0.83982
0	0.838167
0	0.837605
0	0.836066
0	0.830647
0	0.827047
0	0.82474
0	0.806469
0	0.812897
0	0.816031
0	0.813576
0	0.810355
0	0.818943
0	0.815868
0	0.816275
0	0.815566
0	0.815975
0	0.815956
0	0.814996
0	0.816313
0	0.810199
0	0.807451
0	0.806984
0	0.806613
0	0.80206
0	0.801667
0	0.803482
0	0.806242
0	0.806821
0	0.803687
0	0.804595
0	0.803413
0	0.803855
0	0.805304
0	0.805772
0	0.803879
0	0.80191
0	0.799936
0	0.798184
0	0.796848
0	0.797233
0	0.79991
0	0.802231
0	0.801395
0	0.798633
0	0.799774
0	0.799083
0	0.796719
0	0.795756
0	0.799497
0	0.800881
0	0.799931
0	0.798178
0	0.798952
0	0.797163
0	0.800153
0	0.798104
0	0.798423
0	0.795815
0	0.795903
0	0.796507
0	0.794358
0	0.788827
0	0.786624
0	0.789658
0	0.787939
0	0.787529
0	0.792202
0	0.791427
0	0.796536
0	0.796469
0	0.799176
0	0.798803
0	0.799199
0	0.810153
0	0.809205
0	0.798772
0	0.803023
0	0.790953
0	0.794568
0	0.795987
0	0.796129
0	0.796706
0	0.801991
0	0.800426
0	0.807532
0	0.805569
0	0.802448
0	0.798185
0	0.798454
0	0.801144
0	0.799005
0	0.800351
0	0.798017
0	0.798213
0	0.795719
0	0.799265
0	0.798053
0	0.800054
0	0.802767
0	0.802742
0	0.802204
0	0.800028
0	0.800561
0	0.799568
0	0.798689
0	0.799099
0	0.804864
0	0.806692
0	0.805686
0	0.804076
0	0.80569
0	0.808128
0	0.80754
0	0.810031
0	0.807833
0	0.808839
0	0.812206
0	0.810969
0	0.810452
0	0.815081
0	0.815694
0	0.826007
0	0.825314
0	0.820547
0	0.819045
0	0.819596
0	0.821533
0	0.816367
0	0.816697
0	0.818073
0	0.817582
0	0.813616
0	0.815813
0	0.814149
0	0.81541
0	0.81717
0	0.818685
0	0.81689
0	0.817483
0	0.817165
0	0.814056
0	0.811481
0	0.813202
0	0.810803
0	0.809703
0	0.798899
0	0.795811
0	0.797483
0	0.800113
0	0.80974
0	0.804671
0	0.806805
0	0.803446
0	0.802347
0	0.805511
0	0.805038
0	0.806886
0	0.806073
0	0.803265
0	0.80341
0	0.804796
0	0.803368
0	0.805242
0	0.803971
0	0.805911
0	0.804248
0	0.803061
0	0.804777
0	0.806164
0	0.805936
0	0.804928
0	0.806217
0	0.807414
0	0.808589
0	0.806295
0	0.805588
0	0.805991
0	0.805737
0	0.804277
0	0.803209
0	0.802939
0	0.80416
0	0.805444
0	0.806033
0	0.807732
0	0.808662
0	0.811691
0	0.809744
0	0.812612
0	0.811732
0	0.810881
0	0.809247
0	0.810731
0	0.810013
0	0.81065
0	0.810664
0	0.812133
0	0.817553
0	0.815799
0	0.815348
0	0.81401
0	0.815746
0	0.81598
0	0.817488
0	0.817665
0	0.815055
0	0.815164
0	0.817015
0	0.818033
0	0.81783
0	0.820062
0	0.81602
0	0.817135
0	0.816799
0	0.819969
0	0.819472
0	0.820011
0	0.817076
0	0.818603
0	0.815889
0	0.81471
0	0.815916
0	0.816914
0	0.818123
0	0.816205
0	0.817322
0	0.816884
0	0.816427
0	0.815911
0	0.817456
0	0.817306
0	0.818381
0	0.817669
0	0.817165
0	0.816011
0	0.816196
0	0.816824
0	0.814998
0	0.815094
0	0.81544
0	0.81613
0	0.815057
0	0.815691
0	0.816579
0	0.816407
0	0.816204
0	0.816901
0	0.816587
0	0.817088
0	0.817843
0	0.817113
0	0.817677
0	0.817968
0	0.819082
0	0.818867
0	0.818931
0	0.8203
0	0.821085
0	0.819649
0	0.815907
0	0.81738
0	0.817659
0	0.817076
0	0.818342
0	0.818559
0	0.818658
0	0.817184
0	0.816569
0	0.816712
0	0.817328
0	0.815404
0	0.81767
0	0.816413
0	0.815127
0	0.816182
0	0.816488
0	0.816752
0	0.816465
0	0.817409
0	0.817586
0	0.827323
0	0.828477
0	0.833283
0	0.830607
0	0.83739
0	0.84928
0	0.844946
0	0.848909
0	0.836141
0	0.836492
0	0.833043
0	0.835957
0	0.841759
0	0.850128
0	0.852265
0	0.850135
0	0.849233
0	0.848693
0	0.852802
0	0.848413
0	0.874075
0	0.873546
0	0.87004
0	0.870367
0	0.876146
0	0.87755
0	0.881855
0	0.879034
0	0.8867
0	0.900816
0	0.899852
0	0.893807
0	0.895005
0	0.895179
0	0.893761
0	0.894115
0	0.889437
0	0.88978
0	0.889268
0	0.888902
0	0.890394
0	0.890816
0	0.891257
0	0.898716
0	0.895896
0	0.896203
0	0.894803
0	0.89535
0	0.89552
0	0.89693
0	0.897891
0	0.894853
0	0.895219
0	0.89583
0	0.897281
0	0.895383
0	0.896661
0	0.900086
0	0.900361
0	0.897927
0	0.89635
0	0.893632
0	0.889632
0	0.890577
0	0.883735
0	0.879924
0	0.880503
0	0.880383
0	0.881971
0	0.883827
0	0.886963
0	0.885852
0	0.884247
0	0.883373
0	0.886246
0	0.884297
0	0.886354
0	0.883022
0	0.887196
0	0.895296
0	0.899602
0	0.895804
0	0.9012
0	0.918806
0	0.936295
0	0.939052
0	0.941489
0	0.962758
0	0.978597
0	0.966864
0	0.961417
0	0.964451
0	0.961158
0	0.963848
0	0.960353
0	0.958526
0	0.961108
0	0.968091
0	0.966524
0	0.966672
0	0.968115
0	0.970264
0	0.972419
0	0.97401
0	0.968915
0	0.973365
0	0.973372
0	0.968474
0	0.967094
0	0.96958
0	0.967527
0	0.969989
0	0.965299
0	0.966278
0	0.965559
0	0.970125
0	0.970313
0	0.96963
0	0.970214
0	0.968735
0	0.96411
0	0.964886
0	0.9667
0	0.962592
0	0.967049
0	0.966812
0	0.968818
0	0.968031
0	0.97365
0	0.970562
0	0.978287
0	0.974932
0	0.973631
0	0.973045
0	0.973162
0	0.972407
0	0.975542
0	0.977622
0	0.977152
0	0.977165
0	0.978876
0	0.975322
0	0.97875
0	0.989523
0	0.976574
0	0.973931
0	0.974891
0	0.976042
0	0.977331
0	0.973694
0	0.975195
0	0.977707
0	0.971401
0	0.971315
0	0.972078
0	0.968407
0	0.97188
0	0.970754
0	0.970954
0	0.971435
0	0.969288
0	0.971255
0	0.973384
0	0.972512
0	0.976479
0	0.977832
0	0.984976
0	0.989103
0	0.987286
0	0.991161
0	0.991938
0	0.990332
0	0.987798
0	1.02059
0	1.03562
0	1.05148
0	1.03685
0	1.03825
0	1.03269
0	1.03536
0	1.04093
0	1.0362
0	1.03494
0	1.03679
0	1.03389
0	1.0365
0	1.03811
0	1.04206
0	1.03276
0	1.03466
0	1.03701
0	1.03617
0	1.03213
0	1.03124
0	1.02743
0	1.01467
0	1.02335
0	1.01878
0	1.00185
0	0.986459
0	0.981543
0	0.985308
0	1.00441
0	0.997838
0	0.997619
0	0.988899
0	0.985004
0	0.974275
0	0.97777
0	0.981783
0	0.983636
0	0.993004
0	0.985683
0	0.98765
0	0.990148
0	0.989642
0	0.988433
0	0.991914
0	0.989027
0	0.984972
0	0.97764
0	0.9821
0	0.991017
0	0.99715
0	0.999318
0	0.997062
0	0.998472
0	0.996296
0	0.995876
0	0.995755
0	0.99534
0	0.99502
0	0.989323
0	0.991548
0	0.990921
0	0.989559
0	0.992128
0	0.992852
0	0.994218
0	0.995988
0	0.995678
0	0.992144
0	0.990201
0	0.989558
0	0.991909
0	0.994856
0	0.993499
0	0.992309
0	0.992834
0	0.994797
0	0.997079
0	0.997314
0	0.994271
0	0.99368
0	0.992406
0	0.991687
0	0.98879
0	0.984532
0	0.982866
0	0.984264
0	0.980215
0	0.986565
0	0.983724
0	0.982082
0	0.973969
0	0.985724
0	0.992398
0	0.987909
0	0.988069
0	0.986877
0	0.994547
0	1.00325
0	1.00063
0	0.999535
0	0.9933
0	0.994665
0	0.990963
0	0.982418
0	0.990478
0	0.991216
0	0.987025
0	0.982782
0	0.981033
0	0.971152
0	0.974489
0	0.969034
0	0.966347
0	0.974316
0	0.975933
0	0.968846
0	0.97345
0	0.968587
0	0.978357
0	0.979486
0	0.978557
0	0.975139
0	0.980253
0	0.972193
0	0.976851
0	0.972047
0	0.975114
0	0.978113
0	0.974921
0	0.976617
0	0.974721
0	0.979897
0	0.97908
0	0.985634
0	0.980583
0	0.978203
0	0.976627
0	0.975741
0	0.976502
0	0.97404
0	0.973602
0	0.973187
0	0.97561
0	0.969616
0	0.970274
0	0.971894
0	0.972233
0	0.972716
0	0.975079
0	0.977375
0	0.978695
0	0.977809
0	0.976688
0	0.972289
0	0.974285
0	0.972737
0	0.972791
0	0.973706
0	0.973782
0	0.970583
0	0.97268
0	0.972879
0	0.977135
0	0.977144
0	0.975893
0	0.98053
0	0.979738
0	0.979722
0	0.984951
0	0.98598
0	0.987357
0	0.986079
0	0.986776
0	0.988098
0	0.985978
0	0.986705
0	0.985446
0	0.979549
0	0.981348
0	0.9933
0	0.988538
0	0.991857
0	0.993338
0	0.998372
0	0.999443
0	0.995662
0	0.996161
0	0.992573
0	0.995209
0	0.991329
0	0.997926
0	0.99156
0	0.991022
0	0.99274
0	0.988402
0	0.992485
0	0.995508
0	0.992431
0	0.995147
0	0.997029
0	0.996092
0	0.994856
0	0.995843
0	0.99767
0	0.997767
0	0.994802
0	0.993764
0	0.992432
0	0.993452
0	0.990886
0	0.990953
0	0.991892
0	0.989611
0	0.989159
0	0.991015
0	0.990229
0	0.993852
0	0.997048
0	1.00165
0	1.00194
0	1.00036
0	0.998228
0	0.999273
0	0.998805
0	0.990087
0	0.993181
0	0.99593
0	1.00503
0	0.998793
0	0.998221
0	0.998194
0	0.998566
0	1.0015
0	1.00132
0	1
0	1.00379
0	1.00219
0	1.00103
0	1.00001
0	0.998918
0	0.998958
0	1.00122
0	1.01672
0	1.01789
0	1.02896
0	1.03416
0	1.03548
0	1.02456
0	1.0255
0	1.03037
0	1.03167
0	1.02909
0	1.03358
0	1.03258
0	1.03401
0	1.03245
0	1.03119
0	1.03234
0	1.03111
0	1.02996
0	1.03294
0	1.03417
0	1.0367
0	1.04762
0	1.04803
0	1.04272
0	1.04003
0	1.04485
0	1.04467
0	1.04738
0	1.04361
0	1.04282
0	1.04219
0	1.04351
0	1.04613
0	1.04641
0	1.05196
0	1.05581
0	1.06231
0	1.06933
0	1.07066
0	1.06882
0	1.06869
0	1.07592
0	1.07916
0	1.06992
0	1.0669
0	1.06411
0	1.06766
0	1.06706
0	1.06619
0	1.06365
0	1.06053
0	1.06578
0	1.05851
0	1.04769
0	1.05367
0	1.05786
0	1.05524
0	1.05508
0	1.05922
0	1.06294
0	1.06144
0	1.0601
0	1.05812
0	1.06662
0	1.06342
0	1.06026
0	1.06188
0	1.05666
0	1.05712
0	1.06078
0	1.06709
0	1.07295
0	1.07531
0	1.07523
0	1.0758
0	1.07222
0	1.0725
0	1.06917
0	1.07318
0	1.0756
0	1.07583
0	1.08889
0	1.0862
0	1.08973
0	1.09784
0	1.10844
0	1.103
0	1.10383
0	1.09669
0	1.09317
0	1.09826
0	1.0943
0	1.09135
0	1.09926
0	1.10758
0	1.10225
0	1.09817
0	1.09518
0	1.09564
0	1.09727
0	1.09837
0	1.0997
0	1.09408
0	1.09208
0	1.09301
0	1.09552
0	1.09475
0	1.09165
0	1.09505
0	1.0969
0	1.0957
0	1.09546
0	1.0985
0	1.10117
0	1.10559
0	1.102
0	1.10136
0	1.10067
0	1.10268
0	1.10019
0	1.09909
0	1.09929
0	1.09685
0	1.08736
0	1.09227
0	1.09334
0	1.09114
0	1.0927
0	1.09293
0	1.09829
0	1.09839
0	1.09881
0	1.09694
0	1.09832
0	1.10107
0	1.09907
0	1.09876
0	1.0971
0	1.10018
0	1.09674
0	1.09959
0	1.10293
0	1.10259
0	1.10323
0	1.10001
0	1.09935
0	1.09905
0	1.10001
0	1.10405
0	1.10092
0	1.10349
0	1.09959
0	1.09494
0	1.08777
0	1.09149
0	1.09361
0	1.08763
0	1.09366
0	1.09621
0	1.09424
0	1.08622
0	1.09151
0	1.09473
0	1.09527
0	1.09502
0	1.0947
0	1.09524
0	1.09464
0	1.09755
0	1.09822
0	1.09564
0	1.0939
0	1.09449
0	1.09772
0	1.09517
0	1.09542
0	1.09465
0	1.0934
0	1.09003
0	1.09037
0	1.08899
0	1.08006
0	1.07883
0	1.08231
0	1.07708
0	1.07695
0	1.07871
0	1.08457
0	1.08163
0	1.08627
0	1.08553
0	1.0848
0	1.08623
0	1.08669
0	1.08662
0	1.08567
0	1.08793
0	1.08718
0	1.08707
0	1.08717
0	1.08632
0	1.0872
0	1.09039
0	1.09023
0	1.08757
0	1.0885
0	1.08811
0	1.0879
0	1.08854
0	1.08803
0	1.08483
0	1.08384
0	1.08152
0	1.08181
0	1.07981
0	1.07923
0	1.08045
0	1.08174
0	1.08141
0	1.07932
0	1.08392
0	1.08363
0	1.08172
0	1.08085
0	1.08004
0	1.08349
0	1.08415
0	1.0823
0	1.08557
0	1.08468
0	1.08454
0	1.08396
0	1.08426
0	1.08502
0	1.08887
0	1.09607
0	1.08998
0	1.0939
0	1.09232
0	1.08971
0	1.09091
0	1.08918
0	1.08957
0	1.09106
0	1.09589
0	1.09453
0	1.09556
0	1.10025
0	1.10196
0	1.10166
0	1.10433
0	1.10409
0	1.10679
0	1.1206
0	1.11944
0	1.12005
0	1.11821
0	1.12214
0	1.11842
0	1.1182
0	1.12177
0	1.12703
0	1.13468
0	1.13501
0	1.13189
0	1.13026
0	1.13277
0	1.12863
0	1.12141
0	1.11788
0	1.11807
0	1.12702
0	1.12681
0	1.12425
0	1.12154
0	1.12455
0	1.12365
0	1.12726
0	1.12703
0	1.12862
0	1.13178
0	1.12726
0	1.12142
0	1.12202
0	1.12196
0	1.11871
0	1.11551
0	1.11265
0	1.11272
0	1.11339
0	1.10951
0	1.11203
0	1.10792
0	1.09454
0	1.09985
0	1.10017
0	1.09358
0	1.0928
0	1.09321
0	1.09799
0	1.09904
0	1.09682
0	1.09994
0	1.10132
0	1.09975
0	1.09752
0	1.10326
0	1.10554
0	1.10416
0	1.1015
0	1.10762
0	1.11777
0	1.11652
0	1.12849
0	1.12985
0	1.1262
0	1.13052
0	1.13008
0	1.13509
0	1.13217
0	1.13104
0	1.12616
0	1.13045
0	1.12633
0	1.12733
0	1.12844
0	1.12657
0	1.12576
0	1.13275
0	1.12953
0	1.13008
0	1.12762
0	1.12991
0	1.12948
0	1.13153
0	1.12713
0	1.12586
0	1.11659
0	1.1154
0	1.11998
0	1.12221
0	1.12066
0	1.12475
0	1.12001
0	1.12365
0	1.11986
0	1.11026
0	1.10686
0	1.10819
0	1.10571
0	1.10462
0	1.10952
0	1.10927
0	1.11168
0	1.10755
0	1.11068
0	1.11635
0	1.12141
0	1.12171
0	1.11801
0	1.11128
0	1.11496
0	1.11389
0	1.11855
0	1.11886
0	1.11865
0	1.12255
0	1.12598
0	1.12598
0	1.12182
0	1.12235
0	1.11811
0	1.11903
0	1.12331
0	1.12059
0	1.11634
0	1.11493
0	1.10762
0	1.11116
0	1.11371
0	1.11554
0	1.115
0	1.1165
0	1.11215
0	1.11449
0	1.11808
0	1.11752
0	1.11494
0	1.11593
0	1.11662
0	1.11368
0	1.11386
0	1.11243
0	1.11375
0	1.11398
0	1.11684
0	1.11901
0	1.11836
0	1.11877
0	1.11872
0	1.11774
0	1.1142
0	1.11455
0	1.11099
0	1.11082
0	1.111
0	1.10796
0	1.09723
0	1.10267
0	1.10339
0	1.10267
0	1.10258
0	1.10353
0	1.10734
0	1.10834
0	1.10943
0	1.10847
0	1.1208
0	1.11967
0	1.12279
0	1.12429
0	1.12397
0	1.12099
0	1.11899
0	1.12071
0	1.12318
0	1.12412
0	1.12454
0	1.12101
0	1.12718
0	1.13008
0	1.12564
0	1.12415
0	1.11994
0	1.12403
0	1.11831
0	1.11673
0	1.12002
0	1.11802
0	1.12041
0	1.1199
0	1.12318
0	1.12415
0	1.12454
0	1.12712
0	1.13595
0	1.1363
0	1.13115
0	1.13128
0	1.12612
0	1.12206
0	1.12344
0	1.12763
0	1.12677
0	1.12767
0	1.1273
0	1.12867
0	1.13101
0	1.12759
0	1.12575
0	1.12811
0	1.12768
0	1.12561
0	1.12185
0	1.12301
0	1.12259
0	1.12242
0	1.12451
0	1.12348
0	1.12101
0	1.12376
0	1.12312
0	1.12719
0	1.12583
0	1.12674
0	1.12667
0	1.12563
0	1.1215
0	1.12367
0	1.12251
0	1.12502
0	1.12519
0	1.12599
0	1.12692
0	1.12649
0	1.12529
0	1.1245
0	1.12972
0	1.13068
0	1.12958
0	1.12869
0	1.12892
0	1.12873
0	1.12882
0	1.13038
0	1.13053
0	1.13272
0	1.13128
0	1.13059
0	1.13006
0	1.12928
0	1.12914
0	1.13073
0	1.13005
0	1.13071
0	1.12566
0	1.12667
0	1.12917
0	1.12935
0	1.12818
0	1.126
0	1.1256
0	1.12645
0	1.12606
0	1.12652
0	1.12647
0	1.12727
0	1.1274
0	1.12872
0	1.12872
0	1.1295
0	1.12816
0	1.12743
0	1.12981
0	1.13029
0	1.13064
0	1.13133
0	1.13151
0	1.13536
0	1.13422
0	1.13396
0	1.1363
0	1.13841
0	1.14053
0	1.1451
0	1.14656
0	1.15019
0	1.14676
0	1.14636
0	1.14364
0	1.14707
0	1.14918
0	1.14846
0	1.1443
0	1.13788
0	1.13802
0	1.14321
0	1.13688
0	1.14135
0	1.1309
0	1.12363
0	1.09906
0	1.1045
0	1.08808
0	1.06908
0	1.07921
0	1.08643
0	1.08753
0	1.0949
0	1.09886
0	1.09406
0	1.08762
0	1.08577
0	1.08711
0	1.08912
0	1.08544
0	1.09081
0	1.09282
0	1.09518
0	1.09257
0	1.09248
0	1.09412
0	1.09666
0	1.09738
0	1.09534
0	1.09262
0	1.09284
0	1.09117
0	1.08847
0	1.09197
0	1.09402
0	1.09357
0	1.0963
0	1.09603
0	1.09511
0	1.09678
0	1.09672
0	1.09845
0	1.09817
0	1.09584
0	1.09345
0	1.09524
0	1.0983
0	1.10536
0	1.10764
0	1.10692
0	1.10843
0	1.10888
0	1.10838
0	1.10698
0	1.10615
0	1.10762
0	1.10775
0	1.10753
0	1.10703
0	1.10807
0	1.10776
0	1.10719
0	1.10757
0	1.10647
0	1.10739
0	1.10746
0	1.10747
0	1.10793
0	1.10698
0	1.10242
0	1.10237
0	1.10246
0	1.10585
0	1.10706
0	1.10619
0	1.10279
0	1.10126
0	1.09925
0	1.09677
0	1.09722
0	1.09721
0	1.09926
0	1.09677
0	1.09886
0	1.12432
0	1.13643
0	1.1416
0	1.1431
0	1.1458
0	1.14075
0	1.14192
0	1.1389
0	1.14115
0	1.13623
0	1.13116
0	1.13454
0	1.13442
0	1.13676
0	1.13229
0	1.12692
0	1.11865
0	1.11981
0	1.11883
0	1.1282
0	1.13734
0	1.12962
0	1.12878
0	1.13127
0	1.13373
0	1.13259
0	1.12749
0	1.12843
0	1.12907
0	1.12799
0	1.12809
0	1.13173
0	1.13109
0	1.13613
0	1.13714
0	1.13429
0	1.13435
0	1.13511
0	1.13422
0	1.13466
0	1.13034
0	1.13077
0	1.13403
0	1.13518
0	1.13265
0	1.13478
0	1.13344
0	1.13151
0	1.12998
0	1.13015
0	1.13163
0	1.13118
0	1.13133
0	1.13169
0	1.13029
0	1.1293
0	1.12774
0	1.1307
0	1.13159
0	1.13325
0	1.13391
0	1.1338
0	1.13576
0	1.13368
0	1.13305
0	1.1316
0	1.1309
0	1.13349
0	1.13352
0	1.12998
0	1.12905
0	1.12497
0	1.12389
0	1.12363
0	1.13003
0	1.1264
0	1.12416
0	1.1221
0	1.12189
0	1.12338
0	1.1241
0	1.12439
0	1.12572
0	1.12572
0	1.12572
0	1.12572
0	1.12572
0	1.12572
0	1.12892
0	1.12635
0	1.12245
0	1.12207
0	1.11741
0	1.12136
0	1.1204
0	1.12323
0	1.12255
0	1.12009
0	1.11894
0	1.11575
0	1.11449
0	1.10979
0	1.10765
0	1.10687
0	1.10777
0	1.11193
0	1.11255
0	1.11209
0	1.11295
0	1.11631
0	1.1147
0	1.11536
0	1.11444
0	1.11055
0	1.10419
0	1.10586
0	1.09848
0	1.09011
0	1.09235
0	1.09585
0	1.09874
0	1.09906
0	1.09715
0	1.09437
0	1.09808
0	1.10079
0	1.0994
0	1.10064
0	1.10136
0	1.10246
0	1.10588
0	1.10472
0	1.10263
0	1.1031
0	1.10036
0	1.10241
0	1.10446
0	1.10787
0	1.10559
0	1.10646
0	1.10544
0	1.1069
0	1.10599
0	1.10574
0	1.10452
0	1.10663
0	1.10471
0	1.10388
0	1.10341
0	1.10322
0	1.10035
0	1.10081
0	1.10093
0	1.10175
0	1.10348
0	1.10229
0	1.10294
0	1.10421
0	1.10472
0	1.10188
0	1.10228
0	1.10003
0	1.09845
0	1.09936
0	1.0957
0	1.09923
0	1.09976
0	1.10174
0	1.09993
0	1.09852
0	1.10219
0	1.10154
0	1.10065
0	1.10166
0	1.10026
0	1.10075
0	1.10091
0	1.09889
0	1.09983
0	1.10053
0	1.09864
0	1.09956
0	1.10397
0	1.10515
0	1.10531
0	1.10643
0	1.10471
0	1.10355
0	1.1033
0	1.10481
0	1.1073
0	1.10837
0	1.10878
0	1.1105
0	1.1098
0	1.10764
0	1.1082
0	1.1012
0	1.10217
0	1.10173
0	1.10285
0	1.10255
0	1.10358
0	1.10018
0	1.09466
0	1.09264
0	1.09379
0	1.09002
0	1.09288
0	1.09577
0	1.09859
0	1.09664
0	1.09872
0	1.09846
0	1.09715
0	1.09892
0	1.10297
0	1.10154
0	1.10161
0	1.10035
0	1.10032
0	1.09982
0	1.10184
0	1.10098
0	1.10031
0	1.10001
0	1.10461
0	1.10372
0	1.10397
0	1.10519
0	1.10678
0	1.10621
0	1.10531
0	1.10552
0	1.10501
0	1.10606
0	1.10673
0	1.10465
0	1.10457
0	1.10364
0	1.10309
0	1.10336
0	1.10199
0	1.10313
0	1.1038
0	1.10197
0	1.10322
0	1.10426
0	1.10428
0	1.10257
0	1.10195
0	1.10233
0	1.10303
0	1.10322
0	1.10235
0	1.10266
0	1.10313
0	1.10322
0	1.10968
0	1.10885
0	1.1105
0	1.1104
0	1.10838
0	1.10995
0	1.10966
0	1.10869
0	1.10904
0	1.10962
0	1.11132
0	1.10904
0	1.11092
0	1.11713
0	1.11727
0	1.11662
0	1.11833
0	1.11929
0	1.11829
0	1.11835
0	1.1248
0	1.12852
0	1.125
0	1.12025
0	1.11475
0	1.1143
0	1.11553
0	1.11575
0	1.11287
0	1.11465
0	1.11481
0	1.11422
0	1.11433
0	1.11045
0	1.11311
0	1.11462
0	1.11633
0	1.11601
0	1.11759
0	1.11534
0	1.11509
0	1.11484
0	1.11515
0	1.11409
0	1.11468
0	1.11561
0	1.11761
0	1.11606
0	1.11276
0	1.11359
0	1.11409
0	1.11449
0	1.11353
0	1.11602
0	1.12213
0	1.12212
0	1.12244
0	1.12412
0	1.12469
0	1.12458
0	1.12292
0	1.12123
0	1.1198
0	1.12176
0	1.12122
0	1.12228
0	1.12043
0	1.11811
0	1.11763
0	1.11557
0	1.11727
0	1.11641
0	1.11653
0	1.11766
0	1.11793
0	1.11611
0	1.11818
0	1.11805
0	1.1197
0	1.11963
0	1.11802
0	1.11878
0	1.11609
0	1.11653
0	1.11557
0	1.11109
0	1.11252
0	1.11371
0	1.11297
0	1.11392
0	1.11455
0	1.11492
0	1.11552
0	1.11484
0	1.11411
0	1.11429
0	1.11503
0	1.11644
0	1.11545
0	1.11881
0	1.11908
0	1.11953
0	1.1187
0	1.11723
0	1.11813
0	1.11912
0	1.12007
0	1.12002
0	1.11788
0	1.11821
0	1.11886
0	1.11556
0	1.11362
0	1.11249
0	1.11206
0	1.11381
0	1.11382
0	1.1102
0	1.10564
0	1.09611
0	1.09821
0	1.08083
0	1.07119
0	1.08067
0	1.07973
0	1.07856
0	1.08917
0	1.0898
0	1.08821
0	1.08825
0	1.08727
0	1.08238
0	1.08341
0	1.08082
0	1.08482
0	1.08479
0	1.08656
0	1.08606
0	1.08489
0	1.08683
0	1.08277
0	1.08117
0	1.08022
0	1.08435
0	1.08178
0	1.08418
0	1.08726
0	1.08738
0	1.08664
0	1.08926
0	1.09023
0	1.08847
0	1.08687
0	1.08643
0	1.08751
0	1.08839
0	1.0868
0	1.08743
0	1.08632
0	1.08571
0	1.0848
0	1.08085
0	1.07833
0	1.08281
0	1.08636
0	1.08542
0	1.08466
0	1.08193
0	1.0828
0	1.08393
0	1.08288
0	1.08093
0	1.08061
0	1.08128
0	1.08198
0	1.08018
0	1.07929
0	1.081
0	1.08033
0	1.07903
0	1.07926
0	1.0814
0	1.08516
0	1.0858
0	1.0845
0	1.08525
0	1.08359
0	1.08362
0	1.08403
0	1.08093
0	1.08089
0	1.0813
0	1.08235
0	1.08297
0	1.08254
0	1.08174
0	1.08025
0	1.07741
0	1.07845
0	1.07315
0	1.07145
0	1.07203
0	1.07571
0	1.07869
0	1.07855
0	1.08472
0	1.08568
0	1.07728
0	1.07912
0	1.08174
0	1.07861
0	1.07891
0	1.07909
0	1.07769
0	1.08118
0	1.08275
0	1.08007
0	1.08013
0	1.08041
0	1.08218
0	1.08309
0	1.08236
0	1.0793
0	1.07871
0	1.07914
0	1.07769
0	1.07747
0	1.07807
0	1.07524
0	1.07693
0	1.07708
0	1.07851
0	1.08378
0	1.09622
0	1.09368
0	1.09326
0	1.09444
0	1.0995
0	1.09546
0	1.09648
0	1.09487
0	1.09473
0	1.09204
0	1.09298
0	1.09256
0	1.09006
0	1.09039
0	1.09098
0	1.08949
0	1.09117
0	1.09141
0	1.09347
0	1.09404
0	1.09289
0	1.09318
0	1.09473
0	1.09365
0	1.09319
0	1.09589
0	1.09845
0	1.09703
0	1.09548
0	1.09482
0	1.09685
0	1.09694
0	1.09825
0	1.09771
0	1.09783
0	1.09653
0	1.09715
0	1.0974
0	1.09856
0	1.10401
0	1.10519
0	1.10507
0	1.10583
0	1.10387
0	1.10423
0	1.10601
0	1.12218
0	1.12594
0	1.12461
0	1.12193
0	1.12473
0	1.12852
0	1.12599
0	1.13654
0	1.14124
0	1.1405
0	1.14283
0	1.14315
0	1.13956
0	1.13746
0	1.13533
0	1.13479
0	1.13814
0	1.13802
0	1.13783
0	1.13361
0	1.13603
0	1.13496
0	1.1367
0	1.13566
0	1.13654
0	1.13621
0	1.14022
0	1.1391
0	1.13712
0	1.13951
0	1.13958
0	1.14071
0	1.13702
0	1.137
0	1.13417
0	1.13603
0	1.13948
0	1.14005
0	1.14026
0	1.13721
0	1.13601
0	1.13493
0	1.12862
0	1.13391
0	1.13494
0	1.13016
0	1.13262
0	1.13286
0	1.13216
0	1.13431
0	1.13518
0	1.13705
0	1.13683
0	1.13622
0	1.13933
0	1.13773
0	1.14016
0	1.13761
0	1.13809
0	1.13755
0	1.14121
0	1.13715
0	1.13417
0	1.13627
0	1.13817
0	1.13754
0	1.13812
0	1.13946
0	1.13949
0	1.13734
0	1.13648
0	1.13718
0	1.13935
0	1.1389
0	1.13568
0	1.13472
0	1.13677
0	1.13499
0	1.13654
0	1.13958
0	1.15535
0	1.16716
0	1.16119
0	1.1381
0	1.1389
0	1.14215
0	1.14212
0	1.14438
0	1.14817
0	1.14708
0	1.14607
0	1.14423
0	1.1423
0	1.14623
0	1.14712
0	1.14801
0	1.14648
0	1.14693
0	1.14712
0	1.14647
0	1.14883
0	1.15022
0	1.15157
0	1.15146
0	1.15082
0	1.14641
0	1.14547
0	1.14379
0	1.14582
0	1.14605
0	1.1459
0	1.14747
0	1.14482
0	1.14584
0	1.14666
0	1.14589
0	1.14713
0	1.14972
0	1.14836
0	1.14707
0	1.14686
0	1.14936
0	1.14842
0	1.14734
0	1.14545
0	1.14433
-1	1.14327
-1	1.13308
-1	1.13855
-1	1.14015
-1	1.13969
-1	1.14005
-1	1.13671
-1	1.13619
-1	1.13455
-1	1.12988
-1	1.13157
-1	1.13345
-1	1.13242
-1	1.13128
-1	1.12652
-1	1.1177
-1	1.11607
-1	1.11387
-1	1.11784
-1	1.11754
-1	1.11865
-1	1.12051
-1	1.12411
-1	1.12218
-1	1.12195
-1	1.12089
-1	1.12172
-1	1.1265
-1	1.12851
-1	1.12736
-1	1.12609
-1	1.12339
1	1.12525
1	1.12653
1	1.12677
1	1.12355
1	1.11844
1	1.11986
1	1.12194
1	1.12386
1	1.12365
1	1.12295
1	1.12749
1	1.12764
1	1.1325
1	1.13385
1	1.1317
1	1.12923
1	1.12865
1	1.1259
1	1.12899
1	1.12922
1	1.12839
1	1.12857
1	1.13142
1	1.12932
1	1.12926
1	1.12694
1	1.129
1	1.12926
1	1.12971
1	1.12757
1	1.12813
1	1.12856
1	1.12389
1	1.12479
1	1.12518
1	1.12572
1	1.12571
1	1.11804
1	1.11463
1	1.10848
1	1.11202
1	1.11392
1	1.11254
1	1.11297
1	1.11438
1	1.11609
1	1.11596
1	1.11475
1	1.11529
1	1.11605
1	1.11963
1	1.1189
1	1.11825
1	1.11938
1	1.1177
1	1.1209
1	1.11962
1	1.11811
1	1.12012
1	1.12676
1	1.12693
1	1.13016
1	1.1337
1	1.14115
1	1.13737
1	1.13822
1	1.13886
1	1.14366
1	1.14343
1	1.14189
1	1.13819
1	1.13854
1	1.14235
1	1.14077
1	1.13875
1	1.13769
1	1.13978
1	1.13955
1	1.13812
1	1.13382
1	1.13592
1	1.13521
1	1.13633
1	1.138
1	1.13516
1	1.13614
1	1.13874
1	1.14018
1	1.14132
1	1.13901
1	1.13702
1	1.14024
1	1.13822
1	1.13814
1	1.1402
1	1.1426
1	1.14164
1	1.14193
1	1.14531
1	1.14523
1	1.14537
1	1.14361
1	1.14459
1	1.14136
1	1.14116
1	1.14255
1	1.1421
1	1.14014
1	1.14008
1	1.13986
1	1.14005
1	1.14144
1	1.14699
1	1.14946
1	1.14677
1	1.14301
1	1.1459
1	1.14539
1	1.14348
1	1.14368
1	1.1442
1	1.14519
1	1.14627
1	1.14618
1	1.14576
1	1.1451
1	1.14386
1	1.14481
1	1.1454
1	1.14355
1	1.1397
1	1.14175
1	1.14186
1	1.13854
1	1.13863
1	1.13889
1	1.13955
1	1.14007
1	1.14152
1	1.14176
1	1.14017
1	1.13948
1	1.13967
1	1.14086
1	1.13957
1	1.13836
1	1.13966
1	1.14019
1	1.14116
1	1.14019
1	1.13983
1	1.13924
1	1.13746
1	1.1381
1	1.13934
1	1.13874
1	1.13946
1	1.13905
1	1.13952
1	1.13899
1	1.13926
1	1.1384
1	1.13715
1	1.13664
1	1.13526
1	1.13551
1	1.13689
1	1.13721
1	1.13855
1	1.1402
-1	1.13942
-1	1.13814
-1	1.13558
-1	1.13736
-1	1.1371
-1	1.13776
-1	1.13744
-1	1.13762
-1	1.13632
-1	1.13673
-1	1.13761
-1	1.13743
-1	1.13755
-1	1.13728
-1	1.13782
-1	1.13858
-1	1.13951
-1	1.14268
-1	1.14042
-1	1.14192
-1	1.14166
-1	1.14176
-1	1.14166
-1	1.14223
-1	1.14312
-1	1.14288
-1	1.14327
-1	1.14374
-1	1.14261
-1	1.14092
-1	1.14066
-1	1.14142
-1	1.14112
-1	1.13949
-1	1.13719
-1	1.13795
-1	1.13895
-1	1.13913
-1	1.13808
-1	1.13913
-1	1.13937
-1	1.13891
-1	1.13879
-1	1.13914
-1	1.14244
-1	1.142
-1	1.14161
-1	1.14113
-1	1.14101
-1	1.13966
-1	1.13799
-1	1.1386
-1	1.13944
-1	1.14111
-1	1.14135
-1	1.13988
-1	1.13959
-1	1.14074
-1	1.14088
-1	1.14132
-1	1.14091
-1	1.13989
-1	1.1392
-1	1.13817
-1	1.13912
-1	1.13818
-1	1.1378
-1	1.13823
-1	1.13847
-1	1.13871
-1	1.13897
-1	1.1377
-1	1.13816
-1	1.13844
-1	1.13723
-1	1.13744
-1	1.1375
-1	1.1378
-1	1.13686
-1	1.13619
-1	1.13464
-1	1.13507
-1	1.13314
-1	1.12995
-1	1.13316
-1	1.13436
-1	1.13371
-1	1.13298
-1	1.13512
-1	1.13445
-1	1.13346
-1	1.12665
-1	1.12674
-1	1.12608
-1	1.12751
-1	1.12787
-1	1.12215
-1	1.12509
-1	1.1274
-1	1.1278
-1	1.12689
-1	1.13017
-1	1.1303
-1	1.13015
-1	1.12938
-1	1.12964
-1	1.1288
-1	1.12765
-1	1.12736
-1	1.12046
-1	1.12026
-1	1.12203
-1	1.12415
-1	1.12585
-1	1.12486
-1	1.12748
-1	1.12699
-1	1.12454
-1	1.1231
-1	1.11849
-1	1.12103
-1	1.12112
-1	1.12675
-1	1.1262
-1	1.12701
-1	1.12825
-1	1.1294
-1	1.12882
-1	1.1282
-1	1.12603
-1	1.1271
-1	1.12625
-1	1.12325
-1	1.11108
-1	1.11088
-1	1.11359
-1	1.11356
-1	1.1138
-1	1.11125
-1	1.1097
-1	1.11148
-1	1.11183
-1	1.11264
-1	1.11082
-1	1.11003
-1	1.1078
-1	1.11066
-1	1.1104
-1	1.11107
-1	1.1116
-1	1.10966
-1	1.10975
-1	1.11093
-1	1.11039
-1	1.11367
-1	1.11436
-1	1.11926
-1	1.11759
-1	1.12085
-1	1.12762
-1	1.13783
-1	1.13521
-1	1.13594
-1	1.13464
-1	1.13562
-1	1.13525
-1	1.13563
-1	1.13559
-1	1.13892
-1	1.13683
-1	1.13469
-1	1.13217
-1	1.13337
-1	1.13393
-1	1.13268
-1	1.13185
-1	1.1279
-1	1.12656
-1	1.12904
-1	1.12818
-1	1.13112
-1	1.1303
-1	1.13288
-1	1.13204
-1	1.13225
-1	1.12604
-1	1.12231
-1	1.12097
-1	1.12551
-1	1.12364
-1	1.12457
-1	1.12627
-1	1.12423
-1	1.12296
-1	1.11974
-1	1.12238
-1	1.12175
-1	1.12206
-1	1.12197
-1	1.12187
-1	1.12628
-1	1.12772
-1	1.1286
-1	1.12879
-1	1.12752
-1	1.1289
-1	1.12576
-1	1.111
-1	1.1128
-1	1.11427
-1	1.10578
-1	1.09954
-1	1.10347
-1	1.10533
-1	1.11107
-1	1.11283
-1	1.1185
-1	1.1169
-1	1.11449
-1	1.11778
-1	1.11761
-1	1.11666
-1	1.11449
-1	1.11295
-1	1.11282
-1	1.11155
1	1.11291
1	1.11114
1	1.11759
1	1.11553
1	1.11514
1	1.11618
1	1.1191
1	1.11921
1	1.11679
1	1.11762
1	1.11985
1	1.1177
1	1.1167
1	1.11769
1	1.11658
1	1.11372
1	1.11505
1	1.11637
1	1.11823
1	1.1185
1	1.1181
1	1.1177
1	1.11862
1	1.12368
1	1.12564
1	1.12674
1	1.12368
1	1.12117
1	1.12336
1	1.12251
1	1.1227
1	1.12606
1	1.12666
1	1.12401
1	1.12536
1	1.12892
1	1.13048
1	1.13129
1	1.13276
1	1.13094
1	1.13131
1	1.13588
1	1.13438
1	1.13235
1	1.13412
1	1.13206
1	1.13515
1	1.13266
1	1.13324
1	1.1343
1	1.1333
1	1.12972
1	1.12696
1	1.13008
1	1.12869
1	1.12949
1	1.12744
1	1.1258
1	1.12268
1	1.12451
1	1.12371
1	1.12252
1	1.12488
1	1.12718
1	1.12648
1	1.12611
1	1.12813
1	1.13072
1	1.13161
1	1.12926
1	1.12745
1	1.13002
1	1.1271
1	1.1275
1	1.12629
1	1.12875
1	1.1301
1	1.13021
1	1.12972
1	1.13262
1	1.13253
1	1.13186
1	1.13096
1	1.12995
1	1.13147
1	1.13272
1	1.13201
1	1.13094
1	1.13002
1	1.12997
1	1.12718
1	1.12705
1	1.12914
1	1.12785
1	1.1325
1	1.13961
1	1.14904
1	1.14755
1	1.14698
1	1.1461
1	1.14542
1	1.14798
1	1.14826
1	1.14506
1	1.14518
1	1.14175
1	1.14046
1	1.14255
1	1.14435
1	1.14291
1	1.14413
1	1.14348
1	1.14282
1	1.14401
1	1.14609
1	1.14458
1	1.14587
1	1.14523
1	1.1448
1	1.14282
1	1.14393
1	1.14309
1	1.14199
1	1.14299
1	1.14356
1	1.14114
1	1.14539
-1	1.14501
-1	1.14431
-1	1.14493
-1	1.14334
-1	1.14301
-1	1.1429
-1	1.14374
-1	1.1424
-1	1.14252
-1	1.14295
-1	1.14204
-1	1.14355
-1	1.14436
-1	1.14473
-1	1.14516
-1	1.14412
-1	1.14175
-1	1.14532
-1	1.14472
-1	1.14235
-1	1.13794
-1	1.13873
-1	1.12812
-1	1.12962
-1	1.12864
-1	1.12673
-1	1.12393
-1	1.12291
-1	1.12471
-1	1.12375
-1	1.11824
-1	1.11922
-1	1.12066
-1	1.12042
-1	1.12308
-1	1.12534
-1	1.12259
-1	1.12346
-1	1.12425
-1	1.12099
-1	1.12245
-1	1.12372
-1	1.12524
-1	1.13065
-1	1.13454
-1	1.13216
-1	1.13246
-1	1.13085
-1	1.13087
-1	1.12855
-1	1.13035
-1	1.1301
-1	1.12873
-1	1.12977
-1	1.1283
-1	1.12798
-1	1.13011
-1	1.12954
-1	1.12923
-1	1.1295
-1	1.12973
-1	1.12932
-1	1.1263
-1	1.12706
-1	1.12251
-1	1.12247
-1	1.12297
-1	1.12103
-1	1.12402
-1	1.12509
-1	1.12534
-1	1.1254
-1	1.12477
-1	1.1241
-1	1.12545
-1	1.12572
-1	1.12552
-1	1.12766
-1	1.12704
-1	1.12622
-1	1.12626
-1	1.12527
-1	1.12523
1	1.12537
1	1.12255
1	1.12398
1	1.12322
1	1.12407
1	1.12536
1	1.12507
1	1.12474
1	1.12371
1	1.1222
1	1.11894
1	1.1202
1	1.11898
1	1.12123
1	1.12065
1	1.12141
1	1.12289
1	1.12121
1	1.11866
1	1.11719
1	1.11832
1	1.11586
1	1.1165
1	1.11892
1	1.11861
1	1.11991
1	1.12032
1	1.11884
1	1.12241
-1	1.11897
-1	1.11865
-1	1.12012
-1	1.11984
-1	1.11638
-1	1.11815
-1	1.11988
-1	1.11996
-1	1.11926
-1	1.12062
-1	1.12442
-1	1.12547
-1	1.128
-1	1.12613
-1	1.12695
-1	1.12665
-1	1.12752
-1	1.12512
-1	1.12442
-1	1.12561
-1	1.12479
-1	1.12417
-1	1.12488
-1	1.12629
-1	1.12221
-1	1.12104
-1	1.12225
-1	1.12264
-1	1.12409
-1	1.12322
-1	1.12483
-1	1.12608
-1	1.12563
-1	1.12154
-1	1.12266
-1	1.12332
-1	1.12198
-1	1.12207
-1	1.11977
-1	1.11946
-1	1.12176
-1	1.12282
-1	1.12413
-1	1.12412
-1	1.12379
-1	1.12386
-1	1.12324
-1	1.12352
-1	1.1246
-1	1.12644
-1	1.12527
-1	1.12467
-1	1.12568
-1	1.12477
-1	1.12504
-1	1.123
-1	1.12203
-1	1.1232
-1	1.12301
-1	1.12206
-1	1.12442
-1	1.12406
-1	1.12367
-1	1.12463
-1	1.12498
-1	1.12338
-1	1.12267
-1	1.12188
-1	1.12098
-1	1.12171
-1	1.12038
-1	1.1204
-1	1.11929
-1	1.12091
-1	1.12033
-1	1.11958
-1	1.11689
-1	1.11609
-1	1.11736
-1	1.1196
-1	1.11788
-1	1.11516
-1	1.11686
-1	1.11596
-1	1.11807
-1	1.11728
-1	1.11721
-1	1.11954
-1	1.12045
-1	1.11984
-1	1.1182
-1	1.1187
-1	1.11736
-1	1.11613
-1	1.11809
-1	1.11908
-1	1.11946
-1	1.1182
-1	1.11858
-1	1.11657
-1	1.118
-1	1.11838
-1	1.11974
-1	1.12077
-1	1.11971
-1	1.11909
-1	1.11933
-1	1.11902
-1	1.11964
-1	1.12027
-1	1.11977
-1	1.11884
-1	1.11778
-1	1.11767
-1	1.11855
-1	1.11926
-1	1.11955
-1	1.11896
-1	1.1189
-1	1.1195
-1	1.11827
-1	1.11817
-1	1.11747
-1	1.11811
-1	1.11848
-1	1.1184
-1	1.11875
-1	1.11814
-1	1.11827
-1	1.11706
-1	1.11842
-1	1.11753
-1	1.1173
-1	1.11814
-1	1.11721
-1	1.11779
-1	1.1198
-1	1.12074
-1	1.11977
-1	1.11866
-1	1.11929
-1	1.11875
-1	1.11816
-1	1.11838
-1	1.1173
-1	1.11771
-1	1.11831
-1	1.11835
-1	1.11922
-1	1.11863
-1	1.11881
-1	1.11932
-1	1.11896
-1	1.12078
-1	1.12064
-1	1.12437
-1	1.12245
-1	1.12345
-1	1.12383
-1	1.12291
-1	1.12256
-1	1.12191
-1	1.12297
-1	1.12307
-1	1.12418
-1	1.12816
-1	1.12692
-1	1.12762
-1	1.12696
-1	1.12704
-1	1.12636
-1	1.12665
-1	1.12604
-1	1.12597
-1	1.1262
-1	1.12644
-1	1.12612
-1	1.12353
-1	1.1246
-1	1.12487
-1	1.12485
-1	1.12381
-1	1.12371
-1	1.1232
-1	1.12232
-1	1.12297
-1	1.12289
-1	1.12358
-1	1.12323
-1	1.12315
-1	1.12225
-1	1.12273
-1	1.12102
-1	1.12201
-1	1.12243
-1	1.12172
-1	1.12263
-1	1.12334
-1	1.12338
-1	1.1245
-1	1.12371
-1	1.12362
-1	1.12294
-1	1.12281
-1	1.12211
-1	1.1231
-1	1.12311
-1	1.12247
-1	1.12273
-1	1.12261
-1	1.12254
-1	1.12249
-1	1.12179
-1	1.11991
-1	1.12069
-1	1.12024
-1	1.11982
-1	1.11868
-1	1.12004
-1	1.11954
-1	1.11956
-1	1.11947
-1	1.12
-1	1.12066
-1	1.11996
-1	1.11897
-1	1.11977
-1	1.11951
-1	1.11928
-1	1.11969
-1	1.11961
0	1.11805
0	1.11912
0	1.12001
0	1.12129
0	1.12093
0	1.1202
0	1.12004
0	1.12068
0	1.12291
0	1.12387
0	1.12398
0	1.12452
0	1.12496
0	1.12467
0	1.12563
0	1.12494
0	1.12507
0	1.12476
0	1.12396
0	1.12361
0	1.12438
0	1.12439
0	1.12362
0	1.12342
0	1.12386
0	1.12384
0	1.12401
0	1.12468
0	1.12504
0	1.12418
0	1.12248
0	1.12064
0	1.12045
0	1.11925
0	1.1177
0	1.11719
0	1.11884
0	1.11799
0	1.11862
0	1.11883
0	1.11791
0	1.1174
0	1.11776
0	1.11895
0	1.11838
0	1.11927
0	1.11844
0	1.11861
0	1.11881
0	1.11833
0	1.11823
0	1.11784
0	1.11717
0	1.11937
0	1.11971
0	1.11951
0	1.12091
0	1.12076
0	1.11971
0	1.11908
0	1.11855
0	1.1187
0	1.11872
0	1.11922
0	1.11628
0	1.11704
0	1.11716
0	1.11806
0	1.118
0	1.119
0	1.11818
0	1.11906
0	1.11894
0	1.11935
0	1.11838
0	1.11851
0	1.11793
0	1.11757
0	1.11877
0	1.11995
0	1.11951
0	1.12022
0	1.12358
0	1.12592
0	1.13012
0	1.12649
0	1.12814
0	1.12719
0	1.12713
0	1.12735
0	1.1271
0	1.12951
0	1.13516
0	1.13553
0	1.14004
0	1.13892
0	1.13971
0	1.13747
0	1.1374
0	1.13694
0	1.13727
0	1.13457
0	1.13549
0	1.13712
0	1.13778
0	1.13854
0	1.13779
0	1.13565
0	1.13283
0	1.13415
0	1.1347
0	1.13465
0	1.13467
0	1.13557
0	1.13438
0	1.13399
0	1.13471
0	1.13487
0	1.13367
0	1.13439
0	1.13453
0	1.13421
0	1.13191
0	1.13128
0	1.13186
0	1.13408
0	1.13382
0	1.13404
0	1.13289
0	1.13335
0	1.13365
0	1.13403
0	1.13353
0	1.13351
0	1.13392
0	1.13613
0	1.13626
0	1.13559
0	1.13434
0	1.13488
0	1.13534
0	1.13511
0	1.13495
0	1.13512
0	1.13456
0	1.13514
0	1.13581
0	1.13649
0	1.13605
0	1.13467
0	1.13476
0	1.13378
0	1.1334
0	1.1346
0	1.13365
0	1.13379
0	1.13273
0	1.1318
0	1.13123
0	1.13258
0	1.13203
0	1.13485
0	1.13475
0	1.14036
0	1.13915
0	1.14246
0	1.14012
0	1.13886
0	1.14028
0	1.14491
0	1.16408
0	1.16797
0	1.16663
0	1.16736
0	1.16901
0	1.16807
0	1.16762
0	1.16958
0	1.17355
0	1.1696
0	1.1665
0	1.16785
0	1.16954
0	1.16746
0	1.167
0	1.16721
0	1.16721
0	1.16741
0	1.17155
0	1.17082
0	1.17151
0	1.18265
0	1.18543
0	1.18951
0	1.18641
0	1.19256
0	1.18969
0	1.18854
0	1.18815
0	1.1893
0	1.18968
0	1.19423
0	1.19984
0	1.19472
0	1.19566
0	1.199
0	1.2103
0	1.21365
0	1.21447
0	1.20582
0	1.20602
0	1.20275
0	1.2021
0	1.20424
0	1.20734
0	1.20649
0	1.20704
0	1.20559
0	1.20706
0	1.20701
0	1.20552
0	1.20258
0	1.19803
0	1.20376
0	1.20618
0	1.20552
0	1.20412
0	1.20705
0	1.20662
0	1.20775
0	1.20697
0	1.20603
0	1.2073
0	1.20619
0	1.20645
0	1.20489
0	1.20496
0	1.20329
0	1.20479
0	1.2041
0	1.20516
0	1.20717
0	1.2076
0	1.20687
0	1.20687
0	1.20574
0	1.2049
0	1.20807
0	1.20532
0	1.20746
0	1.20665
0	1.2066
0	1.20954
0	1.20759
0	1.21256
0	1.21152
0	1.21113
0	1.20342
0	1.20511
0	1.21115
0	1.20995
0	1.20942
0	1.21047
0	1.21068
0	1.21083
0	1.21022
0	1.20782
0	1.20731
0	1.2089
0	1.2092
0	1.21101
0	1.21104
0	1.20982
0	1.21036
0	1.21192
0	1.21311
0	1.21951
0	1.20988
0	1.2079
0	1.20709
0	1.2057
0	1.2079
0	1.20927
0	1.21112
0	1.20993
0	1.20793
0	1.21029
0	1.21053
0	1.20999
0	1.21102
0	1.21326
0	1.21191
0	1.21047
0	1.21225
0	1.21072
0	1.2132
0	1.21508
0	1.21435
0	1.2117
0	1.2122
0	1.21183
0	1.2097
0	1.20954
0	1.20452
0	1.20003
0	1.20042
0	1.19933
0	1.20068
0	1.20224
0	1.19972
0	1.19956
0	1.2003
0	1.20109
0	1.20093
0	1.20183
0	1.20078
0	1.19972
0	1.20022
0	1.19948
0	1.1979
0	1.19885
0	1.19937
0	1.2
0	1.20144
0	1.20433
0	1.20297
0	1.20217
0	1.20378
0	1.20205
0	1.20171
0	1.19928
0	1.19997
0	1.20213
0	1.20244
0	1.203
0	1.20236
0	1.20357
0	1.20279
0	1.20254
0	1.20231
0	1.20198
0	1.20123
0	1.20334
0	1.20163
0	1.20297
0	1.21447
0	1.20899
0	1.21195
0	1.20963
0	1.20729
0	1.20484
0	1.20816
0	1.2112
0	1.20692
0	1.20368
0	1.19482
0	1.1996
0	1.19954
0	1.20125
0	1.20146
0	1.20236
0	1.20003
0	1.20024
0	1.20232
0	1.20301
0	1.20429
0	1.20365
0	1.2043
0	1.20079
0	1.20041
0	1.19937
0	1.19751
0	1.19566
0	1.19769
0	1.19461
0	1.19629
0	1.1981
0	1.19823
0	1.20058
0	1.20019
0	1.20045
0	1.20072
0	1.20045
0	1.19969
0	1.20003
0	1.19894
0	1.19633
0	1.19788
0	1.19915
0	1.19774
0	1.1982
0	1.19957
0	1.20068
0	1.20336
0	1.20207
0	1.20232
0	1.20167
0	1.20458
0	1.2053
0	1.20384
0	1.20432
0	1.20861
0	1.20736
0	1.20628
0	1.20624
0	1.20561
0	1.20558
0	1.20556
0	1.20625
0	1.20492
0	1.20484
0	1.20435
0	1.20579
0	1.20605
0	1.2069
0	1.20588
0	1.20553
0	1.20477
0	1.20335
0	1.2051
0	1.20492
0	1.20509
0	1.20544
0	1.20443
0	1.20553
0	1.20687
0	1.21023
0	1.21444
0	1.21256
0	1.20979
0	1.2109
0	1.20939
0	1.2109
0	1.21069
0	1.21083
0	1.21031
0	1.21081
0	1.21043
0	1.20909
0	1.20977
0	1.20995
0	1.21117
0	1.2136
0	1.21243
0	1.21301
0	1.21104
0	1.20973
0	1.21142
0	1.21475
0	1.21803
0	1.22014
0	1.21632
0	1.21899
0	1.21845
0	1.22038
0	1.21694
0	1.21703
0	1.21549
0	1.21561
0	1.21784
0	1.21705
0	1.2172
0	1.21976
0	1.22213
0	1.21981
0	1.22027
0	1.22036
0	1.21822
0	1.21706
0	1.21645
0	1.21612
0	1.21193
0	1.21252
0	1.21251
0	1.21279
0	1.21421
0	1.21405
0	1.2154
0	1.21406
0	1.21659
0	1.21672
0	1.21592
0	1.21456
0	1.21428
0	1.21486
0	1.21578
0	1.21767
0	1.21717
0	1.21869
0	1.23182
0	1.23258
0	1.23529
0	1.23385
0	1.23528
0	1.23377
0	1.23508
0	1.23227
0	1.22893
0	1.22657
0	1.22754
0	1.22972
0	1.23027
0	1.23038
0	1.23203
0	1.23115
0	1.23095
0	1.2311
0	1.23356
0	1.23304
0	1.23563
0	1.23461
0	1.23331
0	1.23548
0	1.23674
0	1.24049
0	1.2388
0	1.24046
0	1.23423
0	1.2321
0	1.23294
0	1.23059
0	1.23049
0	1.23196
0	1.23075
0	1.23251
0	1.23436
0	1.23453
0	1.23503
0	1.2352
0	1.23432
0	1.2334
0	1.23434
0	1.23342
0	1.23307
0	1.23484
0	1.23641
0	1.23556
0	1.23331
0	1.22742
0	1.22935
0	1.22974
0	1.23148
0	1.23161
0	1.22743
0	1.22686
0	1.227
0	1.22674
0	1.2195
0	1.21205
0	1.21364
0	1.21222
0	1.21349
0	1.21072
0	1.20773
0	1.2086
0	1.21163
0	1.21233
0	1.2118
0	1.21378
0	1.21654
0	1.2168
0	1.21407
0	1.2138
0	1.21128
0	1.2132
0	1.21592
0	1.21568
0	1.21585
0	1.21993
0	1.22237
0	1.22068
0	1.22091
0	1.22156
0	1.22209
0	1.22089
0	1.21974
0	1.21954
0	1.21993
0	1.22014
0	1.22004
0	1.2194
0	1.21834
0	1.22141
0	1.22047
0	1.22454
0	1.21857
0	1.21762
0	1.21658
0	1.21568
0	1.21808
0	1.21752
0	1.21835
0	1.21822
0	1.21835
0	1.21792
0	1.21835
0	1.21824
0	1.2179
0	1.21777
0	1.2172
0	1.21632
0	1.21718
0	1.21696
0	1.21857
0	1.21878
0	1.21908
0	1.21981
0	1.21876
0	1.21855
0	1.21781
0	1.21836
0	1.21914
0	1.22011
0	1.21949
0	1.22006
0	1.21951
0	1.21947
0	1.21821
0	1.21813
0	1.21923
0	1.21903
0	1.21984
0	1.22113
0	1.22043
0	1.21996
0	1.21882
0	1.21941
0	1.21919
0	1.21893
0	1.21931
0	1.21813
0	1.2186
0	1.21843
0	1.21946
0	1.21966
0	1.21984
0	1.21942
0	1.21693
0	1.21613
0	1.21714
0	1.21731
0	1.21774
0	1.2171
0	1.2185
0	1.21872
0	1.21883
0	1.21573
0	1.21384
0	1.21502
0	1.21492
0	1.21552
0	1.21431
0	1.21361
0	1.21271
0	1.21256
0	1.21338
0	1.21394
0	1.21438
0	1.21475
0	1.21437
0	1.21437
0	1.21299
0	1.21599
0	1.21539
0	1.2156
0	1.21532
0	1.21394
0	1.21274
0	1.21415
0	1.21485
0	1.21326
0	1.21549
0	1.21632
0	1.21685
0	1.21676
0	1.21634
0	1.21582
0	1.21499
0	1.21452
0	1.21384
0	1.21409
0	1.21548
0	1.21381
0	1.20964
0	1.21189
0	1.21177
0	1.21219
0	1.21354
0	1.21317
0	1.21338
0	1.21328
0	1.21291
0	1.21218
0	1.21216
0	1.21268
0	1.21291
0	1.21346
0	1.21403
0	1.21466
0	1.21604
0	1.21546
0	1.21512
0	1.21497
0	1.21551
0	1.21561
0	1.21592
0	1.21496
0	1.21485
0	1.21629
0	1.2166
0	1.21652
0	1.21634
0	1.21592
0	1.21595
0	1.21621
0	1.21529
0	1.21475
0	1.21403
0	1.21389
0	1.21355
0	1.21408
0	1.21419
0	1.21432
0	1.21455
0	1.21347
0	1.21259
0	1.21177
0	1.2129
0	1.21244
0	1.2125
0	1.21311
0	1.21232
0	1.21227
0	1.21214
0	1.21271
0	1.21275
0	1.21368
0	1.21461
0	1.21519
0	1.21514
0	1.21617
0	1.21632
0	1.21604
0	1.21502
0	1.21399
0	1.21445
0	1.21612
0	1.21613
0	1.21608
0	1.21494
0	1.21471
0	1.2152
0	1.2165
0	1.2158
0	1.22187
0	1.22266
0	1.22332
0	1.22148
0	1.21508
0	1.21504
0	1.21697
0	1.21808
0	1.21644
0	1.21464
0	1.21516
0	1.21723
0	1.21815
0	1.21757
0	1.21561
0	1.21599
0	1.21596
0	1.21525
0	1.21393
0	1.21393
0	1.2149
0	1.21475
0	1.20492
0	1.19912
0	1.19639
0	1.19928
0	1.20047
0	1.20189
0	1.20053
0	1.19973
0	1.20205
0	1.2052
0	1.20349
0	1.20294
0	1.20236
0	1.2017
0	1.202
0	1.20124
0	1.20046
0	1.2014
0	1.20193
0	1.20229
0	1.20111
0	1.20108
0	1.2026
0	1.20237
0	1.20085
0	1.19907
0	1.19873
0	1.19948
0	1.19882
0	1.19789
0	1.19621
0	1.19588
0	1.1976
0	1.19924
0	1.1994
0	1.19958
0	1.19884
0	1.1978
0	1.19776
0	1.19812
0	1.19651
0	1.19792
0	1.19806
0	1.19755
0	1.19327
0	1.18503
0	1.18548
0	1.18493
0	1.18347
0	1.18235
0	1.18384
0	1.18175
0	1.17704
0	1.17986
0	1.17872
0	1.17995
0	1.18073
0	1.17818
0	1.18025
0	1.17956
0	1.17818
0	1.1752
0	1.17696
0	1.17827
0	1.17921
0	1.18068
0	1.18122
0	1.18302
0	1.18166
0	1.18161
0	1.18115
0	1.18151
0	1.18353
0	1.18405
0	1.18364
0	1.18339
0	1.18475
0	1.18234
0	1.18133
0	1.18146
0	1.18048
0	1.18093
0	1.18039
0	1.18024
0	1.18018
0	1.18142
0	1.18073
0	1.18184
0	1.18273
0	1.18327
0	1.18273
0	1.18184
0	1.18144
0	1.18019
0	1.17985
0	1.1806
0	1.1786
0	1.1757
0	1.1772
0	1.17082
0	1.17384
0	1.17846
0	1.17757
0	1.17926
0	1.17979
0	1.18148
0	1.18127
0	1.18204
0	1.18078
0	1.1818
0	1.18052
0	1.18055
0	1.18103
0	1.18281
0	1.18243
0	1.18323
0	1.18444
0	1.18448
0	1.18433
0	1.18545
0	1.19088
0	1.18955
0	1.1915
0	1.1911
0	1.19173
0	1.19214
0	1.19369
0	1.19403
0	1.19158
0	1.19072
0	1.19082
0	1.19136
0	1.1957
0	1.19782
0	1.19859
0	1.19786
0	1.19977
0	1.19816
0	1.19865
0	1.19979
0	1.20234
0	1.21537
0	1.21795
0	1.21985
0	1.21851
0	1.21421
0	1.21484
0	1.21487
0	1.2161
0	1.21718
0	1.21797
0	1.21471
0	1.20996
0	1.213
0	1.21262
0	1.20767
0	1.21019
0	1.20881
0	1.2101
0	1.21297
0	1.2109
0	1.212
0	1.21154
0	1.21223
0	1.2099
0	1.20879
0	1.20371
0	1.20401
0	1.21198
0	1.2097
0	1.20848
0	1.20941
0	1.20914
0	1.21058
0	1.21157
0	1.21262
0	1.21315
0	1.21589
0	1.21949
0	1.21661
0	1.21659
0	1.21545
0	1.21759
0	1.21599
0	1.21612
0	1.21523
0	1.21756
0	1.21655
0	1.21603
0	1.21797
0	1.21792
0	1.21734
0	1.21529
0	1.21493
0	1.21549
0	1.21384
0	1.21512
0	1.21465
0	1.21205
0	1.21039
0	1.21268
0	1.21115
0	1.21073
0	1.21113
0	1.21333
0	1.21114
0	1.21116
0	1.20984
0	1.21171
0	1.2115
0	1.21081
0	1.21191
0	1.21172
0	1.21395
0	1.21344
0	1.21154
0	1.2071
0	1.20711
0	1.20301
0	1.20391
0	1.20704
0	1.2065
0	1.20581
0	1.18126
0	1.17398
0	1.17388
0	1.16935
0	1.17131
0	1.17135
0	1.17333
0	1.17064
0	1.16922
0	1.17043
0	1.16889
0	1.17291
0	1.17349
0	1.1734
0	1.17403
0	1.17505
0	1.17154
0	1.17253
0	1.17203
0	1.17136
0	1.17096
0	1.17315
0	1.17391
0	1.17595
0	1.18045
0	1.17859
0	1.18118
0	1.17837
0	1.17782
0	1.17778
0	1.17193
0	1.17304
0	1.17477
0	1.17522
0	1.17584
0	1.17524
0	1.17342
0	1.17288
0	1.17111
0	1.17535
0	1.1754
0	1.17434
0	1.17231
0	1.17372
0	1.17548
0	1.17436
0	1.17292
0	1.1717
0	1.17291
0	1.17113
0	1.17104
0	1.17213
0	1.17082
0	1.16489
0	1.16019
0	1.16941
0	1.16974
0	1.16586
0	1.16849
0	1.16565
0	1.16036
0	1.15172
0	1.1536
0	1.15446
0	1.15165
0	1.15835
0	1.15949
0	1.15939
0	1.15741
0	1.15704
0	1.16111
0	1.15996
0	1.15824
0	1.15787
0	1.15574
0	1.15228
0	1.1544
0	1.15583
0	1.15575
0	1.15709
0	1.15809
0	1.15989
0	1.15847
0	1.15729
0	1.15868
0	1.15733
0	1.15651
0	1.15833
0	1.16145
0	1.16144
0	1.16023
0	1.15961
0	1.15844
0	1.15919
0	1.15809
0	1.15737
0	1.15942
0	1.15956
0	1.15509
0	1.15565
0	1.15622
0	1.15687
0	1.15775
0	1.15723
0	1.15592
0	1.1553
0	1.1559
0	1.15679
0	1.15369
0	1.15279
0	1.15011
0	1.14685
0	1.14812
0	1.1514
0	1.15519
0	1.15831
0	1.15687
0	1.1537
0	1.15286
0	1.15539
0	1.15671
0	1.15349
0	1.15317
0	1.15136
0	1.15057
0	1.15047
0	1.14483
0	1.14282
0	1.14422
0	1.14543
0	1.14712
0	1.14025
0	1.14291
0	1.14534
0	1.1432
0	1.14064
0	1.14316
0	1.13642
0	1.13503
0	1.13696
0	1.13277
0	1.12586
0	1.1299
0	1.12669
0	1.12678
0	1.13116
0	1.13213
0	1.13071
0	1.13204
0	1.13059
0	1.1313
0	1.13175
0	1.13512
0	1.13397
0	1.13117
0	1.13249
0	1.1345
0	1.13152
0	1.13177
0	1.13228
0	1.13412
0	1.12842
0	1.13365
0	1.13419
0	1.13214
0	1.13253
0	1.13135
0	1.13056
0	1.1321
0	1.12935
0	1.13123
0	1.13243
0	1.13346
0	1.13466
0	1.13428
0	1.13539
0	1.13556
0	1.13467
0	1.13296
0	1.13198
0	1.13208
0	1.13141
0	1.13193
0	1.12885
0	1.129
0	1.12911
0	1.12336
0	1.11918
0	1.12231
0	1.11697
0	1.1206
0	1.12872
0	1.12576
0	1.12753
0	1.1245
0	1.12539
0	1.12368
0	1.12264
0	1.12578
0	1.12495
0	1.12581
0	1.12696
0	1.12456
0	1.12259
0	1.12082
0	1.12285
0	1.12305
0	1.12516
0	1.12649
0	1.12956
0	1.12964
0	1.13127
0	1.13066
0	1.12909
0	1.13326
0	1.12706
0	1.1259
0	1.12975
0	1.12548
0	1.12495
0	1.12497
0	1.12581
0	1.12735
0	1.12414
0	1.12457
0	1.1216
0	1.12452
0	1.12422
0	1.12426
0	1.11819
0	1.11946
0	1.11856
0	1.11981
0	1.11996
0	1.1161
0	1.11385
0	1.09785
0	1.09777
0	1.09645
0	1.09364
0	1.09521
0	1.09727
0	1.09423
0	1.09328
0	1.09617
0	1.09678
0	1.09458
0	1.09364
0	1.09511
0	1.09288
0	1.092
0	1.09309
0	1.09509
0	1.09435
0	1.09451
0	1.09296
0	1.09518
0	1.09372
0	1.09156
0	1.09144
0	1.08952
0	1.09147
0	1.09356
0	1.09411
0	1.0944
0	1.09261
0	1.09198
0	1.0921
0	1.09233
0	1.09403
0	1.09459
0	1.09533
0	1.0953
0	1.09568
0	1.09523
0	1.09637
0	1.09477
0	1.09601
0	1.09701
0	1.09836
0	1.09633
0	1.09511
0	1.0957
0	1.09631
0	1.0958
0	1.09564
0	1.09449
0	1.09355
0	1.09308
0	1.09204
0	1.09295
0	1.09089
0	1.09216
0	1.09172
0	1.09299
0	1.092
0	1.09248
0	1.09129
0	1.09077
0	1.09244
0	1.09306
0	1.09264
0	1.09384
0	1.09391
0	1.09408
0	1.09474
0	1.09592
0	1.09597
0	1.0966
0	1.09389
0	1.09317
0	1.09264
0	1.09312
0	1.09472
0	1.09504
0	1.10151
0	1.0999
0	1.10109
0	1.10077
0	1.10202
0	1.10876
0	1.10683
0	1.10827
0	1.10593
0	1.10812
0	1.11068
0	1.11063
0	1.10922
0	1.10823
0	1.10618
0	1.1056
0	1.10652
0	1.10788
0	1.10737
0	1.1082
0	1.10738
0	1.10894
0	1.10884
0	1.10979
0	1.10785
0	1.10661
0	1.10713
0	1.10838
0	1.10924
0	1.11449
0	1.11222
0	1.11611
0	1.11663
0	1.1153
0	1.11468
0	1.11604
0	1.11517
0	1.11236
0	1.11149
0	1.10273
0	1.10414
0	1.10788
0	1.10891
0	1.10167
0	1.10451
0	1.10229
0	1.10463
0	1.10639
0	1.10615
0	1.10477
0	1.10746
0	1.1053
0	1.10478
0	1.10486
0	1.10571
0	1.10622
0	1.10671
0	1.10604
0	1.10596
0	1.10506
0	1.10588
0	1.10616
0	1.10627
0	1.1061
0	1.106
0	1.10517
0	1.10626
0	1.10984
0	1.11124
0	1.11128
0	1.10965
0	1.11063
0	1.1109
0	1.11052
0	1.10924
0	1.10747
0	1.10763
0	1.10788
0	1.10471
0	1.10421
0	1.10357
0	1.10466
0	1.10434
0	1.10554
0	1.10819
0	1.10708
0	1.10928
0	1.10805
0	1.10671
0	1.10664
0	1.10695
0	1.10828
0	1.10771
0	1.1076
0	1.10804
0	1.10805
0	1.10457
0	1.10351
0	1.09853
0	1.09966
0	1.10144
0	1.0984
0	1.10403
0	1.10766
0	1.10585
0	1.10697
0	1.10416
0	1.10401
0	1.10298
0	1.10218
0	1.09971
0	1.10352
0	1.10069
0	1.10168
0	1.1006
0	1.10198
0	1.10109
0	1.10206
0	1.10319
0	1.10268
0	1.10265
0	1.10365
0	1.10274
0	1.10298
0	1.10318
0	1.1002
0	1.10385
0	1.1059
0	1.10614
0	1.10695
0	1.10765
0	1.10519
0	1.1061
0	1.10496
0	1.10046
0	1.10065
0	1.11479
0	1.11842
0	1.11526
0	1.11416
0	1.11259
0	1.11406
0	1.11112
0	1.10957
0	1.11229
0	1.11198
0	1.1116
0	1.11331
0	1.11411
0	1.11302
0	1.11285
0	1.11157
0	1.11058
0	1.11209
0	1.11215
0	1.10984
0	1.10867
0	1.11041
0	1.10927
0	1.10702
0	1.10434
0	1.10001
0	1.10137
0	1.101
0	1.10054
0	1.10252
0	1.09819
0	1.095
0	1.08987
0	1.09346
0	1.09445
0	1.09655
0	1.09497
0	1.09573
0	1.09665
0	1.09647
0	1.09921
0	1.09948
0	1.09853
0	1.10068
0	1.1045
0	1.10174
0	1.10227
0	1.10171
0	1.10021
0	1.10036
0	1.09907
0	1.10946
0	1.10744
0	1.10842
0	1.1069
0	1.09566
0	1.09967
0	1.09737
0	1.09232
0	1.09239
0	1.09312
0	1.09445
0	1.0954
0	1.09731
0	1.08685
0	1.09298
0	1.09619
0	1.09754
0	1.09771
0	1.09711
0	1.10044
0	1.09582
0	1.09605
0	1.09771
0	1.09625
0	1.09841
0	1.09778
0	1.09989
0	1.0993
0	1.09821
0	1.10088
0	1.09976
0	1.09729
0	1.09771
0	1.09904
0	1.09903
0	1.10047
0	1.10091
0	1.10102
0	1.10205
0	1.10431
0	1.1026
0	1.1029
0	1.10368
0	1.10182
0	1.10109
0	1.10082
0	1.10128
0	1.10135
0	1.09911
0	1.09858
0	1.09623
0	1.09743
0	1.09855
0	1.09857
0	1.09858
0	1.09885
0	1.09919
0	1.09628
0	1.09725
0	1.09726
0	1.09868
0	1.09886
0	1.09579
0	1.09776
0	1.09822
0	1.09898
0	1.09874
0	1.09971
0	1.09937
0	1.09674
0	1.09734
0	1.0963
0	1.09315
0	1.0931
0	1.0942
0	1.09513
0	1.09695
0	1.09969
0	1.0982
0	1.09631
0	1.09645
0	1.09537
0	1.09542
0	1.09471
0	1.09628
0	1.09569
0	1.09823
0	1.09577
0	1.09868
0	1.09809
0	1.09789
0	1.09888
0	1.09736
0	1.09822
0	1.09885
0	1.0985
0	1.09785
0	1.09623
0	1.09418
0	1.09437
0	1.09291
0	1.09423
0	1.09832
0	1.09699
0	1.09656
0	1.09625
0	1.09645
0	1.09789
0	1.0987
0	1.09819
0	1.09633
0	1.09694
0	1.10483
0	1.10718
0	1.10909
0	1.1103
0	1.10722
0	1.10558
0	1.1018
0	1.10273
0	1.10407
0	1.10693
0	1.11695
0	1.11961
0	1.12074
0	1.12151
0	1.12981
0	1.13184
0	1.12963
0	1.13305
0	1.13258
0	1.13202
0	1.13306
0	1.13186
0	1.12921
0	1.13329
0	1.13399
0	1.13457
0	1.13762
0	1.13943
0	1.13792
0	1.13452
0	1.13332
0	1.1344
0	1.13575
0	1.13822
0	1.13788
0	1.1372
0	1.13664
0	1.13811
0	1.13806
0	1.13566
0	1.13596
0	1.1349
0	1.13609
0	1.13713
0	1.13605
0	1.1357
0	1.13705
0	1.13832
0	1.13829
0	1.13835
0	1.14011
0	1.1371
0	1.13721
0	1.13834
0	1.13814
0	1.13683
0	1.13584
0	1.13759
0	1.13864
0	1.14897
0	1.14854
0	1.15166
0	1.15248
0	1.15328
0	1.15516
0	1.15729
0	1.15507
0	1.15701
0	1.1615
0	1.16255
0	1.15953
0	1.15976
0	1.16114
0	1.16069
0	1.16629
0	1.19242
0	1.1947
0	1.2013
0	1.19632
0	1.19583
0	1.19162
0	1.19656
0	1.19349
0	1.18851
0	1.18783
0	1.19067
0	1.19367
0	1.19064
0	1.19467
0	1.19547
0	1.19576
0	1.19508
0	1.19393
0	1.19508
0	1.19476
0	1.19449
0	1.19564
0	1.1915
0	1.19223
0	1.19423
0	1.19158
0	1.19233
0	1.18669
0	1.16569
0	1.13343
0	1.11787
0	1.11193
0	1.10448
0	1.12661
0	1.13908
0	1.13141
0	1.1344
0	1.13263
0	1.14968
0	1.1456
0	1.13753
0	1.13448
0	1.13447
0	1.14056
0	1.13773
0	1.13556
0	1.13916
0	1.14546
0	1.17854
0	1.16977
0	1.17164
0	1.16495
0	1.15652
0	1.15699
0	1.15224
0	1.16634
0	1.16058
0	1.16149
0	1.16397
0	1.15833
0	1.1603
0	1.16139
0	1.15802
0	1.16114
0	1.16113
0	1.16415
0	1.16645
0	1.1654
0	1.16916
0	1.1676
0	1.16593
0	1.16399
0	1.16191
0	1.16277
0	1.15431
0	1.15654
0	1.15578
0	1.15751
0	1.15834
0	1.15439
0	1.16168
0	1.16222
0	1.16081
0	1.16028
0	1.15907
0	1.16217
0	1.15986
0	1.16151
0	1.16058
0	1.16338
0	1.16223
0	1.16639
0	1.16471
0	1.16011
0	1.15996
0	1.16262
0	1.16267
0	1.153
0	1.15707
0	1.1589
0	1.15808
0	1.15741
0	1.16005
0	1.16466
0	1.16297
0	1.16432
0	1.16158
0	1.16336
0	1.17359
0	1.16158
0	1.1686
0	1.16596
0	1.16788
0	1.16627
0	1.1678
0	1.16958
0	1.17305
0	1.17425
0	1.17447
0	1.17623
0	1.18782
0	1.19806
0	1.19355
0	1.1855
0	1.18866
0	1.19368
0	1.18962
0	1.184
0	1.18502
0	1.1869
0	1.18743
0	1.19277
0	1.19077
0	1.18717
0	1.18854
0	1.18672
0	1.18611
0	1.18433
0	1.17804
0	1.17896
0	1.18158
0	1.17997
0	1.18155
0	1.17973
0	1.17805
0	1.17917
0	1.18482
0	1.18179
0	1.18149
0	1.18408
0	1.1833
0	1.18112
0	1.18166
0	1.17907
0	1.17847
0	1.1783
0	1.1771
0	1.17894
0	1.17946
0	1.18193
0	1.18145
0	1.18179
0	1.18272
0	1.18209
0	1.18217
0	1.18386
0	1.1816
0	1.18182
0	1.17985
0	1.17983
0	1.18132
0	1.18262
0	1.18066
0	1.18231
0	1.1822
0	1.17956
0	1.17713
0	1.17102
0	1.1727
0	1.17129
0	1.17138
0	1.17219
0	1.17059
0	1.17085
0	1.1741
0	1.17494
0	1.17311
0	1.17459
0	1.17448
0	1.1741
0	1.17203
0	1.17335
0	1.17587
0	1.17581
0	1.17179
0	1.17334
0	1.17543
0	1.1606
0	1.16378
0	1.16926
0	1.17219
0	1.16806
0	1.16647
0	1.16313
0	1.16554
0	1.16642
0	1.16849
0	1.17285
0	1.16839
0	1.1696
0	1.17356
0	1.17142
0	1.17149
0	1.17278
0	1.17219
0	1.16927
0	1.16956
0	1.16981
0	1.17233
0	1.17663
0	1.17515
0	1.17823
0	1.17577
0	1.17734
0	1.17555
0	1.17544
0	1.17615
0	1.17632
0	1.17589
0	1.17552
0	1.17577
0	1.17786
0	1.17816
0	1.17886
0	1.17644
0	1.17762
0	1.17463
0	1.17571
0	1.17509
0	1.17483
0	1.17488
0	1.17468
0	1.1731
0	1.17274
0	1.17385
0	1.17338
0	1.17353
0	1.17426
0	1.17548
0	1.17687
0	1.17763
0	1.17717
0	1.17759
0	1.17691
0	1.17646
0	1.17684
0	1.17903
0	1.17727
0	1.17754
0	1.1789
0	1.17773
0	1.17719
0	1.17687
0	1.17689
0	1.17535
0	1.17551
0	1.17577
0	1.17623
0	1.1753
0	1.1762
0	1.17645
0	1.17539
0	1.1747
0	1.17527
0	1.17518
0	1.17351
0	1.17443
0	1.17382
0	1.17458
0	1.17414
0	1.17322
0	1.17335
0	1.17332
0	1.17355
0	1.1729
0	1.17413
0	1.17591
0	1.17544
0	1.17489
0	1.17482
0	1.17388
0	1.17468
0	1.17653
0	1.17625
0	1.178
0	1.17691
0	1.17716
0	1.17663
0	1.17607
0	1.17512
0	1.17605
0	1.17609
0	1.17347
0	1.1735
0	1.17323
0	1.17317
0	1.17389
0	1.17279
0	1.17226
0	1.16881
0	1.16882
0	1.17126
0	1.17014
0	1.16909
0	1.16965
0	1.17004
0	1.17255
0	1.17348
0	1.17225
0	1.17193
0	1.17275
0	1.17178
0	1.17148
0	1.17191
0	1.1717
0	1.17257
0	1.17182
0	1.17033
0	1.1709
0	1.17161
0	1.17064
0	1.17028
0	1.16958
0	1.17106
0	1.17184
0	1.17114
0	1.17119
0	1.17002
0	1.16805
0	1.16849
0	1.16815
0	1.16795
0	1.16649
0	1.16736
0	1.16741
0	1.16836
0	1.16969
0	1.16924
0	1.16905
0	1.16938
0	1.16977
0	1.16983
0	1.16987
0	1.17051
0	1.17104
0	1.17218
0	1.1721
0	1.17211
0	1.17296
0	1.17307
0	1.17222
0	1.17328
0	1.17348
0	1.17369
0	1.17399
0	1.17418
0	1.17328
0	1.17329
0	1.17425
0	1.17443
0	1.17342
0	1.17302
0	1.17278
0	1.17238
0	1.17297
0	1.17441
0	1.17383
0	1.1715
0	1.1715
0	1.17157
0	1.17121
0	1.17009
0	1.1705
0	1.17081
0	1.17076
0	1.17157
0	1.17215
0	1.17305
0	1.17387
0	1.17361
0	1.17432
0	1.17384
0	1.1735
0	1.17699
0	1.17843
0	1.18565
0	1.19551
0	1.19733
0	1.18886
0	1.19184
0	1.18794
0	1.1903
0	1.19136
0	1.19127
0	1.19347
0	1.19328
0	1.18843
0	1.18883
0	1.18847
0	1.18731
0	1.18573
0	1.1778
0	1.17702
0	1.17734
0	1.17708
0	1.17096
0	1.17513
0	1.17543
0	1.17582
0	1.18015
0	1.18154
0	1.17753
0	1.17908
0	1.17906
0	1.17936
0	1.17857
0	1.17778
0	1.17861
0	1.1783
0	1.17833
0	1.17195
0	1.17423
0	1.17469
0	1.17478
0	1.17525
0	1.17292
0	1.17278
0	1.14965
0	1.14273
0	1.14798
0	1.14585
0	1.14588
0	1.14453
0	1.14181
0	1.14604
0	1.14617
0	1.145
0	1.14512
0	1.14427
0	1.14265
0	1.14476
0	1.14782
0	1.14459
0	1.13941
0	1.1419
0	1.14269
0	1.14485
0	1.14475
0	1.14634
0	1.1472
0	1.149
0	1.14804
0	1.14773
0	1.14631
0	1.14645
0	1.1467
0	1.14554
0	1.14581
0	1.14672
0	1.14475
0	1.14355
0	1.14457
0	1.14424
0	1.14364
0	1.14466
0	1.14395
0	1.14454
0	1.1449
0	1.14351
0	1.14366
0	1.14552
0	1.14615
0	1.14641
0	1.14557
0	1.14655
0	1.14379
0	1.14086
0	1.14241
0	1.14193
0	1.1402
0	1.14148
0	1.13785
0	1.12695
0	1.12686
0	1.12935
0	1.12816
0	1.12729
0	1.13133
0	1.13697
0	1.13607
0	1.12978
0	1.13349
0	1.13366
0	1.1323
0	1.13104
0	1.12766
0	1.12948
0	1.12393
0	1.12314
0	1.1206
0	1.11623
0	1.11895
0	1.11628
0	1.11864
0	1.1096
0	1.11472
0	1.11792
0	1.12189
0	1.12193
0	1.12164
0	1.12147
0	1.12501
0	1.12331
0	1.12717
0	1.12645
0	1.12612
0	1.12525
0	1.12248
0	1.12552
0	1.12753
0	1.12453
0	1.12538
0	1.12427
0	1.1256
0	1.12022
0	1.12238
0	1.12078
0	1.12134
0	1.12285
0	1.12146
0	1.12037
0	1.12183
0	1.12426
0	1.12313
0	1.12155
0	1.12183
0	1.11961
0	1.12046
0	1.12045
0	1.12198
0	1.12251
0	1.12391
0	1.12177
0	1.12234
0	1.12247
0	1.12562
0	1.12563
0	1.12435
0	1.12481
0	1.12692
0	1.12531
0	1.12451
0	1.12365
0	1.12361
0	1.12094
0	1.12213
0	1.12184
0	1.12232
0	1.12171
0	1.12357
0	1.12317
0	1.12416
0	1.12486
0	1.12436
0	1.12591
0	1.12472
0	1.12427
0	1.13109
0	1.1268
0	1.12505
0	1.12499
0	1.12209
0	1.12287
0	1.12312
0	1.14236
0	1.14421
0	1.13751
0	1.14079
0	1.14305
0	1.1493
0	1.14418
0	1.1419
0	1.14433
0	1.14305
0	1.14129
0	1.1423
0	1.14233
0	1.14304
0	1.1459
0	1.14693
0	1.14641
0	1.14963
0	1.15133
0	1.15443
0	1.1547
0	1.15231
0	1.15002
0	1.14904
0	1.15078
0	1.1531
0	1.14961
0	1.14898
0	1.14856
0	1.14897
0	1.14899
0	1.15049
0	1.15317
0	1.15281
0	1.15205
0	1.15088
0	1.1494
0	1.14811
0	1.14936
0	1.1465
0	1.14777
0	1.14525
0	1.1427
0	1.145
0	1.14313
0	1.14516
0	1.14424
0	1.1396
0	1.14054
0	1.14206
0	1.1429
0	1.14219
0	1.14312
0	1.14381
0	1.14339
0	1.14214
0	1.14329
0	1.14161
0	1.14315
0	1.14274
0	1.14188
0	1.14218
0	1.14164
0	1.14051
0	1.14376
0	1.14681
0	1.14656
0	1.14635
0	1.14887
0	1.14792
0	1.14872
0	1.14817
0	1.15103
0	1.15004
0	1.15022
0	1.14918
0	1.14813
0	1.14834
0	1.14918
0	1.14956
0	1.1476
0	1.1484
0	1.1455
0	1.14634
0	1.14795
0	1.1463
0	1.14431
0	1.14288
0	1.14395
0	1.13576
0	1.1348
0	1.1326
0	1.13168
0	1.13624
0	1.13748
0	1.13601
0	1.13178
0	1.13244
0	1.13116
0	1.13299
0	1.13212
0	1.13455
0	1.135
0	1.13459
0	1.13952
0	1.13694
0	1.14163
0	1.14079
0	1.14566
0	1.15149
0	1.14563
0	1.1472
0	1.14327
0	1.14128
0	1.14032
0	1.13461
0	1.13659
0	1.13664
0	1.13546
0	1.13973
0	1.13907
0	1.13549
0	1.1433
0	1.14712
0	1.15641
0	1.16171
0	1.15953
0	1.16373
0	1.16966
0	1.16892
0	1.16689
0	1.16649
0	1.16435
0	1.16044
0	1.16365
0	1.16581
0	1.16408
0	1.16263
0	1.16436
0	1.16505
0	1.16177
0	1.1631
0	1.16543
0	1.16443
0	1.16422
0	1.16292
0	1.16503
0	1.16625
0	1.16522
0	1.16426
0	1.16648
0	1.16632
0	1.1665
0	1.1664
0	1.1667
0	1.16741
0	1.16728
0	1.16857
0	1.17077
0	1.16821
0	1.16745
0	1.1679
0	1.16928
0	1.16737
0	1.16645
0	1.16557
0	1.16493
0	1.16238
0	1.16583
0	1.16501
0	1.16618
0	1.16576
0	1.16467
0	1.16452
0	1.16616
0	1.16629
0	1.16913
0	1.17366
0	1.17236
0	1.1732
0	1.17003
0	1.16907
0	1.1688
0	1.16906
0	1.1702
0	1.16488
0	1.1648
0	1.16528
0	1.15783
0	1.15071
0	1.15304
0	1.154
0	1.15699
0	1.1572
0	1.15392
0	1.15932
0	1.15837
0	1.15672
0	1.15723
0	1.15818
0	1.16026
0	1.15847
0	1.15958
0	1.15846
0	1.15733
0	1.15657
0	1.15628
0	1.15636
0	1.15142
0	1.15311
0	1.15455
0	1.15317
0	1.15555
0	1.15676
0	1.15839
0	1.15536
0	1.15716
0	1.157
0	1.15739
0	1.15636
0	1.15528
0	1.15613
0	1.15618
0	1.15434
0	1.1531
0	1.15381
0	1.15377
0	1.15603
0	1.15599
0	1.15504
0	1.15611
0	1.15666
0	1.15803
0	1.15916
0	1.1601
0	1.15939
0	1.15924
0	1.17537
0	1.17566
0	1.17355
0	1.17242
0	1.17465
0	1.17247
0	1.17302
0	1.17254
0	1.16962
0	1.17055
0	1.1717
0	1.17223
0	1.17197
0	1.17174
0	1.17053
0	1.17098
0	1.17209
0	1.17054
0	1.17012
0	1.17025
0	1.17052
0	1.16916
0	1.16747
0	1.16679
0	1.16517
0	1.1651
0	1.16633
0	1.16716
0	1.1664
0	1.16492
0	1.16436
0	1.16592
0	1.16705
0	1.16665
0	1.16621
0	1.16793
0	1.16594
0	1.16704
0	1.16816
0	1.16644
0	1.16646
0	1.16859
0	1.16969
0	1.16894
0	1.16121
0	1.16069
0	1.163
0	1.16291
0	1.16926
0	1.16964
0	1.16913
0	1.16916
0	1.17653
0	1.17299
0	1.17022
0	1.17458
0	1.17377
0	1.17689
0	1.18582
0	1.18378
0	1.18278
0	1.18613
0	1.18521
0	1.18533
0	1.18582
0	1.18106
0	1.1823
0	1.18238
0	1.18092
0	1.1786
0	1.17771
0	1.17971
0	1.18215
0	1.18511
0	1.18298
0	1.18196
0	1.18206
0	1.18237
0	1.18204
0	1.18333
0	1.18219
0	1.18211
0	1.18309
0	1.18313
0	1.18448
0	1.18624
0	1.18497
0	1.18409
0	1.18214
0	1.18287
0	1.18292
0	1.18495
0	1.19042
0	1.1895
0	1.18714
0	1.1852
0	1.18708
0	1.1843
0	1.18126
0	1.18151
0	1.18208
0	1.18119
0	1.17926
0	1.17756
0	1.17705
0	1.17677
0	1.17807
0	1.17755
0	1.17689
0	1.17636
0	1.17747
0	1.17745
0	1.17609
0	1.17651
0	1.17744
0	1.17627
0	1.17631
0	1.17808
0	1.17816
0	1.17896
0	1.17815
0	1.17716
0	1.17286
0	1.1746
0	1.17618
0	1.17583
0	1.17465
0	1.17443
0	1.17587
0	1.17403
0	1.17442
0	1.17112
0	1.17274
0	1.17216
0	1.17281
0	1.17223
0	1.1727
0	1.17327
0	1.17272
0	1.17254
0	1.16564
0	1.16648
0	1.16534
0	1.16374
0	1.16
0	1.16003
0	1.15033
0	1.14808
0	1.14739
0	1.14683
0	1.14452
0	1.1459
0	1.14729
0	1.14562
0	1.14892
0	1.15033
0	1.14872
0	1.15063
0	1.14964
0	1.1554
0	1.15281
0	1.15345
0	1.15653
0	1.15713
0	1.15957
0	1.15909
0	1.15863
0	1.15719
