0	0.937542
0	0.938864
0	0.939606
0	0.938667
0	0.939773
0	0.939845
0	0.940037
0	0.940294
0	0.939163
0	0.940725
0	0.944051
0	0.943931
0	0.941305
0	0.941173
0	0.942998
0	0.942866
0	0.941778
0	0.94246
0	0.941658
0	0.941413
0	0.942962
0	0.941909
0	0.941634
0	0.941825
0	0.93744
0	0.936537
0	0.936985
0	0.936423
0	0.935274
0	0.936142
0	0.934024
0	0.934563
0	0.935065
0	0.936405
0	0.937303
0	0.939049
0	0.938655
0	0.939199
0	0.938894
0	0.93948
0	0.938786
0	0.937751
0	0.936776
0	0.935933
0	0.934981
0	0.935962
0	0.93671
0	0.939761
0	0.940108
0	0.93951
0	0.941724
0	0.940874
0	0.941383
0	0.941903
0	0.943614
0	0.943512
0	0.942304
0	0.942525
0	0.942316
0	0.943195
0	0.942609
0	0.941957
0	0.942675
0	0.942131
0	0.942208
0	0.942268
0	0.94164
0	0.940599
0	0.94039
0	0.94106
0	0.941084
0	0.941365
0	0.940168
0	0.940868
0	0.940073
0	0.938691
0	0.939163
0	0.939199
0	0.939732
0	0.938912
0	0.937117
0	0.935855
0	0.936842
0	0.937554
0	0.938685
0	0.937243
0	0.935484
0	0.9368
0	0.93625
0	0.936274
0	0.935328
0	0.936878
0	0.936453
0	0.936722
0	0.937925
0	0.936997
0	0.937769
0	0.937518
0	0.935675
0	0.934395
0	0.935197
0	0.935221
0	0.934563
0	0.922819
0	0.932086
0	0.933653
0	0.933755
0	0.932092
0	0.92864
0	0.930889
0	0.929741
0	0.929561
0	0.933916
0	0.934778
0	0.934311
0	0.933599
0	0.931858
0	0.929651
0	0.930399
0	0.931523
0	0.931284
0	0.930895
0	0.928054
0	0.926061
0	0.926067
0	0.927952
0	0.926223
0	0.925032
0	0.926432
0	0.929711
0	0.927599
0	0.924739
0	0.9273
0	0.928478
0	0.929262
0	0.929878
0	0.93199
0	0.93473
0	0.934455
0	0.937907
0	0.937955
0	0.937219
0	0.937847
0	0.937111
0	0.93689
0	0.935891
0	0.935227
0	0.936333
0	0.93531
0	0.935364
0	0.93403
0	0.934006
0	0.932684
0	0.933276
0	0.934664
0	0.935113
0	0.933857
0	0.934234
0	0.934981
0	0.932726
0	0.930949
0	0.928269
0	0.92797
0	0.92983
0	0.929525
0	0.929059
0	0.929776
0	0.929142
0	0.928813
0	0.9291
0	0.928071
0	0.92776
0	0.930255
0	0.930034
0	0.928843
0	0.92986
0	0.928963
0	0.929765
0	0.930776
0	0.930476
0	0.931063
0	0.93272
0	0.932672
0	0.932205
0	0.932367
0	0.932259
0	0.931625
0	0.932331
0	0.930949
0	0.930979
0	0.929639
0	0.927922
0	0.929017
0	0.929794
0	0.928245
0	0.928257
0	0.926833
0	0.926139
0	0.926187
0	0.934096
0	0.93217
0	0.933049
0	0.933516
0	0.932786
0	0.931236
0	0.930794
0	0.933546
0	0.931864
0	0.931517
0	0.931757
0	0.929938
0	0.930147
0	0.927318
0	0.926534
0	0.92922
0	0.92794
0	0.928706
0	0.929902
0	0.928933
0	0.927521
0	0.928813
0	0.933426
0	0.93333
0	0.933683
0	0.933222
0	0.930279
0	0.929106
0	0.927748
0	0.92773
0	0.928155
0	0.924661
0	0.919774
0	0.917434
0	0.917931
0	0.916758
0	0.917518
0	0.92042
0	0.91756
0	0.918834
0	0.919516
0	0.920151
0	0.919768
0	0.920013
0	0.920617
0	0.923914
0	0.922765
0	0.923022
0	0.921808
0	0.921909
0	0.922777
0	0.922358
0	0.921311
0	0.920665
0	0.919887
0	0.920366
0	0.921329
0	0.921126
0	0.920204
0	0.919977
0	0.920396
0	0.920474
0	0.920725
0	0.921921
0	0.921054
0	0.920761
0	0.920043
0	0.919469
0	0.919654
0	0.917722
0	0.916734
0	0.91674
0	0.917375
0	0.916441
0	0.915496
0	0.916705
0	0.917387
0	0.916872
0	0.915658
0	0.917422
0	0.918469
0	0.917267
0	0.918583
0	0.918517
0	0.916986
0	0.916405
0	0.915771
0	0.916519
0	0.914982
0	0.914539
0	0.918428
0	0.920743
0	0.92182
0	0.921969
0	0.921646
0	0.921263
0	0.920372
0	0.920348
0	0.920186
0	0.917752
0	0.919211
0	0.917434
0	0.915544
0	0.913432
0	0.913306
0	0.914766
0	0.913145
0	0.915
0	0.913474
0	0.911907
0	0.902795
0	0.900827
0	0.897255
0	0.894013
0	0.893026
0	0.890369
0	0.8838
0	0.881712
0	0.86678
0	0.846355
0	0.857794
0	0.862114
0	0.860444
0	0.856765
0	0.864985
0	0.861306
0	0.859828
0	0.857028
0	0.859673
0	0.859236
0	0.859254
0	0.859888
0	0.855066
0	0.853433
0	0.853636
0	0.853056
0	0.851058
0	0.852063
0	0.85448
0	0.855353
0	0.857076
0	0.852811
0	0.853893
0	0.852972
0	0.853325
0	0.854312
0	0.855102
0	0.853319
0	0.851883
0	0.849813
0	0.84818
0	0.84684
0	0.845793
0	0.847899
0	0.849993
0	0.849574
0	0.846978
0	0.847133
0	0.844776
0	0.841492
0	0.836119
0	0.841043
0	0.842269
0	0.844902
0	0.843005
0	0.843442
0	0.839864
0	0.842
0	0.840271
0	0.840786
0	0.835964
0	0.835694
0	0.835353
0	0.828994
0	0.822999
0	0.825333
0	0.829108
0	0.826188
0	0.823705
0	0.828348
0	0.828055
0	0.834588
0	0.833104
0	0.835216
0	0.833906
0	0.834432
0	0.849101
0	0.852296
0	0.838482
0	0.843585
0	0.831309
0	0.838297
0	0.837352
0	0.839852
0	0.840869
0	0.847749
0	0.844932
0	0.852918
0	0.85028
0	0.846529
0	0.841599
0	0.841324
0	0.844088
0	0.841994
0	0.844142
0	0.841474
0	0.842766
0	0.839864
0	0.845655
0	0.844232
0	0.847217
0	0.85162
0	0.851716
0	0.850184
0	0.847217
0	0.848288
0	0.846026
0	0.845506
0	0.844609
0	0.852284
0	0.853182
0	0.850932
0	0.84882
0	0.852009
0	0.855604
0	0.854516
0	0.855844
0	0.853379
0	0.85372
0	0.85792
0	0.855269
0	0.858841
0	0.864824
0	0.864447
0	0.876238
0	0.87719
0	0.873803
0	0.874366
0	0.876155
0	0.876352
0	0.872571
0	0.870375
0	0.871428
0	0.872445
0	0.868533
0	0.872278
0	0.871781
0	0.873654
0	0.875622
0	0.87646
0	0.875269
0	0.874755
0	0.872607
0	0.870046
0	0.87004
0	0.871775
0	0.870956
0	0.871793
0	0.856083
0	0.847522
0	0.847462
0	0.850609
0	0.866798
0	0.858057
0	0.860636
0	0.857908
0	0.856496
0	0.858416
0	0.857704
0	0.859224
0	0.858997
0	0.853247
0	0.854486
0	0.853403
0	0.850609
0	0.853774
0	0.852972
0	0.856873
0	0.855365
0	0.853271
0	0.856035
0	0.856998
0	0.856227
0	0.855084
0	0.854988
0	0.856448
0	0.858715
0	0.856969
0	0.856107
0	0.856933
0	0.856639
0	0.854318
0	0.853529
0	0.852422
0	0.854725
0	0.856663
0	0.858955
0	0.862395
0	0.864836
0	0.867133
0	0.864955
0	0.868599
0	0.868276
0	0.86663
0	0.864991
0	0.866696
0	0.865805
0	0.867007
0	0.867701
0	0.870106
0	0.87777
0	0.877172
0	0.874659
0	0.873289
0	0.876346
0	0.876466
0	0.876705
0	0.876759
0	0.872984
0	0.873271
0	0.87302
0	0.873821
0	0.876298
0	0.880618
0	0.876005
0	0.875945
0	0.873666
0	0.875814
0	0.876388
0	0.876549
0	0.874192
0	0.875682
0	0.871518
0	0.87092
0	0.872792
0	0.876825
0	0.879212
0	0.876801
0	0.878231
0	0.877644
0	0.876131
0	0.874438
0	0.877232
0	0.876699
0	0.878386
0	0.877788
0	0.876789
0	0.875239
0	0.874605
0	0.874964
0	0.873241
0	0.872517
0	0.872757
0	0.873564
0	0.872015
0	0.873193
0	0.874647
0	0.874653
0	0.874749
0	0.875383
0	0.8743
0	0.875646
0	0.875251
0	0.87369
0	0.874438
0	0.875509
0	0.875658
0	0.875694
0	0.875856
0	0.877333
0	0.877094
0	0.876549
0	0.869933
0	0.871644
0	0.871763
0	0.872804
0	0.874719
0	0.87497
0	0.87564
0	0.872218
0	0.871057
0	0.871345
0	0.873139
0	0.870064
0	0.872069
0	0.870226
0	0.869059
0	0.870992
0	0.872284
0	0.873558
0	0.8729
0	0.87491
0	0.876041
0	0.901999
0	0.90182
0	0.906349
0	0.90645
0	0.914096
0	0.91963
0	0.916591
0	0.919026
0	0.908461
0	0.90812
0	0.904907
0	0.909872
0	0.913959
0	0.919187
0	0.921969
0	0.919995
0	0.918757
0	0.917746
0	0.921987
0	0.917925
0	0.944643
0	0.940575
0	0.935861
0	0.939133
0	0.941155
0	0.94109
0	0.945445
0	0.942059
0	0.948819
0	0.965594
0	0.96432
0	0.957751
0	0.959977
0	0.959061
0	0.956752
0	0.957739
0	0.951451
0	0.950297
0	0.950811
0	0.949609
0	0.951212
0	0.949956
0	0.950291
0	0.955723
0	0.954592
0	0.955256
0	0.954179
0	0.954694
0	0.954491
0	0.955944
0	0.956902
0	0.954514
0	0.955304
0	0.956578
0	0.958355
0	0.957871
0	0.962058
0	0.963919
0	0.961305
0	0.957841
0	0.956907
0	0.95324
0	0.949346
0	0.951768
0	0.945056
0	0.938738
0	0.93972
0	0.941407
0	0.944649
0	0.945176
0	0.947371
0	0.945445
0	0.944649
0	0.942896
0	0.945888
0	0.945158
0	0.945612
0	0.943273
0	0.946629
0	0.951643
0	0.953252
0	0.948658
0	0.956237
0	0.967389
0	0.979067
0	0.980066
0	0.983141
0	1.00153
0	1.01106
0	0.999414
0	0.995908
0	0.999312
0	0.995196
0	0.996057
0	0.995196
0	0.991469
0	0.994849
0	1.00038
0	0.998708
0	0.999168
0	0.999629
0	1.00021
0	1.00318
0	1.00483
0	1.00096
0	1.00656
0	1.00369
0	0.998115
0	0.995447
0	0.996769
0	0.996351
0	1.00087
0	0.995752
0	0.99796
0	0.997463
0	1.00407
0	1.0052
0	1.00437
0	1.00525
0	1.00288
0	0.997122
0	1.00062
0	1.00115
0	0.997673
0	1.00242
0	1.00022
0	0.997583
0	0.996105
0	1.00164
0	0.999121
0	1.00228
0	1.00176
0	1.00108
0	1.00057
0	0.998959
0	0.999019
0	1.00136
0	1.00318
0	1.00362
0	1.0028
0	1.00218
0	0.999838
0	1.00224
0	1.01046
0	1.00052
0	0.998355
0	1.00044
0	1.00012
0	1.00176
0	0.999892
0	1.00029
0	1.00215
0	0.997768
0	0.996943
0	0.997075
0	0.992217
0	0.997236
0	0.996381
0	0.996428
0	0.996141
0	0.99455
0	0.997092
0	0.997798
0	0.996871
0	1.00035
0	1.00126
0	1.00583
0	1.0066
0	1.00386
0	1.00655
0	1.00726
0	1.00529
0	1.00328
0	1.02506
0	1.03819
0	1.05396
0	1.03878
0	1.04021
0	1.03645
0	1.03917
0	1.04272
0	1.04187
0	1.05228
0	1.05892
0	1.05283
0	1.05487
0	1.05893
0	1.06073
0	1.04787
0	1.05144
0	1.05528
0	1.0554
0	1.04998
0	1.04896
0	1.05037
0	1.03907
0	1.04694
0	1.04491
0	1.03333
0	1.02093
0	1.01521
0	1.01834
0	1.02918
0	1.02503
0	1.0258
0	1.01939
0	1.01718
0	1.0074
0	1.00933
0	1.01518
0	1.01427
0	1.02237
0	1.01638
0	1.01693
0	1.01788
0	1.0185
0	1.01752
0	1.02063
0	1.01668
0	1.01489
0	1.00896
0	1.01214
0	1.01689
0	1.02062
0	1.02442
0	1.02316
0	1.02267
0	1.02094
0	1.02167
0	1.02166
0	1.02181
0	1.02196
0	1.01684
0	1.01786
0	1.01809
0	1.01676
0	1.01868
0	1.01815
0	1.01871
0	1.02114
0	1.02072
0	1.01697
0	1.01618
0	1.01554
0	1.01713
0	1.01935
0	1.01807
0	1.01647
0	1.01771
0	1.01819
0	1.02011
0	1.01876
0	1.01621
0	1.01591
0	1.01573
0	1.01532
0	1.01205
0	1.00884
0	1.00909
0	1.00856
0	1.00611
0	1.00923
0	1.00422
0	1.00221
0	0.992288
0	0.999563
0	1.00503
0	1.00005
0	0.998995
0	0.997086
0	1.00281
0	1.01071
0	1.00803
0	1.00442
0	0.997188
0	0.997224
0	0.991756
0	0.979988
0	0.990099
0	0.986784
0	0.982836
0	0.975938
0	0.977577
0	0.977841
0	0.978523
0	0.969327
0	0.966791
0	0.975711
0	0.975549
0	0.970147
0	0.974873
0	0.970332
0	0.980293
0	0.982848
0	0.985397
0	0.98408
0	0.9891
0	0.980838
0	0.985923
0	0.980144
0	0.983811
0	0.988555
0	0.985355
0	0.987478
0	0.985289
0	0.988328
0	0.989399
0	0.99449
0	0.990009
0	0.987484
0	0.986102
0	0.985325
0	0.986808
0	0.985426
0	0.987102
0	0.987455
0	0.990571
0	0.983081
0	0.981251
0	0.98158
0	0.98347
0	0.982704
0	0.984499
0	0.986719
0	0.988699
0	0.987825
0	0.986982
0	0.982603
0	0.985014
0	0.982866
0	0.984918
0	0.983267
0	0.98414
0	0.980443
0	0.981406
0	0.980754
0	0.984218
0	0.983877
0	0.983721
0	0.986671
0	0.985062
0	0.985044
0	0.988819
0	0.989183
0	0.991953
0	0.990458
0	0.990458
0	0.990159
0	0.98822
0	0.989614
0	0.989327
0	0.984631
0	0.984015
0	0.993515
0	0.989058
0	0.990972
0	0.991541
0	0.994089
0	0.995836
0	0.991487
0	0.99315
0	0.992408
0	0.993323
0	0.989704
0	0.994352
0	0.986976
0	0.987377
0	0.989453
0	0.98338
0	0.987754
0	0.991409
0	0.987718
0	0.9909
0	0.991906
0	0.992606
0	0.990889
0	0.992893
0	0.994861
0	0.994939
0	0.992552
0	0.991696
0	0.992001
0	0.9937
0	0.991164
0	0.992426
0	0.993377
0	0.990865
0	0.991798
0	0.993252
0	0.9926
0	0.993856
0	0.995435
0	1.00568
0	1.00479
0	1.00486
0	1.00286
0	1.00287
0	0.999934
0	0.9909
0	0.994358
0	0.997374
0	1.00566
0	0.999976
0	1.00069
0	0.999426
0	0.998696
0	1.0007
0	1.00126
0	1
0	1.00291
0	1.00132
0	0.999635
0	0.998169
0	0.995364
0	0.996177
0	0.997589
0	1.00629
0	1.0091
0	1.01451
0	1.02284
0	1.02896
0	1.01776
0	1.01926
0	1.02195
0	1.02198
0	1.01824
0	1.0222
0	1.02092
0	1.02049
0	1.02015
0	1.01916
0	1.01954
0	1.01721
0	1.01634
0	1.01899
0	1.0204
0	1.02053
0	1.02976
0	1.0319
0	1.0279
0	1.02449
0	1.02689
0	1.02637
0	1.02763
0	1.02689
0	1.02471
0	1.02421
0	1.02425
0	1.02697
0	1.02529
0	1.02902
0	1.03124
0	1.0363
0	1.0405
0	1.044
0	1.04166
0	1.04257
0	1.05005
0	1.0536
0	1.04465
0	1.04264
0	1.03831
0	1.03925
0	1.04053
0	1.04117
0	1.04057
0	1.03858
0	1.04063
0	1.03064
0	1.01919
0	1.0237
0	1.0272
0	1.02377
0	1.02383
0	1.02745
0	1.02972
0	1.02782
0	1.0257
0	1.02433
0	1.0338
0	1.03108
0	1.03046
0	1.03234
0	1.02697
0	1.0282
0	1.03016
0	1.03694
0	1.04133
0	1.04173
0	1.04194
0	1.04345
0	1.04041
0	1.04222
0	1.03871
0	1.04186
0	1.04246
0	1.04446
0	1.05606
0	1.05167
0	1.05231
0	1.05632
0	1.06291
0	1.06023
0	1.06975
0	1.06636
0	1.06584
0	1.07044
0	1.06712
0	1.06094
0	1.06813
0	1.08818
0	1.09168
0	1.09324
0	1.08787
0	1.08556
0	1.088
0	1.08627
0	1.08574
0	1.08052
0	1.08023
0	1.08206
0	1.08361
0	1.08319
0	1.07969
0	1.08452
0	1.0835
0	1.08019
0	1.07944
0	1.08132
0	1.08406
0	1.08474
0	1.08264
0	1.08236
0	1.08182
0	1.08426
0	1.08528
0	1.08413
0	1.08783
0	1.08531
0	1.07563
0	1.07956
0	1.08014
0	1.08241
0	1.08007
0	1.07933
0	1.08468
0	1.08419
0	1.08479
0	1.08369
0	1.08631
0	1.08607
0	1.08394
0	1.08407
0	1.08309
0	1.08473
0	1.08065
0	1.08298
0	1.08712
0	1.0932
0	1.09371
0	1.08914
0	1.08683
0	1.08592
0	1.08592
0	1.0896
0	1.0859
0	1.08537
0	1.08034
0	1.07662
0	1.0645
0	1.06849
0	1.06915
0	1.06085
0	1.06891
0	1.0735
0	1.06917
0	1.06071
0	1.06375
0	1.06869
0	1.0702
0	1.07074
0	1.07093
0	1.07257
0	1.07302
0	1.0751
0	1.07346
0	1.07102
0	1.06867
0	1.07097
0	1.07424
0	1.07113
0	1.07143
0	1.06974
0	1.06566
0	1.06342
0	1.06395
0	1.06465
0	1.05589
0	1.05843
0	1.0592
0	1.04993
0	1.04955
0	1.05224
0	1.05898
0	1.05852
0	1.06346
0	1.06176
0	1.06185
0	1.06433
0	1.064
0	1.0639
0	1.06285
0	1.06532
0	1.0643
0	1.06357
0	1.06456
0	1.06228
0	1.06389
0	1.06641
0	1.06561
0	1.06315
0	1.06465
0	1.06438
0	1.06419
0	1.06429
0	1.0641
0	1.06338
0	1.0634
0	1.06023
0	1.05896
0	1.05859
0	1.05803
0	1.05902
0	1.06039
0	1.06179
0	1.05913
0	1.06348
0	1.06317
0	1.06116
0	1.06088
0	1.05924
0	1.06319
0	1.06328
0	1.0612
0	1.06379
0	1.06238
0	1.06127
0	1.06114
0	1.06139
0	1.06275
0	1.06769
0	1.07276
0	1.06614
0	1.06823
0	1.06695
0	1.06479
0	1.06539
0	1.06239
0	1.06238
0	1.06321
0	1.06912
0	1.06857
0	1.06861
0	1.07264
0	1.07228
0	1.07111
0	1.07304
0	1.07453
0	1.07713
0	1.09009
0	1.08654
0	1.08703
0	1.08308
0	1.08525
0	1.08204
0	1.08277
0	1.08554
0	1.08762
0	1.09021
0	1.0971
0	1.09442
0	1.09098
0	1.08956
0	1.08654
0	1.08327
0	1.07433
0	1.07317
0	1.08003
0	1.08021
0	1.0771
0	1.07306
0	1.07634
0	1.07565
0	1.08034
0	1.07984
0	1.0792
0	1.08119
0	1.07673
0	1.06531
0	1.06467
0	1.06392
0	1.06144
0	1.05977
0	1.06313
0	1.06321
0	1.06369
0	1.06178
0	1.06432
0	1.06085
0	1.05037
0	1.05687
0	1.05619
0	1.04806
0	1.04796
0	1.04779
0	1.0479
0	1.04949
0	1.04695
0	1.04823
0	1.05094
0	1.05067
0	1.04952
0	1.05244
0	1.05496
0	1.05317
0	1.04924
0	1.05187
0	1.05944
0	1.05845
0	1.06794
0	1.07178
0	1.068
0	1.06943
0	1.06633
0	1.07004
0	1.06567
0	1.06647
0	1.06321
0	1.06476
0	1.06246
0	1.06243
0	1.06368
0	1.06169
0	1.06337
0	1.06906
0	1.06563
0	1.06455
0	1.06182
0	1.06461
0	1.06379
0	1.06611
0	1.06213
0	1.06129
0	1.05314
0	1.05309
0	1.05517
0	1.0582
0	1.05649
0	1.06146
0	1.05713
0	1.06016
0	1.05925
0	1.05481
0	1.05225
0	1.05286
0	1.05222
0	1.04867
0	1.05259
0	1.05173
0	1.05317
0	1.04525
0	1.04909
0	1.05202
0	1.0542
0	1.05487
0	1.05116
0	1.04377
0	1.04841
0	1.04873
0	1.05085
0	1.05141
0	1.04936
0	1.05149
0	1.05179
0	1.05106
0	1.0479
0	1.04883
0	1.04559
0	1.0452
0	1.04832
0	1.04546
0	1.04036
0	1.03649
0	1.03164
0	1.03665
0	1.03761
0	1.04196
0	1.04549
0	1.04604
0	1.04212
0	1.04361
0	1.04903
0	1.04833
0	1.0457
0	1.04797
0	1.0485
0	1.0462
0	1.04674
0	1.04334
0	1.0446
0	1.04464
0	1.04698
0	1.04708
0	1.04622
0	1.04704
0	1.04484
0	1.04373
0	1.04031
0	1.04123
0	1.04007
0	1.04134
0	1.04338
0	1.04027
0	1.02972
0	1.03421
0	1.03509
0	1.03519
0	1.0356
0	1.03639
0	1.03823
0	1.03925
0	1.03912
0	1.03843
0	1.04704
0	1.04599
0	1.04812
0	1.05216
0	1.05301
0	1.05173
0	1.04983
0	1.05192
0	1.05382
0	1.05374
0	1.05481
0	1.0549
0	1.06886
0	1.08016
0	1.08224
0	1.08569
0	1.08075
0	1.08868
0	1.08343
0	1.08119
0	1.08493
0	1.08014
0	1.08269
0	1.08233
0	1.08482
0	1.08437
0	1.08548
0	1.0866
0	1.08636
0	1.08392
0	1.08084
0	1.07929
0	1.0723
0	1.07098
0	1.06834
0	1.06703
0	1.06773
0	1.06979
0	1.07059
0	1.07533
0	1.07597
0	1.07159
0	1.07129
0	1.07208
0	1.07623
0	1.07505
0	1.07125
0	1.07282
0	1.07063
0	1.07305
0	1.07346
0	1.07165
0	1.06844
0	1.07313
0	1.07307
0	1.07603
0	1.07582
0	1.0776
0	1.07658
0	1.07471
0	1.06667
0	1.06986
0	1.06919
0	1.0723
0	1.07223
0	1.07332
0	1.07554
0	1.07527
0	1.07382
0	1.07339
0	1.07884
0	1.07902
0	1.07741
0	1.07662
0	1.07542
0	1.0751
0	1.07581
0	1.07757
0	1.07899
0	1.08066
0	1.07827
0	1.07905
0	1.07716
0	1.07555
0	1.07491
0	1.07594
0	1.07406
0	1.0738
0	1.07093
0	1.07253
0	1.07178
0	1.07176
0	1.07043
0	1.06847
0	1.06732
0	1.07029
0	1.06943
0	1.06872
0	1.07073
0	1.07086
0	1.06961
0	1.07088
0	1.071
0	1.0707
0	1.06789
0	1.06804
0	1.0721
0	1.07481
0	1.07424
0	1.07429
0	1.0746
0	1.07805
0	1.07619
0	1.07536
0	1.07724
0	1.0785
0	1.07953
0	1.07804
0	1.08435
0	1.08505
0	1.08301
0	1.08061
0	1.07601
0	1.07976
0	1.08001
0	1.07876
0	1.07327
0	1.06743
0	1.06483
0	1.06921
0	1.06572
0	1.06906
0	1.065
0	1.06027
0	1.04459
0	1.04853
0	1.03531
0	1.02711
0	1.02842
0	1.03023
0	1.03127
0	1.03651
0	1.04005
0	1.03533
0	1.02911
0	1.02868
0	1.02951
0	1.02981
0	1.02919
0	1.03302
0	1.0353
0	1.03759
0	1.03715
0	1.03758
0	1.03848
0	1.04163
0	1.04173
0	1.0394
0	1.03759
0	1.03714
0	1.03672
0	1.03502
0	1.0377
0	1.03824
0	1.03888
0	1.04041
0	1.04063
0	1.03923
0	1.04045
0	1.0393
0	1.04011
0	1.03983
0	1.03882
0	1.036
0	1.03731
0	1.03983
0	1.04432
0	1.04651
0	1.04725
0	1.04724
0	1.04778
0	1.04717
0	1.04556
0	1.04514
0	1.04665
0	1.04745
0	1.04805
0	1.04721
0	1.04806
0	1.04781
0	1.04712
0	1.04791
0	1.04814
0	1.0499
0	1.04944
0	1.0482
0	1.04866
0	1.04758
0	1.04517
0	1.04525
0	1.04686
0	1.04982
0	1.05095
0	1.04855
0	1.04736
0	1.04768
0	1.0465
0	1.04446
0	1.04456
0	1.04552
0	1.04744
0	1.04593
0	1.04803
0	1.07898
0	1.09522
0	1.09621
0	1.09851
0	1.09899
0	1.09415
0	1.09287
0	1.09192
0	1.09394
0	1.09126
0	1.08817
0	1.09437
0	1.09266
0	1.09391
0	1.08876
0	1.08477
0	1.07805
0	1.0784
0	1.07748
0	1.0828
0	1.08933
0	1.08373
0	1.08303
0	1.08581
0	1.08632
0	1.08526
0	1.08343
0	1.08409
0	1.08523
0	1.08377
0	1.08072
0	1.08291
0	1.08195
0	1.08526
0	1.08667
0	1.08623
0	1.08511
0	1.08564
0	1.08615
0	1.08658
0	1.08307
0	1.08288
0	1.08533
0	1.08718
0	1.08597
0	1.08745
0	1.08699
0	1.08529
0	1.08248
0	1.08304
0	1.08386
0	1.0842
0	1.08425
0	1.08499
0	1.08358
0	1.08111
0	1.07956
0	1.08207
0	1.08283
0	1.08308
0	1.08397
0	1.08462
0	1.08538
0	1.08447
0	1.0848
0	1.08464
0	1.08399
0	1.08454
0	1.08595
0	1.08114
0	1.08108
0	1.07811
0	1.0738
0	1.07161
0	1.07659
0	1.07226
0	1.06898
0	1.06677
0	1.06711
0	1.06871
0	1.06937
0	1.06949
0	1.07059
0	1.07059
0	1.07059
0	1.07059
0	1.07059
0	1.07059
0	1.0634
0	1.06108
0	1.05652
0	1.0548
0	1.05018
0	1.05532
0	1.05383
0	1.05713
0	1.05691
0	1.05679
0	1.05579
0	1.05459
0	1.05134
0	1.04275
0	1.03884
0	1.03948
0	1.04084
0	1.04342
0	1.04544
0	1.05056
0	1.05161
0	1.05496
0	1.05479
0	1.05524
0	1.0526
0	1.04884
0	1.04259
0	1.04613
0	1.04224
0	1.03677
0	1.0419
0	1.04409
0	1.04514
0	1.04636
0	1.04367
0	1.04292
0	1.04491
0	1.04743
0	1.04619
0	1.04669
0	1.04778
0	1.04931
0	1.05113
0	1.05074
0	1.04994
0	1.04969
0	1.04791
0	1.04927
0	1.05106
0	1.05366
0	1.05176
0	1.05213
0	1.05152
0	1.05115
0	1.05046
0	1.05054
0	1.04973
0	1.05214
0	1.05051
0	1.04897
0	1.04945
0	1.0485
0	1.04493
0	1.04339
0	1.04498
0	1.04546
0	1.04754
0	1.0462
0	1.04706
0	1.04781
0	1.04806
0	1.04531
0	1.04577
0	1.04295
0	1.04167
0	1.04299
0	1.04096
0	1.04311
0	1.04389
0	1.04586
0	1.04488
0	1.042
0	1.04656
0	1.04543
0	1.04481
0	1.04549
0	1.04392
0	1.04411
0	1.04447
0	1.04186
0	1.04371
0	1.04426
0	1.0431
0	1.04421
0	1.04846
0	1.0496
0	1.04824
0	1.04959
0	1.04784
0	1.04595
0	1.04525
0	1.04634
0	1.04867
0	1.0499
0	1.04982
0	1.05077
0	1.05036
0	1.04865
0	1.04954
0	1.04377
0	1.04459
0	1.04355
0	1.04413
0	1.04385
0	1.04386
0	1.04033
0	1.03162
0	1.0321
0	1.03324
0	1.0272
0	1.03022
0	1.03238
0	1.03605
0	1.03532
0	1.03777
0	1.03778
0	1.03511
0	1.03664
0	1.04221
0	1.04032
0	1.0405
0	1.03967
0	1.03973
0	1.03993
0	1.04237
0	1.04209
0	1.04209
0	1.04155
0	1.04665
0	1.0473
0	1.04611
0	1.04695
0	1.04878
0	1.04797
0	1.04722
0	1.04779
0	1.04736
0	1.0485
0	1.04897
0	1.04747
0	1.04755
0	1.04669
0	1.04592
0	1.04595
0	1.045
0	1.04642
0	1.04686
0	1.04497
0	1.04754
0	1.04889
0	1.04907
0	1.04775
0	1.04739
0	1.04809
0	1.04892
0	1.04924
0	1.04846
0	1.04848
0	1.04847
0	1.04855
0	1.06312
0	1.06176
0	1.06428
0	1.06311
0	1.0605
0	1.0619
0	1.06045
0	1.05822
0	1.0588
0	1.05977
0	1.06069
0	1.05846
0	1.06036
0	1.06356
0	1.06132
0	1.06047
0	1.06122
0	1.06225
0	1.06138
0	1.06183
0	1.07027
0	1.07475
0	1.07016
0	1.06568
0	1.05874
0	1.05511
0	1.05743
0	1.05764
0	1.0545
0	1.05461
0	1.05508
0	1.05444
0	1.05443
0	1.05102
0	1.05396
0	1.05514
0	1.05691
0	1.0571
0	1.05845
0	1.05673
0	1.05703
0	1.05652
0	1.05688
0	1.05559
0	1.05598
0	1.05642
0	1.05783
0	1.05645
0	1.05278
0	1.05314
0	1.05259
0	1.05304
0	1.05249
0	1.0554
0	1.0605
0	1.06142
0	1.06132
0	1.06255
0	1.06347
0	1.06358
0	1.06355
0	1.06124
0	1.06066
0	1.06392
0	1.06316
0	1.06422
0	1.06134
0	1.05907
0	1.05777
0	1.05491
0	1.05534
0	1.05496
0	1.05553
0	1.05624
0	1.05641
0	1.05484
0	1.05666
0	1.05593
0	1.05741
0	1.05755
0	1.05573
0	1.0557
0	1.05334
0	1.0534
0	1.05333
0	1.04713
0	1.04857
0	1.0498
0	1.04837
0	1.04901
0	1.04946
0	1.04824
0	1.04905
0	1.04827
0	1.04799
0	1.04841
0	1.04941
0	1.05066
0	1.04976
0	1.05346
0	1.05406
0	1.05496
0	1.05415
0	1.05339
0	1.05483
0	1.0559
0	1.05707
0	1.0573
0	1.05605
0	1.05618
0	1.0573
0	1.05488
0	1.05216
0	1.0506
0	1.04961
0	1.0508
0	1.05235
0	1.0499
0	1.0482
0	1.04054
0	1.04097
0	1.02885
0	1.01609
0	1.02378
0	1.02486
0	1.02406
0	1.03129
0	1.03073
0	1.02782
0	1.02746
0	1.02572
0	1.02346
0	1.02461
0	1.02178
0	1.02494
0	1.025
0	1.02661
0	1.02573
0	1.02559
0	1.02742
0	1.0215
0	1.01978
0	1.01833
0	1.02173
0	1.01969
0	1.02167
0	1.02446
0	1.0227
0	1.02225
0	1.02482
0	1.02478
0	1.02395
0	1.02275
0	1.02272
0	1.02447
0	1.02529
0	1.02416
0	1.02614
0	1.02601
0	1.02601
0	1.02453
0	1.02156
0	1.0195
0	1.02431
0	1.02919
0	1.02722
0	1.02695
0	1.02358
0	1.02458
0	1.02525
0	1.02465
0	1.02355
0	1.02358
0	1.02401
0	1.0247
0	1.02501
0	1.02489
0	1.0279
0	1.0287
0	1.02665
0	1.02723
0	1.03158
0	1.03548
0	1.03632
0	1.03478
0	1.03585
0	1.03371
0	1.03426
0	1.03475
0	1.03171
0	1.03186
0	1.03128
0	1.03254
0	1.03383
0	1.03298
0	1.03176
0	1.03111
0	1.02823
0	1.02989
0	1.02883
0	1.02626
0	1.02756
0	1.03122
0	1.03555
0	1.0364
0	1.04425
0	1.04336
0	1.03554
0	1.03753
0	1.0392
0	1.03682
0	1.03852
0	1.03993
0	1.03953
0	1.04428
0	1.04365
0	1.04215
0	1.04099
0	1.04074
0	1.04183
0	1.04292
0	1.04341
0	1.04087
0	1.03951
0	1.03928
0	1.03816
0	1.03835
0	1.03816
0	1.03676
0	1.03883
0	1.03938
0	1.0422
0	1.04599
0	1.06324
0	1.0617
0	1.06109
0	1.06161
0	1.0684
0	1.06545
0	1.06605
0	1.06349
0	1.06163
0	1.05832
0	1.0612
0	1.06011
0	1.05835
0	1.05993
0	1.06001
0	1.05773
0	1.0592
0	1.06079
0	1.06226
0	1.06065
0	1.06071
0	1.061
0	1.06254
0	1.06191
0	1.06205
0	1.06535
0	1.06641
0	1.06475
0	1.06398
0	1.06443
0	1.06589
0	1.06477
0	1.06455
0	1.06382
0	1.06415
0	1.06324
0	1.06374
0	1.06538
0	1.06842
0	1.07137
0	1.07199
0	1.07085
0	1.07214
0	1.07014
0	1.07068
0	1.07156
0	1.08303
0	1.0826
0	1.07989
0	1.07895
0	1.08081
0	1.08285
0	1.07977
0	1.08606
0	1.08833
0	1.08705
0	1.08921
0	1.0898
0	1.08855
0	1.08699
0	1.08538
0	1.08496
0	1.0863
0	1.085
0	1.08343
0	1.08105
0	1.0827
0	1.08213
0	1.08358
0	1.07995
0	1.08197
0	1.08094
0	1.08334
0	1.08176
0	1.0805
0	1.08376
0	1.08295
0	1.08397
0	1.07942
0	1.07665
0	1.07485
0	1.07636
0	1.07943
0	1.08154
0	1.08146
0	1.07882
0	1.07796
0	1.0762
0	1.07282
0	1.07767
0	1.0782
0	1.07432
0	1.07597
0	1.07653
0	1.07692
0	1.0788
0	1.07914
0	1.07962
0	1.08012
0	1.08038
0	1.08226
0	1.08062
0	1.08169
0	1.0789
0	1.07894
0	1.07786
0	1.08025
0	1.07704
0	1.07364
0	1.07049
0	1.07231
0	1.07086
0	1.07119
0	1.07543
0	1.07512
0	1.0733
0	1.07272
0	1.07348
0	1.07465
0	1.07336
0	1.06805
0	1.06855
0	1.0718
0	1.07027
0	1.07153
0	1.0738
0	1.08434
0	1.09118
0	1.08691
0	1.06495
0	1.06638
0	1.06877
0	1.06948
0	1.07105
0	1.07442
0	1.07482
0	1.07496
0	1.07307
0	1.07159
0	1.0742
0	1.07515
0	1.077
0	1.07454
0	1.07387
0	1.07457
0	1.07446
0	1.0765
0	1.08035
0	1.08073
0	1.08119
0	1.08061
0	1.07632
0	1.07634
0	1.07521
0	1.07556
0	1.07585
0	1.07724
0	1.07998
0	1.07671
0	1.07747
0	1.07898
0	1.07798
0	1.0793
0	1.0808
0	1.07963
0	1.07718
0	1.07634
0	1.07976
0	1.07938
0	1.07914
0	1.07814
0	1.07677
0	1.07548
0	1.06946
0	1.07363
0	1.07369
0	1.07388
0	1.07288
0	1.06955
0	1.07126
0	1.07053
0	1.06724
0	1.06971
0	1.06943
0	1.06823
0	1.06814
0	1.06359
0	1.05848
0	1.05902
0	1.05902
0	1.06071
0	1.06181
0	1.06286
0	1.06425
0	1.06653
0	1.06532
0	1.06587
0	1.06569
0	1.06804
0	1.07302
0	1.07401
0	1.07321
0	1.07245
0	1.07138
0	1.07256
0	1.07305
0	1.07308
0	1.07225
0	1.06757
0	1.06873
0	1.07106
0	1.07219
0	1.07304
0	1.07258
0	1.07853
0	1.07741
0	1.08011
0	1.08413
0	1.08309
0	1.07925
0	1.07827
0	1.07688
0	1.07934
0	1.07838
0	1.07877
0	1.07918
0	1.0807
0	1.08011
0	1.07879
0	1.07717
0	1.07855
0	1.07946
0	1.07968
0	1.0782
0	1.07859
0	1.07825
0	1.07484
0	1.07495
0	1.07556
0	1.07637
0	1.07564
0	1.07205
0	1.06893
0	1.06907
0	1.07401
0	1.0731
0	1.07182
0	1.0709
0	1.07088
0	1.07232
0	1.07153
0	1.07024
0	1.07098
0	1.07163
0	1.0747
0	1.07356
0	1.07261
0	1.0734
0	1.07145
0	1.07331
0	1.07261
0	1.07238
0	1.07371
0	1.08153
0	1.0811
0	1.08212
0	1.08823
0	1.09601
0	1.0926
0	1.09509
0	1.09737
0	1.10186
0	1.09884
0	1.09914
0	1.09406
0	1.09358
0	1.09517
0	1.09488
0	1.09173
0	1.09244
0	1.09501
0	1.09493
0	1.09455
0	1.091
0	1.09214
0	1.09136
0	1.09176
0	1.09223
0	1.09059
0	1.09038
0	1.09143
0	1.09342
0	1.09435
0	1.09207
0	1.08978
0	1.09196
0	1.08745
0	1.08789
0	1.09028
0	1.09323
0	1.09138
0	1.09136
0	1.09296
0	1.09357
0	1.09262
0	1.09169
0	1.09213
0	1.09014
0	1.08974
0	1.09164
0	1.09123
0	1.08977
0	1.09053
0	1.09081
0	1.09171
0	1.09268
0	1.09686
0	1.09638
0	1.09461
0	1.09262
0	1.09436
0	1.09415
0	1.09264
0	1.09243
0	1.09241
0	1.09235
0	1.09259
0	1.0933
0	1.09297
0	1.09147
0	1.08931
0	1.091
0	1.09217
0	1.09143
0	1.0877
0	1.08887
0	1.09066
0	1.09006
0	1.0911
0	1.09171
0	1.0909
0	1.09121
0	1.09374
0	1.09255
0	1.09198
0	1.09223
0	1.09229
0	1.09288
0	1.09151
0	1.09047
0	1.09153
0	1.09178
0	1.09299
0	1.09255
0	1.09266
0	1.09284
0	1.09125
0	1.09214
0	1.09267
0	1.09263
0	1.09283
0	1.09222
0	1.09261
0	1.09195
0	1.09199
0	1.09106
0	1.08969
0	1.08851
0	1.08695
0	1.0881
0	1.08907
0	1.08809
0	1.08906
0	1.09088
0	1.09068
0	1.08971
0	1.08604
0	1.08774
0	1.08781
0	1.08813
0	1.08693
0	1.0868
0	1.08502
0	1.08534
0	1.08619
0	1.08557
0	1.08496
0	1.08453
0	1.08569
0	1.08636
0	1.08781
0	1.08863
0	1.08681
0	1.08902
0	1.08896
0	1.08897
0	1.08925
0	1.08942
0	1.09076
0	1.09143
0	1.09079
0	1.09135
0	1.08995
0	1.0889
0	1.0893
0	1.08977
0	1.08951
0	1.0873
0	1.08476
0	1.08594
0	1.0861
0	1.08601
0	1.08404
0	1.08546
0	1.08489
0	1.08484
0	1.0851
0	1.08501
0	1.08732
0	1.08687
0	1.08744
0	1.08739
0	1.08648
0	1.08572
0	1.08529
0	1.08584
0	1.08629
0	1.08971
0	1.08995
0	1.08905
0	1.08871
0	1.09006
0	1.09068
0	1.09124
0	1.08989
0	1.0891
0	1.08919
0	1.08763
0	1.08821
0	1.08803
0	1.08784
0	1.08858
0	1.0894
0	1.08975
0	1.08986
0	1.08857
0	1.08869
0	1.08875
0	1.08714
0	1.08794
0	1.08789
0	1.08825
0	1.08729
0	1.08706
0	1.08452
0	1.08609
0	1.08482
0	1.08237
0	1.08425
0	1.08624
0	1.0852
0	1.08419
0	1.08653
0	1.08593
0	1.08455
0	1.07481
0	1.07388
0	1.07407
0	1.07539
0	1.07457
0	1.07267
0	1.07308
0	1.07399
0	1.07499
0	1.07463
0	1.07834
0	1.07777
0	1.07771
0	1.07662
0	1.0772
0	1.07549
0	1.07444
0	1.07285
0	1.06472
0	1.06595
0	1.0661
0	1.06814
0	1.0698
0	1.06991
0	1.07186
0	1.07169
0	1.07044
0	1.06906
0	1.06604
0	1.06866
0	1.06856
0	1.07292
0	1.07286
0	1.07281
0	1.07255
0	1.07358
0	1.07292
0	1.07285
0	1.07004
0	1.07153
0	1.07008
0	1.06817
0	1.05872
0	1.06005
0	1.06213
0	1.06158
0	1.06322
0	1.06205
0	1.06235
0	1.06275
0	1.06332
0	1.06391
0	1.06306
0	1.06217
0	1.061
0	1.06328
0	1.06292
0	1.06449
0	1.0655
0	1.06398
0	1.06467
0	1.06531
0	1.06581
0	1.06841
0	1.06988
0	1.07199
0	1.0712
0	1.0738
0	1.07953
0	1.08553
0	1.08418
0	1.08416
0	1.08336
0	1.08284
0	1.08273
0	1.08246
0	1.08157
0	1.08304
0	1.08235
0	1.07936
0	1.07871
0	1.0796
0	1.08147
0	1.08146
0	1.08084
0	1.07825
0	1.07618
0	1.07888
0	1.07883
0	1.08141
0	1.08125
0	1.08187
0	1.08171
0	1.08237
0	1.07736
0	1.07284
0	1.07119
0	1.07515
0	1.07415
0	1.07514
0	1.07689
0	1.07525
0	1.07385
0	1.07314
0	1.0744
0	1.07506
0	1.07725
0	1.07723
0	1.07676
0	1.08432
0	1.09436
0	1.09596
0	1.09513
0	1.09171
0	1.09413
0	1.08817
0	1.06909
0	1.071
0	1.07205
0	1.06493
0	1.06549
0	1.06658
0	1.07124
0	1.07393
0	1.07663
0	1.08357
0	1.07998
0	1.08064
0	1.08157
0	1.08253
0	1.08517
0	1.08315
0	1.08256
0	1.08213
0	1.08042
0	1.07984
0	1.08046
0	1.08533
0	1.08321
0	1.0812
0	1.08236
0	1.084
0	1.08347
0	1.08158
0	1.08225
0	1.08295
0	1.08212
0	1.08142
0	1.08158
0	1.08213
0	1.0791
0	1.0792
0	1.0802
0	1.08197
0	1.08191
0	1.08215
0	1.08239
0	1.08231
0	1.08521
0	1.0868
0	1.08851
0	1.08635
0	1.08207
0	1.08416
0	1.08464
0	1.0863
0	1.08812
0	1.0907
0	1.08925
0	1.08901
0	1.09199
0	1.09441
0	1.09459
0	1.09618
0	1.09544
0	1.0961
0	1.1145
0	1.11544
0	1.11345
0	1.1157
0	1.11405
0	1.11736
0	1.11636
0	1.11842
0	1.12219
0	1.12212
0	1.11761
0	1.11543
0	1.11717
0	1.11685
0	1.11911
0	1.11504
0	1.11421
0	1.11239
0	1.11453
0	1.11453
0	1.11216
0	1.11528
0	1.11715
0	1.11635
0	1.11616
0	1.11796
0	1.11874
0	1.11899
0	1.11759
0	1.11599
0	1.11811
0	1.11548
0	1.11648
0	1.11457
0	1.11811
0	1.1181
0	1.11821
0	1.11708
0	1.12181
0	1.12354
0	1.12278
0	1.12105
0	1.1171
0	1.11969
0	1.12079
0	1.11902
0	1.11723
0	1.11694
0	1.11573
0	1.11524
0	1.11715
0	1.11896
0	1.11738
0	1.12404
0	1.13897
0	1.14493
0	1.14146
0	1.14417
0	1.14386
0	1.14328
0	1.14478
0	1.14526
0	1.14248
0	1.14313
0	1.14154
0	1.14064
0	1.14298
0	1.14409
0	1.14282
0	1.14245
0	1.14277
0	1.14198
0	1.14244
0	1.14508
0	1.14277
0	1.14383
0	1.1445
0	1.14465
0	1.14279
0	1.14433
0	1.14387
0	1.14231
0	1.14301
0	1.14265
0	1.13965
0	1.14405
0	1.14334
0	1.14327
0	1.14417
0	1.14273
0	1.14227
0	1.14225
0	1.14313
0	1.14212
0	1.14315
0	1.14499
0	1.14389
0	1.14602
0	1.14605
0	1.1454
0	1.14419
0	1.14398
0	1.14245
0	1.1497
0	1.15016
0	1.14675
0	1.14239
0	1.14441
0	1.13346
0	1.1349
0	1.13655
0	1.13516
0	1.13739
0	1.13729
0	1.13775
0	1.13501
0	1.13189
0	1.13354
0	1.13394
0	1.13267
0	1.13436
0	1.13612
0	1.13549
0	1.13558
0	1.13623
0	1.13239
0	1.1357
0	1.13677
0	1.13813
0	1.143
0	1.14729
0	1.14219
0	1.14353
0	1.14076
0	1.14074
0	1.14013
0	1.14158
0	1.1421
0	1.14153
0	1.14346
0	1.14207
0	1.14108
0	1.14273
0	1.14264
0	1.1423
0	1.1428
0	1.1434
0	1.14189
0	1.13659
0	1.13945
0	1.13479
0	1.13472
0	1.13585
0	1.13245
0	1.13435
0	1.13574
0	1.13524
0	1.13547
0	1.13454
0	1.13311
0	1.13412
0	1.13457
0	1.13527
0	1.13602
0	1.13451
0	1.13286
0	1.13272
0	1.13226
0	1.13291
0	1.1321
0	1.12675
0	1.12937
0	1.12845
0	1.12993
0	1.1311
0	1.13182
0	1.13095
0	1.12921
0	1.12778
0	1.12426
0	1.12469
0	1.12257
0	1.12563
0	1.12452
0	1.12545
0	1.12678
0	1.12463
0	1.12204
0	1.11653
0	1.1172
0	1.114
0	1.11384
0	1.11636
0	1.11584
0	1.11798
0	1.11795
0	1.1154
0	1.11904
0	1.11589
0	1.11472
0	1.11622
0	1.11656
0	1.11383
0	1.11685
0	1.11911
0	1.11808
0	1.11618
0	1.1177
0	1.12148
0	1.12054
0	1.12137
0	1.12146
0	1.12125
0	1.12308
0	1.12541
0	1.12243
0	1.12252
0	1.12469
0	1.12352
0	1.1216
0	1.12193
0	1.12377
0	1.11852
0	1.11707
0	1.11834
0	1.12021
0	1.12009
0	1.11951
0	1.12021
0	1.1218
0	1.12262
0	1.11474
0	1.11726
0	1.11902
0	1.1178
0	1.11596
0	1.11481
0	1.11478
0	1.11717
0	1.1184
0	1.11901
0	1.11949
0	1.11929
0	1.12018
0	1.11977
0	1.12049
0	1.1228
0	1.12578
0	1.12553
0	1.12354
0	1.12318
0	1.12176
0	1.12251
0	1.12088
0	1.1198
0	1.12096
0	1.12192
0	1.12167
0	1.12358
0	1.12277
0	1.12252
0	1.12369
0	1.12388
0	1.12252
0	1.12131
0	1.11996
0	1.11837
0	1.11913
0	1.11694
0	1.11798
0	1.11499
0	1.11634
0	1.11636
0	1.11659
0	1.11205
0	1.10725
0	1.10848
0	1.11111
0	1.10966
0	1.10749
0	1.10922
0	1.10842
0	1.11052
0	1.11011
0	1.10925
0	1.11097
0	1.11165
0	1.11175
0	1.10849
0	1.10976
0	1.10812
0	1.10639
0	1.10732
0	1.10799
0	1.10973
0	1.10857
0	1.1094
0	1.10604
0	1.10916
0	1.10936
0	1.11064
0	1.11347
0	1.11209
0	1.11053
0	1.11131
0	1.11074
0	1.11228
0	1.11298
0	1.11219
0	1.11035
0	1.108
0	1.10843
0	1.10945
0	1.11099
0	1.11241
0	1.11212
0	1.11152
0	1.11254
0	1.10937
0	1.10919
0	1.10881
0	1.10895
0	1.11049
0	1.1096
0	1.11038
0	1.1096
0	1.10878
0	1.10835
0	1.11021
0	1.11125
0	1.10966
0	1.11083
0	1.10971
0	1.11125
0	1.11743
0	1.11744
0	1.11706
0	1.11515
0	1.11613
0	1.11499
0	1.11387
0	1.11259
0	1.10983
0	1.10976
0	1.11093
0	1.1112
0	1.11311
0	1.11222
0	1.11222
0	1.11314
0	1.11217
0	1.11591
0	1.11645
0	1.11958
0	1.11738
0	1.11771
0	1.11816
0	1.11717
0	1.11662
0	1.11655
0	1.11808
0	1.11818
0	1.11889
0	1.12388
0	1.12176
0	1.1225
0	1.12118
0	1.1213
0	1.12114
0	1.12054
0	1.1209
0	1.12011
0	1.12057
0	1.1208
0	1.11957
0	1.11735
0	1.11878
0	1.11858
0	1.12011
0	1.11887
0	1.11855
0	1.11754
0	1.11732
0	1.11805
0	1.11719
0	1.11781
0	1.11749
0	1.11721
0	1.11683
0	1.11723
0	1.11515
0	1.1164
0	1.1166
0	1.11583
0	1.11688
0	1.11721
0	1.11768
0	1.11878
0	1.11825
0	1.11804
0	1.11723
0	1.11742
0	1.11609
0	1.11688
0	1.11711
0	1.11621
0	1.11698
0	1.11707
0	1.11734
0	1.11753
0	1.1167
0	1.11262
0	1.11311
0	1.11253
0	1.11012
0	1.10747
0	1.1091
0	1.10906
0	1.10947
0	1.10918
0	1.11055
0	1.11136
0	1.11046
0	1.10932
0	1.11003
0	1.10974
0	1.1092
0	1.10961
0	1.10747
0	1.10615
0	1.10733
0	1.10735
0	1.10931
0	1.1084
0	1.10664
0	1.10607
0	1.10672
0	1.1092
0	1.10993
0	1.10948
0	1.11106
0	1.11108
0	1.11135
0	1.112
0	1.11065
0	1.11142
0	1.1116
0	1.10928
0	1.10867
0	1.10885
0	1.1099
0	1.10784
0	1.10843
0	1.10907
0	1.10851
0	1.10839
0	1.10981
0	1.10995
0	1.10889
0	1.10637
0	1.09917
0	1.09953
0	1.0981
0	1.09776
0	1.09667
0	1.09899
0	1.09793
0	1.0981
0	1.09885
0	1.09781
0	1.09731
0	1.09948
0	1.09972
0	1.09902
0	1.09964
0	1.09871
0	1.09841
0	1.09895
0	1.09766
0	1.09676
0	1.09686
0	1.09593
0	1.09898
0	1.10033
0	1.10056
0	1.10248
0	1.10127
0	1.10013
0	1.09883
0	1.0979
0	1.09779
0	1.09885
0	1.09955
0	1.09502
0	1.09615
0	1.09695
0	1.09789
0	1.09737
0	1.09937
0	1.09902
0	1.0991
0	1.10009
0	1.10057
0	1.10048
0	1.10058
0	1.09935
0	1.09871
0	1.10094
0	1.10203
0	1.10167
0	1.10294
0	1.11018
0	1.11128
0	1.11373
0	1.10933
0	1.1106
0	1.10908
0	1.10973
0	1.11014
0	1.11037
0	1.11271
0	1.11639
0	1.11582
0	1.11707
0	1.11563
0	1.1171
0	1.11652
0	1.11624
0	1.11324
0	1.11436
0	1.11165
0	1.11211
0	1.1138
0	1.11405
0	1.11421
0	1.11246
0	1.10925
0	1.10556
0	1.10694
0	1.10742
0	1.10869
0	1.1085
0	1.11108
0	1.10995
0	1.11033
0	1.11168
0	1.11263
0	1.11155
0	1.11277
0	1.11263
0	1.11217
0	1.11083
0	1.11038
0	1.11118
0	1.11446
0	1.1128
0	1.11296
0	1.11147
0	1.11224
0	1.11226
0	1.11232
0	1.11128
0	1.11166
0	1.11276
0	1.11313
0	1.11262
0	1.11296
0	1.11111
0	1.11208
0	1.11213
0	1.11144
0	1.11118
0	1.11124
0	1.1112
0	1.11123
0	1.11337
0	1.11338
0	1.11338
0	1.11162
0	1.11156
0	1.1101
0	1.11001
0	1.1099
0	1.10938
0	1.10972
0	1.10879
0	1.10718
0	1.10671
0	1.10894
0	1.10855
0	1.1111
0	1.11061
0	1.11485
0	1.11429
0	1.11479
0	1.11354
0	1.11186
0	1.11246
0	1.11511
0	1.12647
0	1.1329
0	1.13551
0	1.13276
0	1.13397
0	1.13329
0	1.13261
0	1.1337
0	1.13524
0	1.13335
0	1.12971
0	1.13006
0	1.12995
0	1.12761
0	1.12702
0	1.12663
0	1.12739
0	1.12804
0	1.13028
0	1.12913
0	1.13056
0	1.13811
0	1.13799
0	1.14084
0	1.13905
0	1.14573
0	1.14444
0	1.14166
0	1.14279
0	1.14297
0	1.14288
0	1.14584
0	1.14854
0	1.14469
0	1.14376
0	1.14544
0	1.15293
0	1.15632
0	1.15555
0	1.15153
0	1.15126
0	1.14874
0	1.14778
0	1.14967
0	1.15058
0	1.14858
0	1.14836
0	1.14734
0	1.14843
0	1.14876
0	1.14889
0	1.14739
0	1.14494
0	1.14678
0	1.14894
0	1.1484
0	1.14879
0	1.14977
0	1.15
0	1.15088
0	1.1497
0	1.14855
0	1.14882
0	1.14695
0	1.14782
0	1.14641
0	1.14575
0	1.14483
0	1.14718
0	1.148
0	1.14797
0	1.14809
0	1.14843
0	1.14828
0	1.14719
0	1.14624
0	1.14596
0	1.14694
0	1.1453
0	1.14686
0	1.14574
0	1.1449
0	1.14663
0	1.1448
0	1.14894
0	1.14764
0	1.1486
0	1.14118
0	1.14286
0	1.14726
0	1.14453
0	1.14368
0	1.14485
0	1.14451
0	1.14075
0	1.13968
0	1.13793
0	1.13774
0	1.13773
0	1.13876
0	1.14054
0	1.14147
0	1.14056
0	1.13969
0	1.14044
0	1.14063
0	1.14396
0	1.13406
0	1.13321
0	1.13291
0	1.13062
0	1.13222
0	1.13261
0	1.13369
0	1.13385
0	1.13187
0	1.13268
0	1.13211
0	1.1328
0	1.13251
0	1.13317
0	1.13174
0	1.1293
0	1.13134
0	1.13062
0	1.13213
0	1.13486
0	1.1325
0	1.1296
0	1.13109
0	1.13149
0	1.12802
0	1.12857
0	1.12138
0	1.11504
0	1.11428
0	1.11567
0	1.11586
0	1.11625
0	1.11481
0	1.11443
0	1.11601
0	1.11673
0	1.11632
0	1.11734
0	1.11721
0	1.11696
0	1.11695
0	1.11529
0	1.1142
0	1.11532
0	1.11739
0	1.1181
0	1.11872
0	1.12102
0	1.11988
0	1.11892
0	1.11972
0	1.11824
0	1.11809
0	1.11625
0	1.11655
0	1.11827
0	1.11804
0	1.11944
0	1.11881
0	1.11978
0	1.11994
0	1.12049
0	1.11975
0	1.11878
0	1.11874
0	1.12035
0	1.11875
0	1.11941
0	1.1301
0	1.12602
0	1.13253
0	1.13077
0	1.12809
0	1.12851
0	1.13801
0	1.14917
0	1.14988
0	1.14533
0	1.13944
0	1.14666
0	1.14609
0	1.14398
0	1.1448
0	1.14439
0	1.14116
0	1.14078
0	1.14416
0	1.14525
0	1.14456
0	1.14516
0	1.14644
0	1.14061
0	1.14026
0	1.13845
0	1.13622
0	1.13417
0	1.13753
0	1.13748
0	1.13984
0	1.14162
0	1.14058
0	1.14108
0	1.14334
0	1.14551
0	1.14831
0	1.14667
0	1.14516
0	1.14666
0	1.14763
0	1.14447
0	1.14672
0	1.15212
0	1.14849
0	1.14709
0	1.14685
0	1.14508
0	1.14614
0	1.14173
0	1.14057
0	1.13869
0	1.14033
0	1.14006
0	1.13806
0	1.13836
0	1.14137
0	1.1409
0	1.14146
0	1.14294
0	1.14647
0	1.14413
0	1.14438
0	1.14641
0	1.14497
0	1.1446
0	1.14425
0	1.14603
0	1.14679
0	1.14806
0	1.14807
0	1.1466
0	1.14497
0	1.14298
0	1.14501
0	1.14617
0	1.14762
0	1.14986
0	1.14934
0	1.15199
0	1.16516
0	1.17449
0	1.18635
0	1.18799
0	1.18455
0	1.18544
0	1.18228
0	1.18626
0	1.18852
0	1.18874
0	1.18895
0	1.18938
0	1.18925
0	1.18778
0	1.19034
0	1.19191
0	1.19652
0	1.19896
0	1.19513
0	1.19855
0	1.1941
0	1.19185
0	1.1941
0	1.19475
0	1.19452
0	1.19713
0	1.19208
0	1.19279
0	1.19354
0	1.19481
0	1.19372
0	1.19471
0	1.19391
0	1.19681
0	1.20127
0	1.20092
0	1.20428
0	1.20224
0	1.20393
0	1.2025
0	1.2036
0	1.20428
0	1.20728
0	1.20378
0	1.20453
0	1.20326
0	1.1985
0	1.19975
0	1.19884
0	1.20046
0	1.20118
0	1.1998
0	1.2012
0	1.20041
0	1.20276
0	1.20376
0	1.20353
0	1.20093
0	1.20008
0	1.19985
0	1.20113
0	1.2037
0	1.20334
0	1.20819
0	1.26059
0	1.2554
0	1.26042
0	1.26186
0	1.26792
0	1.26665
0	1.26844
0	1.26588
0	1.26226
0	1.25775
0	1.25784
0	1.261
0	1.26299
0	1.26173
0	1.26415
0	1.26353
0	1.26554
0	1.26456
0	1.26639
0	1.26639
0	1.27026
0	1.26736
0	1.26531
0	1.26813
0	1.26469
0	1.26754
0	1.26339
0	1.26438
0	1.2608
0	1.25984
0	1.26156
0	1.25903
0	1.25985
0	1.26126
0	1.26076
0	1.26383
0	1.2646
0	1.2636
0	1.26453
0	1.26529
0	1.2649
0	1.26455
0	1.26563
0	1.26494
0	1.26405
0	1.26569
0	1.2674
0	1.26577
0	1.26324
0	1.2506
0	1.25529
0	1.25681
0	1.26134
0	1.25933
0	1.25506
0	1.25379
0	1.25266
0	1.25266
0	1.24139
0	1.23698
0	1.23446
0	1.23142
0	1.23627
0	1.23086
0	1.23063
0	1.23328
0	1.24008
0	1.24152
0	1.23933
0	1.24165
0	1.24976
0	1.24956
0	1.24442
0	1.24504
0	1.24079
0	1.24344
0	1.24764
0	1.25084
0	1.25196
0	1.25836
0	1.26342
0	1.25967
0	1.25949
0	1.26071
0	1.25845
0	1.2588
0	1.25769
0	1.25584
0	1.25768
0	1.2592
0	1.25836
0	1.25754
0	1.2549
0	1.25634
0	1.2536
0	1.25806
0	1.24774
0	1.24797
0	1.2461
0	1.24257
0	1.24633
0	1.24513
0	1.24661
0	1.24783
0	1.25045
0	1.24979
0	1.25144
0	1.25077
0	1.24904
0	1.24969
0	1.24816
0	1.24575
0	1.24774
0	1.24816
0	1.24969
0	1.25051
0	1.2488
0	1.25007
0	1.24781
0	1.24857
0	1.24736
0	1.24835
0	1.24968
0	1.25319
0	1.25278
0	1.25492
0	1.25352
0	1.25374
0	1.25363
0	1.25413
0	1.25614
0	1.25726
0	1.25908
0	1.26073
0	1.25918
0	1.25773
0	1.25689
0	1.26017
0	1.25975
0	1.25856
0	1.25876
0	1.25646
0	1.2567
0	1.25725
0	1.25756
0	1.25921
0	1.25993
0	1.25887
0	1.25673
0	1.25395
0	1.25556
0	1.25599
0	1.25564
0	1.254
0	1.25653
0	1.25742
0	1.25845
0	1.25513
0	1.25456
0	1.25829
0	1.25883
0	1.25989
0	1.25608
0	1.25534
0	1.25213
0	1.25038
0	1.25226
0	1.25336
0	1.25397
0	1.25397
0	1.25275
0	1.25202
0	1.24957
0	1.25634
0	1.25424
0	1.25601
0	1.25356
0	1.24855
0	1.24822
0	1.25165
0	1.25196
0	1.24935
0	1.25343
0	1.25389
0	1.25468
0	1.25351
0	1.25331
0	1.25196
0	1.25177
0	1.25072
0	1.24954
0	1.25105
0	1.25341
0	1.24989
0	1.24401
0	1.24675
0	1.24795
0	1.24995
0	1.25083
0	1.24941
0	1.25033
0	1.24969
0	1.24956
0	1.24789
0	1.248
0	1.24804
0	1.24897
0	1.25084
0	1.25249
0	1.25471
0	1.25526
0	1.25464
0	1.25436
0	1.25372
0	1.25435
0	1.2544
0	1.25531
0	1.25303
0	1.25331
0	1.25543
0	1.25529
0	1.25515
0	1.25503
0	1.25431
0	1.25496
0	1.255
0	1.25352
0	1.25276
0	1.25114
0	1.24943
0	1.24929
0	1.24911
0	1.24962
0	1.25034
0	1.25011
0	1.24898
0	1.2477
0	1.24822
0	1.25084
0	1.24958
0	1.24987
0	1.25141
0	1.24975
0	1.24846
0	1.2477
0	1.24767
0	1.24637
0	1.24724
0	1.24917
0	1.25048
0	1.24919
0	1.25133
0	1.25318
0	1.25263
0	1.25148
0	1.25091
0	1.25249
0	1.2552
0	1.25825
0	1.25754
0	1.25546
0	1.25503
0	1.25714
0	1.25854
0	1.25877
0	1.27319
0	1.27377
0	1.27611
0	1.2732
0	1.26511
0	1.26354
0	1.26904
0	1.27254
0	1.26954
0	1.26562
0	1.26861
0	1.27052
0	1.27294
0	1.27087
0	1.26895
0	1.27124
0	1.27216
0	1.26898
0	1.26639
0	1.26532
0	1.26751
0	1.26722
0	1.25743
0	1.2487
0	1.2453
0	1.24974
0	1.25124
0	1.25253
0	1.25159
0	1.25123
0	1.25497
0	1.25897
0	1.25614
0	1.25634
0	1.25567
0	1.25505
0	1.25449
0	1.25397
0	1.25281
0	1.25498
0	1.2555
0	1.25556
0	1.25368
0	1.25473
0	1.25757
0	1.25644
0	1.25491
0	1.25348
0	1.25282
0	1.25479
0	1.25228
0	1.25042
0	1.25041
0	1.25039
0	1.25221
0	1.25366
0	1.25526
0	1.25426
0	1.25327
0	1.25133
0	1.25013
0	1.2512
0	1.24754
0	1.25035
0	1.25184
0	1.25075
0	1.24588
0	1.24069
0	1.24228
0	1.24176
0	1.24386
0	1.24359
0	1.24472
0	1.23838
0	1.23479
0	1.2384
0	1.23921
0	1.24003
0	1.24015
0	1.23864
0	1.2432
0	1.24175
0	1.2392
0	1.23783
0	1.23926
0	1.24302
0	1.24517
0	1.24553
0	1.24471
0	1.24653
0	1.24478
0	1.24441
0	1.24484
0	1.24499
0	1.24669
0	1.24647
0	1.24703
0	1.24698
0	1.24772
0	1.244
0	1.24326
0	1.24306
0	1.24247
0	1.24284
0	1.24211
0	1.24106
0	1.23967
0	1.24232
0	1.24193
0	1.24298
0	1.24381
0	1.24474
0	1.24419
0	1.24242
0	1.24259
0	1.24057
0	1.24079
0	1.24217
0	1.24061
0	1.23927
0	1.24088
0	1.23452
0	1.23663
0	1.24052
0	1.24021
0	1.24091
0	1.24268
0	1.24583
0	1.24497
0	1.2448
0	1.24377
0	1.24552
0	1.24419
0	1.2435
0	1.24445
0	1.24643
0	1.24612
0	1.24807
0	1.24804
0	1.25041
0	1.2497
0	1.25156
0	1.25824
0	1.25664
0	1.25912
0	1.2588
0	1.25848
0	1.25578
0	1.25651
0	1.25674
0	1.25509
0	1.25424
0	1.25429
0	1.25405
0	1.25759
0	1.26078
0	1.25955
0	1.25903
0	1.2593
0	1.25911
0	1.25793
0	1.25892
0	1.25793
0	1.26735
0	1.26699
0	1.2661
0	1.2649
0	1.26111
0	1.26235
0	1.26105
0	1.26262
0	1.26332
0	1.26342
0	1.2591
0	1.25375
0	1.25586
0	1.25512
0	1.25238
0	1.25348
0	1.25306
0	1.25365
0	1.2564
0	1.25383
0	1.25466
0	1.25357
0	1.25473
0	1.25127
0	1.24853
0	1.24161
0	1.24078
0	1.24806
0	1.24555
0	1.24413
0	1.24481
0	1.24413
0	1.24529
0	1.24499
0	1.24658
0	1.24711
0	1.25036
0	1.25237
0	1.25014
0	1.25114
0	1.24941
0	1.25218
0	1.25087
0	1.25156
0	1.25109
0	1.25185
0	1.2533
0	1.25419
0	1.25948
0	1.25844
0	1.25774
0	1.25575
0	1.25398
0	1.2553
0	1.25393
0	1.25557
0	1.25616
0	1.25342
0	1.25126
0	1.25316
0	1.252
0	1.25166
0	1.2521
0	1.25453
0	1.25105
0	1.25123
0	1.24872
0	1.24965
0	1.25028
0	1.24812
0	1.2492
0	1.24797
0	1.25049
0	1.24987
0	1.24762
0	1.24293
0	1.24162
0	1.23818
0	1.23645
0	1.2407
0	1.24018
0	1.24073
0	1.21338
0	1.19288
0	1.18715
0	1.18903
0	1.19032
0	1.18581
0	1.18694
0	1.18518
0	1.18441
0	1.18428
0	1.17976
0	1.18181
0	1.18204
0	1.18266
0	1.18435
0	1.18541
0	1.18129
0	1.1825
0	1.18381
0	1.18325
0	1.18347
0	1.18617
0	1.18491
0	1.18725
0	1.19412
0	1.19274
0	1.19748
0	1.19352
0	1.19396
0	1.19336
0	1.18719
0	1.18659
0	1.18788
0	1.18767
0	1.18622
0	1.18684
0	1.18344
0	1.18206
0	1.18118
0	1.18522
0	1.18547
0	1.18413
0	1.18138
0	1.18388
0	1.18706
0	1.18642
0	1.18494
0	1.18487
0	1.18644
0	1.18371
0	1.18386
0	1.18444
0	1.18198
0	1.17216
0	1.17343
0	1.18145
0	1.18049
0	1.17588
0	1.17829
0	1.17617
0	1.16951
0	1.1551
0	1.15622
0	1.15687
0	1.15417
0	1.16321
0	1.16463
0	1.16462
0	1.1617
0	1.16297
0	1.16755
0	1.16723
0	1.1657
0	1.16578
0	1.1623
0	1.15984
0	1.16204
0	1.16361
0	1.16419
0	1.16643
0	1.16828
0	1.16991
0	1.1688
0	1.16819
0	1.16938
0	1.16755
0	1.16628
0	1.16869
0	1.17098
0	1.17145
0	1.16938
0	1.16867
0	1.1676
0	1.16754
0	1.16636
0	1.16589
0	1.1701
0	1.17012
0	1.16676
0	1.16667
0	1.16775
0	1.16987
0	1.17141
0	1.17026
0	1.17035
0	1.16831
0	1.16864
0	1.16861
0	1.166
0	1.16601
0	1.1641
0	1.1606
0	1.16389
0	1.17028
0	1.17667
0	1.17976
0	1.17922
0	1.17617
0	1.17654
0	1.17982
0	1.18344
0	1.17883
0	1.17886
0	1.17749
0	1.17701
0	1.17519
0	1.16921
0	1.16416
0	1.16237
0	1.16563
0	1.16645
0	1.15932
0	1.16209
0	1.16457
0	1.16148
0	1.15807
0	1.16117
0	1.15242
0	1.15375
0	1.15659
0	1.1529
0	1.14943
0	1.15305
0	1.15326
0	1.15317
0	1.15877
0	1.16005
0	1.15947
0	1.16089
0	1.15954
0	1.16094
0	1.16225
0	1.16713
0	1.16419
0	1.16158
0	1.16242
0	1.16391
0	1.16046
0	1.16187
0	1.1624
0	1.1633
0	1.15864
0	1.16708
0	1.16539
0	1.16453
0	1.16446
0	1.16286
0	1.16132
0	1.16286
0	1.15975
0	1.16216
0	1.16372
0	1.16517
0	1.16584
0	1.1635
0	1.1641
0	1.16398
0	1.1646
0	1.16186
0	1.15973
0	1.1602
0	1.15924
0	1.15829
0	1.15315
0	1.1538
0	1.1543
0	1.14786
0	1.14151
0	1.14527
0	1.14112
0	1.1436
0	1.1537
0	1.15025
0	1.15107
0	1.14833
0	1.14906
0	1.14723
0	1.14748
0	1.15159
0	1.14946
0	1.15038
0	1.15088
0	1.14702
0	1.1444
0	1.14246
0	1.14447
0	1.14163
0	1.14208
0	1.14165
0	1.146
0	1.14534
0	1.14637
0	1.14638
0	1.1459
0	1.14908
0	1.14119
0	1.14105
0	1.14648
0	1.14289
0	1.14129
0	1.14113
0	1.14148
0	1.14236
0	1.13903
0	1.1396
0	1.13463
0	1.13805
0	1.13645
0	1.13726
0	1.12655
0	1.12755
0	1.12569
0	1.1298
0	1.12924
0	1.12627
0	1.12475
0	1.10404
0	1.10696
0	1.1086
0	1.10241
0	1.10325
0	1.10493
0	1.10139
0	1.0996
0	1.10402
0	1.10519
0	1.10277
0	1.10133
0	1.10438
0	1.10059
0	1.10219
0	1.10385
0	1.10604
0	1.10707
0	1.10569
0	1.10605
0	1.10869
0	1.10669
0	1.10595
0	1.10518
0	1.10477
0	1.10697
0	1.11034
0	1.11037
0	1.11006
0	1.10949
0	1.10766
0	1.10967
0	1.10966
0	1.11148
0	1.11126
0	1.1126
0	1.11156
0	1.11326
0	1.11336
0	1.1134
0	1.11223
0	1.11295
0	1.11384
0	1.11566
0	1.11152
0	1.10976
0	1.11091
0	1.11064
0	1.10976
0	1.11006
0	1.10822
0	1.10726
0	1.10752
0	1.10658
0	1.10805
0	1.1063
0	1.10796
0	1.10711
0	1.10841
0	1.10665
0	1.10701
0	1.10643
0	1.10463
0	1.10604
0	1.10777
0	1.10726
0	1.10805
0	1.10803
0	1.10848
0	1.10918
0	1.11075
0	1.11055
0	1.11187
0	1.10846
0	1.10644
0	1.10691
0	1.10696
0	1.10844
0	1.10964
0	1.11595
0	1.1142
0	1.11623
0	1.11521
0	1.11683
0	1.12483
0	1.12276
0	1.12413
0	1.12171
0	1.12561
0	1.12714
0	1.1262
0	1.12568
0	1.12469
0	1.1224
0	1.12107
0	1.12125
0	1.12254
0	1.12143
0	1.12044
0	1.11996
0	1.12124
0	1.1203
0	1.12079
0	1.11834
0	1.11676
0	1.11647
0	1.11863
0	1.11975
0	1.1243
0	1.12155
0	1.12233
0	1.12319
0	1.12322
0	1.12097
0	1.12203
0	1.12123
0	1.11971
0	1.11896
0	1.10958
0	1.11115
0	1.11436
0	1.11402
0	1.10704
0	1.11004
0	1.10769
0	1.11018
0	1.11169
0	1.11204
0	1.11196
0	1.11795
0	1.11449
0	1.11384
0	1.11432
0	1.11464
0	1.11481
0	1.11534
0	1.11392
0	1.11514
0	1.11527
0	1.11694
0	1.11615
0	1.11768
0	1.11692
0	1.11774
0	1.11592
0	1.117
0	1.11988
0	1.12131
0	1.12114
0	1.1196
0	1.12076
0	1.12137
0	1.12096
0	1.12009
0	1.11889
0	1.11948
0	1.11919
0	1.11683
0	1.11807
0	1.11689
0	1.11691
0	1.11704
0	1.11828
0	1.1214
0	1.1214
0	1.12364
0	1.12198
0	1.12047
0	1.11975
0	1.1202
0	1.12136
0	1.12069
0	1.12078
0	1.1203
0	1.11946
0	1.11615
0	1.11432
0	1.11016
0	1.11102
0	1.11235
0	1.10815
0	1.11448
0	1.11847
0	1.11598
0	1.11666
0	1.11472
0	1.11399
0	1.11192
0	1.11033
0	1.10814
0	1.11052
0	1.10484
0	1.10618
0	1.10515
0	1.1069
0	1.10468
0	1.10461
0	1.10727
0	1.10598
0	1.10611
0	1.10738
0	1.10636
0	1.10821
0	1.10956
0	1.10576
0	1.11148
0	1.11491
0	1.11379
0	1.11424
0	1.11493
0	1.1137
0	1.11396
0	1.1135
0	1.10776
0	1.10898
0	1.12298
0	1.12748
0	1.12237
0	1.12233
0	1.11984
0	1.11968
0	1.11749
0	1.11766
0	1.11741
0	1.11743
0	1.11552
0	1.11785
0	1.11762
0	1.11637
0	1.11604
0	1.11531
0	1.11362
0	1.11496
0	1.1141
0	1.11154
0	1.11048
0	1.11245
0	1.11136
0	1.10889
0	1.10528
0	1.1014
0	1.10144
0	1.10331
0	1.1042
0	1.10736
0	1.10134
0	1.0999
0	1.09811
0	1.10024
0	1.1017
0	1.1016
0	1.10027
0	1.10238
0	1.10398
0	1.10223
0	1.10367
0	1.10602
0	1.10462
0	1.1075
0	1.10992
0	1.1078
0	1.10752
0	1.10751
0	1.10552
0	1.10718
0	1.10593
0	1.11683
0	1.11581
0	1.11802
-1	1.1173
-1	1.10534
-1	1.10991
-1	1.10768
-1	1.10091
-1	1.10042
-1	1.09731
-1	1.09838
-1	1.09914
-1	1.10005
-1	1.08543
-1	1.09198
-1	1.09605
-1	1.09779
-1	1.09738
-1	1.09761
-1	1.09879
-1	1.0956
-1	1.09578
-1	1.09677
-1	1.09516
-1	1.097
-1	1.09561
-1	1.09999
-1	1.09944
-1	1.09811
-1	1.1009
-1	1.09877
-1	1.09643
-1	1.09547
-1	1.09661
-1	1.09801
-1	1.10008
-1	1.09993
-1	1.10024
1	1.10235
1	1.10374
1	1.10223
1	1.1019
1	1.10513
1	1.10273
1	1.10185
1	1.10134
1	1.10188
1	1.10199
1	1.09893
1	1.09796
1	1.09697
1	1.09777
1	1.09831
1	1.0978
1	1.09691
1	1.09768
1	1.09695
1	1.09495
1	1.09572
1	1.09523
1	1.09756
1	1.09637
1	1.09027
1	1.09255
1	1.09337
1	1.09511
1	1.09449
1	1.09475
1	1.09494
1	1.0907
1	1.09044
1	1.08921
1	1.08562
1	1.08621
1	1.08677
1	1.08748
1	1.08802
1	1.09144
1	1.08994
1	1.08797
1	1.08739
1	1.08583
1	1.08665
1	1.08579
1	1.08717
1	1.08608
1	1.09051
1	1.08762
1	1.09267
1	1.09244
1	1.09208
1	1.09266
1	1.09098
1	1.09171
1	1.09313
1	1.0928
1	1.09181
1	1.08986
1	1.08583
1	1.08535
1	1.08198
1	1.0841
1	1.08849
1	1.08725
1	1.08598
1	1.08583
1	1.08649
1	1.088
1	1.0897
1	1.09162
1	1.08895
1	1.08871
1	1.09912
1	1.10048
1	1.10178
1	1.10252
1	1.09815
1	1.09712
1	1.09476
1	1.09625
1	1.09662
1	1.09939
1	1.10973
1	1.11198
1	1.11219
1	1.11293
1	1.11859
1	1.11899
1	1.11583
1	1.11904
1	1.11751
1	1.11787
1	1.11853
1	1.11731
1	1.11506
1	1.11819
1	1.11673
1	1.11641
1	1.11832
1	1.12349
1	1.11879
1	1.11701
1	1.1156
1	1.11712
1	1.11952
1	1.11862
1	1.11907
1	1.11884
1	1.11781
1	1.11805
1	1.11705
1	1.11472
1	1.11574
1	1.11443
1	1.11691
1	1.11755
1	1.11704
1	1.11575
1	1.1172
1	1.11858
1	1.11829
1	1.11808
1	1.11803
1	1.11545
1	1.11549
1	1.11644
1	1.1161
1	1.11426
1	1.11329
1	1.11386
1	1.11512
1	1.12063
1	1.11935
1	1.12306
1	1.12221
1	1.12575
1	1.1316
1	1.13463
1	1.13364
1	1.13936
1	1.14583
1	1.14612
1	1.14399
1	1.14361
1	1.14664
1	1.14541
1	1.14699
1	1.16024
1	1.17086
1	1.17334
1	1.17116
-1	1.16827
-1	1.16306
-1	1.16912
-1	1.16524
-1	1.16045
-1	1.16099
-1	1.16424
-1	1.16635
-1	1.16432
-1	1.16724
-1	1.16894
-1	1.16932
-1	1.16776
-1	1.16613
-1	1.16917
-1	1.16793
-1	1.16749
-1	1.17047
-1	1.16535
-1	1.16606
-1	1.16649
-1	1.16337
-1	1.16448
-1	1.16107
-1	1.13969
-1	1.10472
-1	1.09406
-1	1.09257
-1	1.08929
1	1.10408
1	1.11629
1	1.10946
1	1.11149
1	1.11067
1	1.12347
1	1.12076
1	1.11679
1	1.11451
1	1.11575
1	1.12079
1	1.11788
1	1.11467
1	1.11636
1	1.12176
1	1.15547
1	1.14825
1	1.14854
1	1.1453
1	1.14005
1	1.138
1	1.13134
1	1.14292
1	1.13751
1	1.14004
1	1.1422
1	1.13631
1	1.13859
1	1.1389
1	1.13574
1	1.13859
1	1.13872
1	1.14039
1	1.14297
1	1.14243
1	1.14473
1	1.14279
1	1.14114
1	1.13784
1	1.13536
1	1.13579
1	1.12584
1	1.12744
1	1.12696
1	1.12725
1	1.12778
1	1.12362
1	1.12994
1	1.12793
1	1.12651
1	1.1259
1	1.12564
1	1.12883
1	1.12558
1	1.12802
1	1.12688
1	1.12898
1	1.12746
1	1.13026
1	1.12891
1	1.12533
1	1.12528
1	1.12796
1	1.12627
1	1.11811
1	1.12243
1	1.12488
1	1.12438
1	1.12428
1	1.12739
1	1.13143
1	1.12808
1	1.12905
1	1.12755
1	1.12987
1	1.13787
1	1.13132
1	1.1368
1	1.13409
1	1.1361
1	1.13464
1	1.13661
1	1.1386
1	1.1403
1	1.14021
1	1.13923
1	1.14108
1	1.15129
1	1.15927
1	1.15313
1	1.14732
1	1.14863
1	1.1514
1	1.15011
1	1.14507
1	1.1465
1	1.14813
1	1.14818
1	1.15046
1	1.14916
1	1.14729
1	1.14592
1	1.14516
1	1.14542
1	1.14538
1	1.13988
1	1.14088
1	1.1426
1	1.14153
1	1.14188
1	1.14028
1	1.13953
1	1.13908
1	1.14481
1	1.14173
1	1.14118
1	1.14487
1	1.14282
1	1.14082
1	1.14084
1	1.14032
1	1.14039
1	1.14047
1	1.13862
1	1.14
1	1.13993
1	1.1428
1	1.14375
1	1.14501
1	1.14505
1	1.14423
1	1.14521
1	1.14724
1	1.14551
1	1.14568
1	1.14363
1	1.14328
1	1.14596
1	1.14807
1	1.14653
1	1.14955
-1	1.1481
-1	1.14645
-1	1.1453
-1	1.14073
-1	1.14233
-1	1.14049
-1	1.14124
-1	1.14191
-1	1.1407
-1	1.14111
-1	1.14261
-1	1.14392
-1	1.14301
-1	1.14314
-1	1.14392
-1	1.14207
-1	1.13808
-1	1.13919
-1	1.14134
-1	1.1406
-1	1.13609
-1	1.13746
-1	1.13892
-1	1.12772
-1	1.12987
-1	1.13352
-1	1.13403
-1	1.13143
-1	1.12967
-1	1.12254
1	1.12528
1	1.1259
1	1.12879
1	1.13277
1	1.12809
1	1.12814
1	1.13248
1	1.13102
1	1.13001
1	1.13099
1	1.13132
1	1.12875
1	1.12892
1	1.13001
1	1.13286
1	1.13485
1	1.13213
1	1.13413
1	1.13212
1	1.13297
1	1.13244
1	1.13363
1	1.13423
1	1.13489
1	1.13417
1	1.13347
1	1.13322
1	1.1342
1	1.13536
1	1.13641
1	1.13315
1	1.13406
1	1.13128
1	1.13268
1	1.13127
1	1.13104
1	1.13106
1	1.1315
1	1.12962
1	1.12935
1	1.13118
1	1.13109
1	1.13132
1	1.13179
1	1.13251
1	1.13378
1	1.13481
1	1.1344
1	1.13476
1	1.13443
1	1.13442
1	1.13609
1	1.13804
1	1.13695
1	1.13769
1	1.13855
1	1.13723
1	1.13705
1	1.13609
1	1.13774
1	1.13572
1	1.13633
1	1.13576
1	1.13789
1	1.13694
1	1.13781
1	1.13799
1	1.137
1	1.13568
1	1.13659
1	1.1367
1	1.1364
1	1.13677
1	1.13633
1	1.13705
1	1.13638
1	1.1347
1	1.13465
1	1.13466
1	1.13489
1	1.13379
1	1.13466
1	1.13546
1	1.13597
1	1.13529
1	1.13504
1	1.1349
1	1.1356
1	1.13902
1	1.13957
1	1.14424
-1	1.1437
-1	1.14461
-1	1.14466
-1	1.1431
-1	1.1416
-1	1.14328
-1	1.14376
-1	1.14
-1	1.14055
-1	1.13921
-1	1.13965
-1	1.14021
-1	1.13903
-1	1.13827
-1	1.133
-1	1.1334
-1	1.13633
-1	1.1346
-1	1.13419
-1	1.13528
-1	1.1352
-1	1.13734
-1	1.1389
-1	1.13854
-1	1.13832
-1	1.13956
-1	1.13811
-1	1.13838
-1	1.13967
-1	1.13907
-1	1.13974
-1	1.13909
-1	1.13811
-1	1.13844
-1	1.13927
-1	1.1388
-1	1.1375
-1	1.1379
-1	1.13945
-1	1.14136
-1	1.13938
-1	1.13942
-1	1.13756
-1	1.13608
-1	1.13637
-1	1.13596
-1	1.1353
-1	1.13321
1	1.13383
1	1.13428
1	1.13436
1	1.13573
1	1.13511
1	1.13453
1	1.13455
1	1.13445
1	1.1339
1	1.13382
1	1.13513
1	1.13542
1	1.13628
1	1.13573
1	1.1363
1	1.13884
1	1.13892
1	1.13778
1	1.13926
1	1.13881
1	1.13832
1	1.13838
1	1.13895
1	1.13852
1	1.13838
1	1.1402
1	1.13976
1	1.1389
1	1.13876
1	1.1379
1	1.13819
1	1.13927
1	1.14231
-1	1.14208
-1	1.13905
-1	1.13895
-1	1.14004
-1	1.13911
-1	1.13752
-1	1.13716
-1	1.13716
-1	1.13669
-1	1.13662
-1	1.137
-1	1.13795
-1	1.13968
-1	1.13927
-1	1.13979
-1	1.13881
-1	1.13778
-1	1.14071
-1	1.14204
-1	1.14836
-1	1.15587
-1	1.15647
-1	1.14866
-1	1.15369
-1	1.14883
-1	1.15029
-1	1.15165
-1	1.15164
-1	1.15376
-1	1.15268
-1	1.14975
-1	1.15021
-1	1.15023
-1	1.14916
-1	1.14754
-1	1.14219
-1	1.13872
-1	1.13914
-1	1.13958
-1	1.12711
-1	1.13174
-1	1.13232
-1	1.13184
-1	1.1342
-1	1.13476
-1	1.13153
-1	1.13321
-1	1.13377
-1	1.13336
-1	1.13286
-1	1.13214
-1	1.13089
-1	1.13029
-1	1.13022
-1	1.1188
-1	1.12498
-1	1.12592
-1	1.12749
-1	1.12791
-1	1.12684
-1	1.127
-1	1.10225
-1	1.0984
-1	1.10409
-1	1.10291
-1	1.10295
-1	1.10311
-1	1.10278
-1	1.10487
-1	1.10481
-1	1.10473
-1	1.10331
-1	1.10438
-1	1.10431
-1	1.10538
-1	1.10672
-1	1.10442
-1	1.10227
-1	1.10463
-1	1.10431
-1	1.10541
-1	1.10565
-1	1.10659
-1	1.10608
-1	1.10702
-1	1.10613
-1	1.10659
-1	1.10464
-1	1.10487
-1	1.10558
-1	1.1057
-1	1.10631
-1	1.10684
-1	1.10465
-1	1.10513
-1	1.1058
-1	1.10519
-1	1.10438
-1	1.10433
-1	1.10282
-1	1.10546
-1	1.10486
-1	1.10401
-1	1.10447
-1	1.10602
-1	1.10629
-1	1.10669
-1	1.10543
-1	1.10668
-1	1.1039
-1	1.10162
-1	1.10261
-1	1.10228
-1	1.10086
-1	1.10276
-1	1.09993
-1	1.09423
-1	1.09688
-1	1.097
-1	1.09385
-1	1.09362
-1	1.09617
-1	1.1007
-1	1.10044
-1	1.09688
-1	1.09913
-1	1.10059
-1	1.09913
-1	1.09834
-1	1.09588
-1	1.09627
-1	1.09116
-1	1.09068
-1	1.08651
-1	1.08462
-1	1.08782
-1	1.08626
-1	1.08853
-1	1.0814
-1	1.08663
-1	1.08924
-1	1.09186
-1	1.09144
-1	1.09128
-1	1.09132
-1	1.09436
-1	1.09241
-1	1.0953
-1	1.09495
-1	1.09481
-1	1.09525
-1	1.09348
1	1.09761
1	1.09838
1	1.09649
1	1.09695
1	1.09663
1	1.09711
1	1.09253
1	1.09304
1	1.09143
1	1.09265
1	1.09417
1	1.09339
1	1.09196
1	1.09278
1	1.09521
1	1.09472
1	1.09348
1	1.09382
1	1.09221
1	1.09349
1	1.09329
1	1.0942
1	1.09432
1	1.09516
1	1.09311
1	1.09374
1	1.09404
1	1.09707
1	1.09759
-1	1.09732
-1	1.09821
-1	1.09956
-1	1.09838
-1	1.097
-1	1.09618
-1	1.09506
-1	1.09361
-1	1.09437
-1	1.0939
-1	1.09384
-1	1.09306
-1	1.09497
-1	1.09447
-1	1.09532
-1	1.09665
-1	1.09607
-1	1.09695
-1	1.09604
-1	1.09453
-1	1.09995
-1	1.09605
-1	1.09474
-1	1.09488
-1	1.09439
-1	1.09409
-1	1.09618
-1	1.10839
-1	1.11302
-1	1.10809
-1	1.11034
-1	1.11203
-1	1.11445
-1	1.11204
-1	1.11053
-1	1.11338
-1	1.11037
-1	1.10979
-1	1.11059
-1	1.11086
-1	1.11171
-1	1.11322
-1	1.11357
-1	1.11417
-1	1.11827
-1	1.11914
-1	1.12161
-1	1.12176
-1	1.11948
-1	1.11777
-1	1.11792
-1	1.11946
-1	1.12102
-1	1.11842
-1	1.11977
-1	1.11924
-1	1.11981
-1	1.11971
-1	1.12161
-1	1.12245
-1	1.12117
-1	1.12109
-1	1.12109
-1	1.11901
-1	1.1182
-1	1.11879
-1	1.11653
-1	1.11767
-1	1.11496
-1	1.11279
-1	1.11525
-1	1.11504
-1	1.11531
-1	1.11503
-1	1.1119
-1	1.11308
-1	1.1135
-1	1.11346
-1	1.11292
-1	1.11377
-1	1.11445
-1	1.11435
-1	1.11267
-1	1.11404
-1	1.11331
-1	1.11442
-1	1.11406
-1	1.1134
-1	1.11353
-1	1.11302
-1	1.11208
-1	1.11311
-1	1.11636
-1	1.11635
-1	1.11597
-1	1.11698
-1	1.11569
-1	1.11586
-1	1.11539
-1	1.11819
-1	1.11811
-1	1.11783
-1	1.11674
-1	1.11664
-1	1.11703
-1	1.11779
-1	1.11833
-1	1.11654
-1	1.1174
-1	1.11569
-1	1.11595
-1	1.1167
-1	1.11522
-1	1.11235
-1	1.11142
-1	1.11254
-1	1.10682
-1	1.10686
-1	1.10693
-1	1.10755
-1	1.11038
-1	1.11082
-1	1.10939
-1	1.10763
-1	1.10797
-1	1.10569
-1	1.10726
-1	1.1054
-1	1.10797
-1	1.10876
-1	1.10846
-1	1.11323
-1	1.11099
-1	1.11575
-1	1.1158
-1	1.11854
-1	1.12816
-1	1.12181
-1	1.12769
-1	1.12568
-1	1.12698
-1	1.12778
-1	1.12327
-1	1.12398
-1	1.12116
-1	1.11755
-1	1.12176
-1	1.12032
-1	1.11515
-1	1.12082
-1	1.12355
-1	1.12918
-1	1.13294
-1	1.13051
-1	1.13792
-1	1.142
-1	1.14005
-1	1.14079
-1	1.14131
-1	1.13915
-1	1.13632
-1	1.13975
-1	1.13944
-1	1.13798
-1	1.13598
-1	1.13788
-1	1.13842
-1	1.13522
-1	1.13628
-1	1.13797
-1	1.13655
-1	1.13702
-1	1.13591
-1	1.13814
-1	1.13977
-1	1.13805
-1	1.1371
-1	1.13887
-1	1.13881
-1	1.13892
-1	1.13876
-1	1.13717
-1	1.13762
-1	1.13679
-1	1.13705
-1	1.1385
-1	1.13639
-1	1.13598
-1	1.13607
-1	1.13717
-1	1.13536
-1	1.13607
-1	1.13612
-1	1.13573
-1	1.1352
-1	1.13825
-1	1.13787
-1	1.13777
-1	1.13691
-1	1.13647
-1	1.13601
-1	1.13852
-1	1.13825
-1	1.14038
-1	1.14441
-1	1.14368
-1	1.14455
-1	1.14196
-1	1.13966
-1	1.13948
-1	1.13924
-1	1.13971
-1	1.13588
-1	1.13565
-1	1.13657
-1	1.13202
-1	1.12502
-1	1.12821
-1	1.12937
-1	1.12916
-1	1.12975
-1	1.12867
-1	1.13224
-1	1.13032
-1	1.12857
-1	1.12811
-1	1.1294
-1	1.1307
-1	1.12864
-1	1.12843
-1	1.12738
-1	1.12647
-1	1.12499
-1	1.12615
-1	1.12559
-1	1.12088
-1	1.11975
-1	1.12043
-1	1.1186
-1	1.12113
-1	1.12155
-1	1.12272
-1	1.12128
-1	1.1226
-1	1.12239
-1	1.12327
-1	1.12242
-1	1.121
-1	1.12134
-1	1.12274
-1	1.12074
-1	1.12
-1	1.11987
-1	1.11951
-1	1.12244
-1	1.1222
-1	1.12187
-1	1.12297
-1	1.12314
-1	1.12347
-1	1.12478
-1	1.12436
-1	1.12372
-1	1.12494
-1	1.13733
-1	1.13606
-1	1.1349
-1	1.13503
-1	1.13673
-1	1.13573
-1	1.1371
-1	1.13642
-1	1.13497
-1	1.13464
-1	1.13605
-1	1.13659
-1	1.13527
-1	1.13528
-1	1.13402
-1	1.13425
-1	1.13534
-1	1.13468
-1	1.13518
-1	1.13525
-1	1.13633
-1	1.13599
-1	1.1344
-1	1.13537
-1	1.13296
-1	1.13376
-1	1.13581
-1	1.13615
-1	1.13567
-1	1.13426
-1	1.13442
-1	1.13552
-1	1.13762
-1	1.13661
-1	1.1361
-1	1.13857
-1	1.13694
-1	1.13939
-1	1.14021
-1	1.13837
-1	1.13849
-1	1.14339
-1	1.14469
-1	1.14306
-1	1.13778
-1	1.13968
-1	1.14274
-1	1.14599
-1	1.15464
-1	1.15583
-1	1.15901
-1	1.158
-1	1.16653
-1	1.16446
-1	1.16243
-1	1.16765
-1	1.16553
-1	1.1686
-1	1.19297
-1	1.19052
-1	1.18779
-1	1.19099
-1	1.18987
-1	1.18956
-1	1.19308
-1	1.1912
-1	1.19282
-1	1.19187
-1	1.18833
-1	1.18425
-1	1.18183
-1	1.18461
-1	1.188
-1	1.19111
-1	1.18935
-1	1.19047
-1	1.1906
-1	1.18915
-1	1.19041
-1	1.18957
-1	1.18783
-1	1.18767
-1	1.18921
-1	1.18874
-1	1.19061
-1	1.18968
-1	1.19089
-1	1.19302
-1	1.19152
-1	1.19251
-1	1.19268
0	1.19715
0	1.20032
0	1.19795
0	1.19138
0	1.18807
0	1.18999
0	1.18646
0	1.1819
0	1.18262
0	1.18507
0	1.18436
0	1.18072
0	1.17938
0	1.17775
0	1.17877
0	1.1799
0	1.17694
0	1.17516
0	1.17605
0	1.17694
0	1.17518
0	1.1723
0	1.17254
0	1.17487
0	1.17331
0	1.17416
0	1.17466
0	1.17491
0	1.17564
0	1.17287
0	1.17194
0	1.16017
0	1.1613
0	1.16265
0	1.1629
0	1.16045
0	1.15942
0	1.16017
0	1.15795
0	1.15613
0	1.15255
0	1.15515
0	1.15363
0	1.15569
0	1.15437
0	1.15552
0	1.15722
0	1.15434
0	1.15303
0	1.14466
0	1.14375
0	1.14182
0	1.14156
0	1.13743
0	1.13729
0	1.12396
0	1.12249
0	1.12491
0	1.12225
0	1.12391
0	1.12664
0	1.12697
0	1.12312
0	1.12523
0	1.12682
0	1.12399
0	1.12593
0	1.12493
0	1.1288
0	1.12651
0	1.12617
0	1.12925
0	1.1316
0	1.13764
0	1.13685
0	1.13795
0	1.13733
