0	0.937542
0	0.938864
0	0.939606
0	0.938667
0	0.939773
0	0.939845
0	0.940037
0	0.940294
0	0.939163
0	0.940725
0	0.944051
0	0.943931
0	0.941305
0	0.941173
0	0.942998
0	0.942866
0	0.941778
0	0.94246
0	0.941658
0	0.941413
0	0.942962
0	0.941909
0	0.941634
0	0.941825
0	0.93744
0	0.936537
0	0.936985
0	0.936423
0	0.935274
0	0.936142
0	0.934024
0	0.934563
0	0.935065
0	0.936405
0	0.937303
0	0.939049
0	0.938655
0	0.939199
0	0.938894
0	0.93948
0	0.938786
0	0.937751
0	0.936776
0	0.935933
0	0.934981
0	0.935962
0	0.93671
0	0.939761
0	0.940108
0	0.93951
0	0.941724
0	0.940874
0	0.941383
0	0.941903
0	0.943614
0	0.943512
0	0.942304
0	0.942525
0	0.942316
0	0.943195
0	0.942609
0	0.941957
0	0.942675
0	0.942131
0	0.942208
0	0.942268
0	0.94164
0	0.940599
0	0.94039
0	0.94106
0	0.941084
0	0.941365
0	0.940168
0	0.940868
0	0.940073
0	0.938691
0	0.939163
0	0.939199
0	0.939732
0	0.938912
0	0.937117
0	0.935855
0	0.936842
0	0.937554
0	0.938685
0	0.937243
0	0.935484
0	0.9368
0	0.93625
0	0.936274
0	0.935328
0	0.936878
0	0.936453
0	0.936722
0	0.937925
0	0.936997
0	0.937769
0	0.937518
0	0.935675
0	0.934395
0	0.935197
0	0.935221
0	0.934563
0	0.922819
0	0.932086
0	0.933653
0	0.933755
0	0.932092
0	0.92864
0	0.930889
0	0.929741
0	0.929561
0	0.933916
0	0.934778
0	0.934311
0	0.933599
0	0.931858
0	0.929651
0	0.930399
0	0.931523
0	0.931284
0	0.930895
0	0.928054
0	0.926061
0	0.926067
0	0.927952
0	0.926223
0	0.925032
0	0.926432
0	0.929711
0	0.927599
0	0.924739
0	0.9273
0	0.928478
0	0.929262
0	0.929878
0	0.93199
0	0.93473
0	0.934455
0	0.937907
0	0.937955
0	0.937219
0	0.937847
0	0.937111
0	0.93689
0	0.935891
0	0.935227
0	0.936333
0	0.93531
0	0.935364
0	0.93403
0	0.934006
0	0.932684
0	0.933276
0	0.934664
0	0.935113
0	0.933857
0	0.934234
0	0.934981
0	0.932726
0	0.930949
0	0.928269
0	0.92797
0	0.92983
0	0.929525
0	0.929059
0	0.929776
0	0.929142
0	0.928813
0	0.9291
0	0.928071
0	0.92776
0	0.930255
0	0.930034
0	0.928843
0	0.92986
0	0.928963
0	0.929765
0	0.930776
0	0.930476
0	0.931063
0	0.93272
0	0.932672
0	0.932205
0	0.932367
0	0.932259
0	0.931625
0	0.932331
0	0.930949
0	0.930979
0	0.929639
0	0.927922
0	0.929017
0	0.929794
0	0.928245
0	0.928257
0	0.926833
0	0.926139
0	0.926187
0	0.934096
0	0.93217
0	0.933049
0	0.933516
0	0.932786
0	0.931236
0	0.930794
0	0.933546
0	0.931864
0	0.931517
0	0.931757
0	0.929938
0	0.930147
0	0.927318
0	0.926534
0	0.92922
0	0.92794
0	0.928706
0	0.929902
0	0.928933
0	0.927521
0	0.928813
0	0.933426
0	0.93333
0	0.933683
0	0.933222
0	0.930279
0	0.929106
0	0.927748
0	0.92773
0	0.928155
0	0.924661
0	0.919774
0	0.917434
0	0.917931
0	0.916758
0	0.917518
0	0.92042
0	0.91756
0	0.918834
0	0.919516
0	0.920151
0	0.919768
0	0.920013
0	0.920617
0	0.923914
0	0.922765
0	0.923022
0	0.921808
0	0.921909
0	0.922777
0	0.922358
0	0.921311
0	0.920665
0	0.919887
0	0.920366
0	0.921329
0	0.921126
0	0.920204
0	0.919977
0	0.920396
0	0.920474
0	0.920725
0	0.921921
0	0.921054
0	0.920761
0	0.920043
0	0.919469
0	0.919654
0	0.917722
0	0.916734
0	0.91674
0	0.917375
0	0.916441
0	0.915496
0	0.916705
0	0.917387
0	0.916872
0	0.915658
0	0.917422
0	0.918469
0	0.917267
0	0.918583
0	0.918517
0	0.916986
0	0.916405
0	0.915771
0	0.916519
0	0.914982
0	0.914539
0	0.918428
0	0.920743
0	0.92182
0	0.921969
0	0.921646
0	0.921263
0	0.920372
0	0.920348
0	0.920186
0	0.917752
0	0.919211
0	0.917434
0	0.915544
0	0.913432
0	0.913306
0	0.914766
0	0.913145
0	0.915
0	0.913474
0	0.911907
0	0.902795
0	0.900827
0	0.897255
0	0.894013
0	0.893026
0	0.890369
0	0.8838
0	0.881712
0	0.86678
0	0.846355
0	0.857794
0	0.862114
0	0.860444
0	0.856765
0	0.864985
0	0.861306
0	0.859828
0	0.857028
0	0.859673
0	0.859236
0	0.859254
0	0.859888
0	0.855066
0	0.853433
0	0.853636
0	0.853056
0	0.851058
0	0.852063
0	0.85448
0	0.855353
0	0.857076
0	0.852811
0	0.853893
0	0.852972
0	0.853325
0	0.854312
0	0.855102
0	0.853319
0	0.851883
0	0.849813
0	0.84818
0	0.84684
0	0.845793
0	0.847899
0	0.849993
0	0.849574
0	0.846978
0	0.847133
0	0.844776
0	0.841492
0	0.836119
0	0.841043
0	0.842269
0	0.844902
0	0.843005
0	0.843442
0	0.839864
0	0.842
0	0.840271
0	0.840786
0	0.835964
0	0.835694
0	0.835353
0	0.828994
0	0.822999
0	0.825333
0	0.829108
0	0.826188
0	0.823705
0	0.828348
0	0.828055
0	0.834588
0	0.833104
0	0.835216
0	0.833906
0	0.834432
0	0.849101
0	0.852296
0	0.838482
0	0.843585
0	0.831309
0	0.838297
0	0.837352
0	0.839852
0	0.840869
0	0.847749
0	0.844932
0	0.852918
0	0.85028
0	0.846529
0	0.841599
0	0.841324
0	0.844088
0	0.841994
0	0.844142
0	0.841474
0	0.842766
0	0.839864
0	0.845655
0	0.844232
0	0.847217
0	0.85162
0	0.851716
0	0.850184
0	0.847217
0	0.848288
0	0.846026
0	0.845506
0	0.844609
0	0.852284
0	0.853182
0	0.850932
0	0.84882
0	0.852009
0	0.855604
0	0.854516
0	0.855844
0	0.853379
0	0.85372
0	0.85792
0	0.855269
0	0.858841
0	0.864824
0	0.864447
0	0.876238
0	0.87719
0	0.873803
0	0.874366
0	0.876155
0	0.876352
0	0.872571
0	0.870375
0	0.871428
0	0.872445
0	0.868533
0	0.872278
0	0.871781
0	0.873654
0	0.875622
0	0.87646
0	0.875269
0	0.874755
0	0.872607
0	0.870046
0	0.87004
0	0.871775
0	0.870956
0	0.871793
0	0.856083
0	0.847522
0	0.847462
0	0.850609
0	0.866798
0	0.858057
0	0.860636
0	0.857908
0	0.856496
0	0.858416
0	0.857704
0	0.859224
0	0.858997
0	0.853247
0	0.854486
0	0.853403
0	0.850609
0	0.853774
0	0.852972
0	0.856873
0	0.855365
0	0.853271
0	0.856035
0	0.856998
0	0.856227
0	0.855084
0	0.854988
0	0.856448
0	0.858715
0	0.856969
0	0.856107
0	0.856933
0	0.856639
0	0.854318
0	0.853529
0	0.852422
0	0.854725
0	0.856663
0	0.858955
0	0.862395
0	0.864836
0	0.867133
0	0.864955
0	0.868599
0	0.868276
0	0.86663
0	0.864991
0	0.866696
0	0.865805
0	0.867007
0	0.867701
0	0.870106
0	0.87777
0	0.877172
0	0.874659
0	0.873289
0	0.876346
0	0.876466
0	0.876705
0	0.876759
0	0.872984
0	0.873271
0	0.87302
0	0.873821
0	0.876298
0	0.880618
0	0.876005
0	0.875945
0	0.873666
0	0.875814
0	0.876388
0	0.876549
0	0.874192
0	0.875682
0	0.871518
0	0.87092
0	0.872792
0	0.876825
0	0.879212
0	0.876801
0	0.878231
0	0.877644
0	0.876131
0	0.874438
0	0.877232
0	0.876699
0	0.878386
0	0.877788
0	0.876789
0	0.875239
0	0.874605
0	0.874964
0	0.873241
0	0.872517
0	0.872757
0	0.873564
0	0.872015
0	0.873193
0	0.874647
0	0.874653
0	0.874749
0	0.875383
0	0.8743
0	0.875646
0	0.875251
0	0.87369
0	0.874438
0	0.875509
0	0.875658
0	0.875694
0	0.875856
0	0.877333
0	0.877094
0	0.876549
0	0.869933
0	0.871644
0	0.871763
0	0.872804
0	0.874719
0	0.87497
0	0.87564
0	0.872218
0	0.871057
0	0.871345
0	0.873139
0	0.870064
0	0.872069
0	0.870226
0	0.869059
0	0.870992
0	0.872284
0	0.873558
0	0.8729
0	0.87491
0	0.876041
0	0.901999
0	0.90182
0	0.906349
0	0.90645
0	0.914096
0	0.91963
0	0.916591
0	0.919026
0	0.908461
0	0.90812
0	0.904907
0	0.909872
0	0.913959
0	0.919187
0	0.921969
0	0.919995
0	0.918757
0	0.917746
0	0.921987
0	0.917925
0	0.944643
0	0.940575
0	0.935861
0	0.939133
0	0.941155
0	0.94109
0	0.945445
0	0.942059
0	0.948819
0	0.965594
0	0.96432
0	0.957751
0	0.959977
0	0.959061
0	0.956752
0	0.957739
0	0.951451
0	0.950297
0	0.950811
0	0.949609
0	0.951212
0	0.949956
0	0.950291
0	0.955723
0	0.954592
0	0.955256
0	0.954179
0	0.954694
0	0.954491
0	0.955944
0	0.956902
0	0.954514
0	0.955304
0	0.956578
0	0.958355
0	0.957871
0	0.962058
0	0.963919
0	0.961305
0	0.957841
0	0.956907
0	0.95324
0	0.949346
0	0.951768
0	0.945056
0	0.938738
0	0.93972
0	0.941407
0	0.944649
0	0.945176
0	0.947371
0	0.945445
0	0.944649
0	0.942896
0	0.945888
0	0.945158
0	0.945612
0	0.943273
0	0.946629
0	0.951643
0	0.953252
0	0.948658
0	0.956237
0	0.967389
0	0.979067
0	0.980066
0	0.983141
0	1.00153
0	1.01106
0	0.999414
0	0.995908
0	0.999312
0	0.995196
0	0.996057
0	0.995196
0	0.991469
0	0.994849
0	1.00038
0	0.998708
0	0.999168
0	0.999629
0	1.00021
0	1.00318
0	1.00483
0	1.00096
0	1.00656
0	1.00369
0	0.998115
0	0.995447
0	0.996769
0	0.996351
0	1.00087
0	0.995752
0	0.99796
0	0.997463
0	1.00407
0	1.0052
0	1.00437
0	1.00525
0	1.00288
0	0.997122
0	1.00062
0	1.00115
0	0.997673
0	1.00242
0	1.00022
0	0.997583
0	0.996105
0	1.00164
0	0.999121
0	1.00228
0	1.00176
0	1.00108
0	1.00057
0	0.998959
0	0.999019
0	1.00136
0	1.00318
0	1.00362
0	1.0028
0	1.00218
0	0.999838
0	1.00224
0	1.01046
0	1.00052
0	0.998355
0	1.00044
0	1.00012
0	1.00176
0	0.999892
0	1.00029
0	1.00215
0	0.997768
0	0.996943
0	0.997075
0	0.992217
0	0.997236
0	0.996381
0	0.996428
0	0.996141
0	0.99455
0	0.997092
0	0.997798
0	0.996871
0	1.00035
0	1.00126
0	1.00583
0	1.0066
0	1.00386
0	1.00655
0	1.00726
0	1.00529
0	1.00328
0	1.02506
0	1.03819
0	1.05396
0	1.03878
0	1.04021
0	1.03645
0	1.03917
0	1.04272
0	1.04187
0	1.05228
0	1.05892
0	1.05283
0	1.05487
0	1.05893
0	1.06073
0	1.04787
0	1.05144
0	1.05528
0	1.0554
0	1.04998
0	1.04896
0	1.05037
0	1.03907
0	1.04694
0	1.04491
0	1.03333
0	1.02093
0	1.01521
0	1.01834
0	1.02918
0	1.02503
0	1.0258
0	1.01939
0	1.01718
0	1.0074
0	1.00933
0	1.01518
0	1.01427
0	1.02237
0	1.01638
0	1.01693
0	1.01788
0	1.0185
0	1.01752
0	1.02063
0	1.01668
0	1.01489
0	1.00896
0	1.01214
0	1.01689
0	1.02062
0	1.02442
0	1.02316
0	1.02267
0	1.02094
0	1.02167
0	1.02166
0	1.02181
0	1.02196
0	1.01684
0	1.01786
0	1.01809
0	1.01676
0	1.01868
0	1.01815
0	1.01871
0	1.02114
0	1.02072
0	1.01697
0	1.01618
0	1.01554
0	1.01713
0	1.01935
0	1.01807
0	1.01647
0	1.01771
0	1.01819
0	1.02011
0	1.01876
0	1.01621
0	1.01591
0	1.01573
0	1.01532
0	1.01205
0	1.00884
0	1.00909
0	1.00856
0	1.00611
0	1.00923
0	1.00422
0	1.00221
0	0.992288
0	0.999563
0	1.00503
0	1.00005
0	0.998995
0	0.997086
0	1.00281
0	1.01071
0	1.00803
0	1.00442
0	0.997188
0	0.997224
0	0.991756
0	0.979988
0	0.990099
0	0.986784
0	0.982836
0	0.975938
0	0.977577
0	0.977841
0	0.978523
0	0.969327
0	0.966791
0	0.975711
0	0.975549
0	0.970147
0	0.974873
0	0.970332
0	0.980293
0	0.982848
0	0.985397
0	0.98408
0	0.9891
0	0.980838
0	0.985923
0	0.980144
0	0.983811
0	0.988555
0	0.985355
0	0.987478
0	0.985289
0	0.988328
0	0.989399
0	0.99449
0	0.990009
0	0.987484
0	0.986102
0	0.985325
0	0.986808
0	0.985426
0	0.987102
0	0.987455
0	0.990571
0	0.983081
0	0.981251
0	0.98158
0	0.98347
0	0.982704
0	0.984499
0	0.986719
0	0.988699
0	0.987825
0	0.986982
0	0.982603
0	0.985014
0	0.982866
0	0.984918
0	0.983267
0	0.98414
0	0.980443
0	0.981406
0	0.980754
0	0.984218
0	0.983877
0	0.983721
0	0.986671
0	0.985062
0	0.985044
0	0.988819
0	0.989183
0	0.991953
0	0.990458
0	0.990458
0	0.990159
0	0.98822
0	0.989614
0	0.989327
0	0.984631
0	0.984015
0	0.993515
0	0.989058
0	0.990972
0	0.991541
0	0.994089
0	0.995836
0	0.991487
0	0.99315
0	0.992408
0	0.993323
0	0.989704
0	0.994352
0	0.986976
0	0.987377
0	0.989453
0	0.98338
0	0.987754
0	0.991409
0	0.987718
0	0.9909
0	0.991906
0	0.992606
0	0.990889
0	0.992893
0	0.994861
0	0.994939
0	0.992552
0	0.991696
0	0.992001
0	0.9937
0	0.991164
0	0.992426
0	0.993377
0	0.990865
0	0.991798
0	0.993252
0	0.9926
0	0.993856
0	0.995435
0	1.00568
0	1.00479
0	1.00486
0	1.00286
0	1.00287
0	0.999934
0	0.9909
0	0.994358
0	0.997374
0	1.00566
0	0.999976
0	1.00069
0	0.999426
0	0.998696
0	1.0007
0	1.00126
0	1
1	1.00291
1	1.00132
1	0.999635
1	0.998169
1	0.995364
1	0.996177
1	0.997589
1	1.00629
1	1.0091
1	1.01451
1	1.02284
1	1.02896
1	1.01776
1	1.01926
1	1.02195
1	1.02198
1	1.01824
1	1.0222
1	1.02092
1	1.02049
1	1.02015
1	1.01916
1	1.01954
1	1.01721
1	1.01634
1	1.01899
1	1.0204
1	1.02053
1	1.02976
1	1.0319
1	1.0279
1	1.02449
1	1.02689
1	1.02637
1	1.02763
1	1.02689
1	1.02471
1	1.02421
1	1.02425
1	1.02697
1	1.02529
1	1.02902
1	1.03124
1	1.0363
1	1.0405
1	1.044
1	1.04166
1	1.04257
1	1.05005
1	1.0536
1	1.04465
1	1.04264
1	1.03831
1	1.03925
1	1.04053
1	1.04117
1	1.04057
1	1.03858
1	1.04063
1	1.03064
1	1.01919
1	1.0237
1	1.0272
1	1.02377
1	1.02383
1	1.02745
1	1.02972
1	1.02782
1	1.0257
1	1.02433
1	1.0338
1	1.03108
1	1.03046
1	1.03234
1	1.02697
1	1.0282
1	1.03016
1	1.03694
1	1.04133
1	1.04173
1	1.04194
1	1.04345
1	1.04041
1	1.04222
1	1.03871
1	1.04186
1	1.04246
1	1.04446
1	1.05606
1	1.05167
1	1.05231
1	1.05632
1	1.06291
1	1.06023
1	1.06975
1	1.06636
1	1.06584
1	1.07044
1	1.06712
1	1.06094
1	1.06813
1	1.08818
1	1.09168
1	1.09324
1	1.08787
1	1.08556
1	1.088
1	1.08627
1	1.08574
1	1.08052
1	1.08023
1	1.08206
1	1.08361
1	1.08319
1	1.07969
1	1.08452
1	1.0835
1	1.08019
1	1.07944
1	1.08132
1	1.08406
1	1.08474
1	1.08264
1	1.08236
1	1.08182
1	1.08426
1	1.08528
1	1.08413
1	1.08783
1	1.08531
1	1.07563
1	1.07956
1	1.08014
1	1.08241
1	1.08007
1	1.07933
1	1.08468
1	1.08419
1	1.08479
1	1.08369
1	1.08631
1	1.08607
1	1.08394
1	1.08407
1	1.08309
1	1.08473
1	1.08065
1	1.08298
1	1.08712
1	1.0932
1	1.09371
1	1.08914
1	1.08683
1	1.08592
1	1.08592
1	1.0896
1	1.0859
1	1.08537
1	1.08034
1	1.07662
1	1.0645
1	1.06849
1	1.06915
1	1.06085
1	1.06891
1	1.0735
1	1.06917
1	1.06071
1	1.06375
1	1.06869
1	1.0702
1	1.07074
1	1.07093
1	1.07257
1	1.07302
1	1.0751
-1	1.07346
-1	1.07102
-1	1.06867
-1	1.07097
-1	1.07424
-1	1.07113
-1	1.07143
-1	1.06974
-1	1.06566
-1	1.06342
1	1.06395
1	1.06465
1	1.05589
1	1.05843
1	1.0592
1	1.04993
1	1.04955
1	1.05224
1	1.05898
1	1.05852
1	1.06346
1	1.06176
1	1.06185
1	1.06433
1	1.064
1	1.0639
1	1.06285
1	1.06532
1	1.0643
1	1.06357
1	1.06456
1	1.06228
1	1.06389
1	1.06641
1	1.06561
1	1.06315
1	1.06465
1	1.06438
1	1.06419
1	1.06429
1	1.0641
1	1.06338
1	1.0634
1	1.06023
1	1.05896
1	1.05859
1	1.05803
1	1.05902
1	1.06039
1	1.06179
1	1.05913
1	1.06348
1	1.06317
1	1.06116
1	1.06088
1	1.05924
1	1.06319
1	1.06328
1	1.0612
1	1.06379
-1	1.06238
-1	1.06127
-1	1.06114
-1	1.06139
-1	1.06275
-1	1.06769
-1	1.07276
-1	1.06614
-1	1.06823
-1	1.06695
-1	1.06479
-1	1.06539
-1	1.06239
-1	1.06238
-1	1.06321
-1	1.06912
-1	1.06857
-1	1.06861
-1	1.07264
-1	1.07228
-1	1.07111
-1	1.07304
-1	1.07453
-1	1.07713
-1	1.09009
-1	1.08654
-1	1.08703
-1	1.08308
-1	1.08525
-1	1.08204
-1	1.08277
-1	1.08554
-1	1.08762
-1	1.09021
-1	1.0971
-1	1.09442
-1	1.09098
-1	1.08956
-1	1.08654
-1	1.08327
-1	1.07433
-1	1.07317
-1	1.08003
-1	1.08021
-1	1.0771
-1	1.07306
-1	1.07634
-1	1.07565
-1	1.08034
-1	1.07984
-1	1.0792
-1	1.08119
-1	1.07673
-1	1.06531
-1	1.06467
-1	1.06392
-1	1.06144
-1	1.05977
-1	1.06313
-1	1.06321
-1	1.06369
-1	1.06178
-1	1.06432
-1	1.06085
-1	1.05037
-1	1.05687
-1	1.05619
-1	1.04806
-1	1.04796
-1	1.04779
-1	1.0479
-1	1.04949
-1	1.04695
-1	1.04823
-1	1.05094
-1	1.05067
-1	1.04952
-1	1.05244
-1	1.05496
-1	1.05317
-1	1.04924
-1	1.05187
-1	1.05944
-1	1.05845
-1	1.06794
-1	1.07178
-1	1.068
-1	1.06943
-1	1.06633
-1	1.07004
-1	1.06567
-1	1.06647
-1	1.06321
-1	1.06476
-1	1.06246
-1	1.06243
-1	1.06368
-1	1.06169
-1	1.06337
-1	1.06906
-1	1.06563
-1	1.06455
-1	1.06182
-1	1.06461
-1	1.06379
-1	1.06611
-1	1.06213
-1	1.06129
-1	1.05314
-1	1.05309
-1	1.05517
-1	1.0582
-1	1.05649
1	1.06146
1	1.05713
1	1.06016
1	1.05925
1	1.05481
1	1.05225
1	1.05286
1	1.05222
1	1.04867
1	1.05259
1	1.05173
1	1.05317
1	1.04525
1	1.04909
1	1.05202
1	1.0542
1	1.05487
1	1.05116
1	1.04377
1	1.04841
1	1.04873
1	1.05085
1	1.05141
1	1.04936
1	1.05149
1	1.05179
1	1.05106
1	1.0479
1	1.04883
1	1.04559
1	1.0452
1	1.04832
1	1.04546
1	1.04036
1	1.03649
1	1.03164
1	1.03665
1	1.03761
1	1.04196
1	1.04549
1	1.04604
1	1.04212
1	1.04361
1	1.04903
1	1.04833
1	1.0457
1	1.04797
1	1.0485
1	1.0462
1	1.04674
1	1.04334
1	1.0446
1	1.04464
1	1.04698
1	1.04708
1	1.04622
1	1.04704
1	1.04484
1	1.04373
1	1.04031
1	1.04123
1	1.04007
1	1.04134
1	1.04338
1	1.04027
1	1.02972
1	1.03421
1	1.03509
1	1.03519
1	1.0356
1	1.03639
1	1.03823
1	1.03925
1	1.03912
1	1.03843
1	1.04704
1	1.04599
1	1.04812
1	1.05216
1	1.05301
1	1.05173
1	1.04983
1	1.05192
1	1.05382
1	1.05374
1	1.05481
1	1.0549
1	1.06886
1	1.08016
1	1.08224
1	1.08569
-1	1.08075
-1	1.08868
-1	1.08343
-1	1.08119
-1	1.08493
-1	1.08014
-1	1.08269
-1	1.08233
-1	1.08482
-1	1.08437
-1	1.08548
-1	1.0866
-1	1.08636
-1	1.08392
-1	1.08084
-1	1.07929
-1	1.0723
-1	1.07098
-1	1.06834
-1	1.06703
-1	1.06773
-1	1.06979
-1	1.07059
-1	1.07533
-1	1.07597
-1	1.07159
-1	1.07129
-1	1.07208
-1	1.07623
-1	1.07505
-1	1.07125
-1	1.07282
-1	1.07063
-1	1.07305
-1	1.07346
-1	1.07165
-1	1.06844
-1	1.07313
-1	1.07307
-1	1.07603
-1	1.07582
-1	1.0776
-1	1.07658
-1	1.07471
-1	1.06667
-1	1.06986
-1	1.06919
-1	1.0723
-1	1.07223
-1	1.07332
-1	1.07554
-1	1.07527
-1	1.07382
-1	1.07339
-1	1.07884
-1	1.07902
-1	1.07741
-1	1.07662
-1	1.07542
-1	1.0751
-1	1.07581
-1	1.07757
-1	1.07899
-1	1.08066
-1	1.07827
-1	1.07905
-1	1.07716
-1	1.07555
-1	1.07491
-1	1.07594
-1	1.07406
-1	1.0738
-1	1.07093
1	1.07253
1	1.07178
1	1.07176
1	1.07043
1	1.06847
1	1.06732
1	1.07029
1	1.06943
1	1.06872
1	1.07073
1	1.07086
1	1.06961
1	1.07088
1	1.071
1	1.0707
1	1.06789
1	1.06804
1	1.0721
1	1.07481
1	1.07424
1	1.07429
1	1.0746
1	1.07805
1	1.07619
1	1.07536
1	1.07724
1	1.0785
1	1.07953
1	1.07804
1	1.08435
1	1.08505
1	1.08301
1	1.08061
1	1.07601
1	1.07976
1	1.08001
1	1.07876
1	1.07327
1	1.06743
1	1.06483
1	1.06921
1	1.06572
1	1.06906
1	1.065
1	1.06027
1	1.04459
1	1.04853
1	1.03531
1	1.02711
1	1.02842
1	1.03023
1	1.03127
1	1.03651
1	1.04005
1	1.03533
1	1.02911
1	1.02868
1	1.02951
1	1.02981
1	1.02919
1	1.03302
1	1.0353
1	1.03759
1	1.03715
1	1.03758
1	1.03848
1	1.04163
1	1.04173
1	1.0394
1	1.03759
1	1.03714
1	1.03672
1	1.03502
1	1.0377
1	1.03824
1	1.03888
1	1.04041
1	1.04063
1	1.03923
1	1.04045
1	1.0393
1	1.04011
1	1.03983
1	1.03882
1	1.036
1	1.03731
1	1.03983
1	1.04432
1	1.04651
1	1.04725
1	1.04724
1	1.04778
1	1.04717
1	1.04556
1	1.04514
1	1.04665
1	1.04745
1	1.04805
1	1.04721
1	1.04806
1	1.04781
1	1.04712
1	1.04791
1	1.04814
1	1.0499
1	1.04944
1	1.0482
1	1.04866
1	1.04758
1	1.04517
1	1.04525
1	1.04686
1	1.04982
1	1.05095
1	1.04855
1	1.04736
1	1.04768
1	1.0465
1	1.04446
1	1.04456
1	1.04552
1	1.04744
1	1.04593
1	1.04803
1	1.07898
1	1.09522
1	1.09621
1	1.09851
1	1.09899
1	1.09415
1	1.09287
1	1.09192
1	1.09394
1	1.09126
1	1.08817
1	1.09437
1	1.09266
1	1.09391
1	1.08876
1	1.08477
1	1.07805
1	1.0784
1	1.07748
1	1.0828
1	1.08933
1	1.08373
1	1.08303
1	1.08581
1	1.08632
1	1.08526
1	1.08343
1	1.08409
1	1.08523
1	1.08377
1	1.08072
1	1.08291
1	1.08195
1	1.08526
1	1.08667
1	1.08623
1	1.08511
1	1.08564
1	1.08615
1	1.08658
1	1.08307
1	1.08288
1	1.08533
1	1.08718
1	1.08597
1	1.08745
1	1.08699
1	1.08529
1	1.08248
1	1.08304
1	1.08386
1	1.0842
1	1.08425
1	1.08499
1	1.08358
1	1.08111
1	1.07956
1	1.08207
1	1.08283
1	1.08308
1	1.08397
1	1.08462
1	1.08538
1	1.08447
1	1.0848
1	1.08464
1	1.08399
1	1.08454
1	1.08595
1	1.08114
1	1.08108
1	1.07811
1	1.0738
1	1.07161
1	1.07659
1	1.07226
1	1.06898
1	1.06677
1	1.06711
1	1.06871
1	1.06937
1	1.06949
1	1.07059
1	1.07059
1	1.07059
1	1.07059
1	1.07059
1	1.07059
1	1.0634
1	1.06108
1	1.05652
1	1.0548
1	1.05018
1	1.05532
1	1.05383
1	1.05713
1	1.05691
1	1.05679
1	1.05579
1	1.05459
1	1.05134
1	1.04275
1	1.03884
1	1.03948
1	1.04084
1	1.04342
1	1.04544
1	1.05056
1	1.05161
1	1.05496
1	1.05479
1	1.05524
1	1.0526
1	1.04884
1	1.04259
1	1.04613
1	1.04224
1	1.03677
1	1.0419
1	1.04409
1	1.04514
1	1.04636
1	1.04367
1	1.04292
1	1.04491
1	1.04743
1	1.04619
1	1.04669
1	1.04778
1	1.04931
1	1.05113
1	1.05074
1	1.04994
1	1.04969
1	1.04791
1	1.04927
1	1.05106
1	1.05366
1	1.05176
1	1.05213
1	1.05152
1	1.05115
1	1.05046
1	1.05054
1	1.04973
1	1.05214
1	1.05051
1	1.04897
1	1.04945
1	1.0485
1	1.04493
1	1.04339
1	1.04498
1	1.04546
1	1.04754
1	1.0462
1	1.04706
1	1.04781
1	1.04806
1	1.04531
1	1.04577
1	1.04295
1	1.04167
1	1.04299
1	1.04096
1	1.04311
1	1.04389
1	1.04586
1	1.04488
1	1.042
1	1.04656
1	1.04543
1	1.04481
1	1.04549
1	1.04392
1	1.04411
1	1.04447
1	1.04186
1	1.04371
1	1.04426
1	1.0431
1	1.04421
1	1.04846
1	1.0496
1	1.04824
1	1.04959
1	1.04784
1	1.04595
1	1.04525
1	1.04634
1	1.04867
1	1.0499
1	1.04982
1	1.05077
1	1.05036
1	1.04865
1	1.04954
1	1.04377
1	1.04459
1	1.04355
1	1.04413
1	1.04385
1	1.04386
1	1.04033
1	1.03162
1	1.0321
1	1.03324
1	1.0272
1	1.03022
1	1.03238
1	1.03605
1	1.03532
1	1.03777
1	1.03778
1	1.03511
1	1.03664
1	1.04221
1	1.04032
1	1.0405
1	1.03967
1	1.03973
1	1.03993
1	1.04237
1	1.04209
1	1.04209
1	1.04155
1	1.04665
1	1.0473
1	1.04611
1	1.04695
1	1.04878
1	1.04797
1	1.04722
1	1.04779
1	1.04736
1	1.0485
1	1.04897
1	1.04747
1	1.04755
1	1.04669
-1	1.04592
1	1.04595
1	1.045
1	1.04642
1	1.04686
1	1.04497
1	1.04754
1	1.04889
1	1.04907
1	1.04775
1	1.04739
1	1.04809
1	1.04892
1	1.04924
1	1.04846
1	1.04848
1	1.04847
1	1.04855
1	1.06312
1	1.06176
1	1.06428
1	1.06311
1	1.0605
1	1.0619
1	1.06045
1	1.05822
1	1.0588
1	1.05977
1	1.06069
1	1.05846
1	1.06036
1	1.06356
1	1.06132
1	1.06047
1	1.06122
1	1.06225
1	1.06138
1	1.06183
1	1.07027
1	1.07475
1	1.07016
1	1.06568
1	1.05874
1	1.05511
1	1.05743
1	1.05764
1	1.0545
1	1.05461
1	1.05508
1	1.05444
1	1.05443
1	1.05102
1	1.05396
1	1.05514
1	1.05691
1	1.0571
1	1.05845
1	1.05673
1	1.05703
1	1.05652
1	1.05688
1	1.05559
1	1.05598
1	1.05642
1	1.05783
1	1.05645
1	1.05278
1	1.05314
1	1.05259
1	1.05304
1	1.05249
1	1.0554
1	1.0605
1	1.06142
1	1.06132
1	1.06255
1	1.06347
1	1.06358
1	1.06355
1	1.06124
1	1.06066
1	1.06392
1	1.06316
1	1.06422
1	1.06134
1	1.05907
1	1.05777
1	1.05491
1	1.05534
1	1.05496
1	1.05553
1	1.05624
1	1.05641
1	1.05484
1	1.05666
1	1.05593
1	1.05741
1	1.05755
1	1.05573
1	1.0557
1	1.05334
1	1.0534
1	1.05333
1	1.04713
1	1.04857
1	1.0498
1	1.04837
1	1.04901
1	1.04946
1	1.04824
1	1.04905
1	1.04827
1	1.04799
1	1.04841
1	1.04941
1	1.05066
1	1.04976
1	1.05346
1	1.05406
1	1.05496
1	1.05415
1	1.05339
1	1.05483
1	1.0559
1	1.05707
1	1.0573
1	1.05605
1	1.05618
1	1.0573
1	1.05488
1	1.05216
1	1.0506
1	1.04961
1	1.0508
1	1.05235
1	1.0499
1	1.0482
1	1.04054
1	1.04097
1	1.02885
1	1.01609
1	1.02378
1	1.02486
1	1.02406
1	1.03129
1	1.03073
1	1.02782
1	1.02746
1	1.02572
1	1.02346
1	1.02461
1	1.02178
1	1.02494
1	1.025
1	1.02661
1	1.02573
1	1.02559
1	1.02742
1	1.0215
1	1.01978
1	1.01833
1	1.02173
1	1.01969
1	1.02167
1	1.02446
1	1.0227
1	1.02225
1	1.02482
1	1.02478
1	1.02395
1	1.02275
1	1.02272
1	1.02447
1	1.02529
1	1.02416
1	1.02614
1	1.02601
1	1.02601
1	1.02453
1	1.02156
1	1.0195
1	1.02431
1	1.02919
1	1.02722
1	1.02695
1	1.02358
1	1.02458
1	1.02525
1	1.02465
1	1.02355
1	1.02358
1	1.02401
1	1.0247
1	1.02501
1	1.02489
1	1.0279
1	1.0287
1	1.02665
1	1.02723
1	1.03158
1	1.03548
1	1.03632
1	1.03478
1	1.03585
1	1.03371
1	1.03426
1	1.03475
1	1.03171
1	1.03186
1	1.03128
1	1.03254
1	1.03383
1	1.03298
1	1.03176
1	1.03111
1	1.02823
1	1.02989
1	1.02883
1	1.02626
1	1.02756
1	1.03122
1	1.03555
1	1.0364
1	1.04425
1	1.04336
1	1.03554
1	1.03753
1	1.0392
1	1.03682
1	1.03852
1	1.03993
1	1.03953
1	1.04428
1	1.04365
1	1.04215
1	1.04099
1	1.04074
1	1.04183
1	1.04292
1	1.04341
1	1.04087
1	1.03951
1	1.03928
1	1.03816
1	1.03835
1	1.03816
1	1.03676
1	1.03883
1	1.03938
1	1.0422
1	1.04599
1	1.06324
1	1.0617
1	1.06109
1	1.06161
1	1.0684
1	1.06545
1	1.06605
1	1.06349
1	1.06163
1	1.05832
1	1.0612
1	1.06011
1	1.05835
1	1.05993
1	1.06001
1	1.05773
1	1.0592
1	1.06079
1	1.06226
1	1.06065
1	1.06071
1	1.061
1	1.06254
1	1.06191
1	1.06205
1	1.06535
1	1.06641
1	1.06475
1	1.06398
1	1.06443
1	1.06589
1	1.06477
-1	1.06455
-1	1.06382
-1	1.06415
-1	1.06324
-1	1.06374
-1	1.06538
-1	1.06842
-1	1.07137
-1	1.07199
-1	1.07085
-1	1.07214
-1	1.07014
-1	1.07068
-1	1.07156
-1	1.08303
-1	1.0826
-1	1.07989
-1	1.07895
-1	1.08081
-1	1.08285
-1	1.07977
-1	1.08606
-1	1.08833
-1	1.08705
-1	1.08921
-1	1.0898
-1	1.08855
-1	1.08699
-1	1.08538
-1	1.08496
-1	1.0863
-1	1.085
-1	1.08343
-1	1.08105
-1	1.0827
-1	1.08213
-1	1.08358
-1	1.07995
-1	1.08197
-1	1.08094
1	1.08334
1	1.08176
1	1.0805
1	1.08376
1	1.08295
1	1.08397
1	1.07942
1	1.07665
1	1.07485
1	1.07636
1	1.07943
1	1.08154
1	1.08146
1	1.07882
1	1.07796
1	1.0762
1	1.07282
1	1.07767
1	1.0782
1	1.07432
1	1.07597
1	1.07653
1	1.07692
1	1.0788
1	1.07914
1	1.07962
1	1.08012
1	1.08038
1	1.08226
1	1.08062
1	1.08169
1	1.0789
1	1.07894
1	1.07786
1	1.08025
1	1.07704
1	1.07364
1	1.07049
1	1.07231
1	1.07086
1	1.07119
1	1.07543
1	1.07512
1	1.0733
1	1.07272
1	1.07348
1	1.07465
1	1.07336
1	1.06805
1	1.06855
1	1.0718
1	1.07027
1	1.07153
1	1.0738
1	1.08434
1	1.09118
1	1.08691
1	1.06495
1	1.06638
1	1.06877
1	1.06948
1	1.07105
1	1.07442
1	1.07482
1	1.07496
1	1.07307
1	1.07159
1	1.0742
1	1.07515
1	1.077
1	1.07454
1	1.07387
1	1.07457
1	1.07446
1	1.0765
1	1.08035
1	1.08073
1	1.08119
1	1.08061
1	1.07632
1	1.07634
1	1.07521
1	1.07556
1	1.07585
1	1.07724
1	1.07998
1	1.07671
1	1.07747
1	1.07898
1	1.07798
1	1.0793
1	1.0808
1	1.07963
1	1.07718
1	1.07634
1	1.07976
1	1.07938
1	1.07914
1	1.07814
1	1.07677
1	1.07548
1	1.06946
1	1.07363
1	1.07369
1	1.07388
1	1.07288
1	1.06955
1	1.07126
1	1.07053
1	1.06724
1	1.06971
1	1.06943
1	1.06823
1	1.06814
1	1.06359
1	1.05848
1	1.05902
1	1.05902
1	1.06071
1	1.06181
1	1.06286
1	1.06425
1	1.06653
1	1.06532
1	1.06587
1	1.06569
1	1.06804
1	1.07302
1	1.07401
1	1.07321
1	1.07245
1	1.07138
1	1.07256
1	1.07305
1	1.07308
1	1.07225
1	1.06757
1	1.06873
1	1.07106
1	1.07219
1	1.07304
1	1.07258
1	1.07853
-1	1.07741
-1	1.08011
-1	1.08413
-1	1.08309
-1	1.07925
-1	1.07827
-1	1.07688
-1	1.07934
-1	1.07838
-1	1.07877
-1	1.07918
-1	1.0807
-1	1.08011
-1	1.07879
-1	1.07717
-1	1.07855
1	1.07946
1	1.07968
1	1.0782
1	1.07859
1	1.07825
1	1.07484
1	1.07495
1	1.07556
1	1.07637
1	1.07564
1	1.07205
1	1.06893
1	1.06907
1	1.07401
1	1.0731
1	1.07182
1	1.0709
1	1.07088
1	1.07232
1	1.07153
1	1.07024
1	1.07098
1	1.07163
1	1.0747
1	1.07356
1	1.07261
1	1.0734
1	1.07145
1	1.07331
1	1.07261
1	1.07238
1	1.07371
1	1.08153
1	1.0811
1	1.08212
1	1.08823
1	1.09601
-1	1.0926
-1	1.09509
-1	1.09737
-1	1.10186
-1	1.09884
-1	1.09914
-1	1.09406
-1	1.09358
-1	1.09517
-1	1.09488
-1	1.09173
-1	1.09244
-1	1.09501
-1	1.09493
-1	1.09455
-1	1.091
-1	1.09214
-1	1.09136
-1	1.09176
-1	1.09223
-1	1.09059
-1	1.09038
-1	1.09143
-1	1.09342
-1	1.09435
-1	1.09207
-1	1.08978
-1	1.09196
-1	1.08745
-1	1.08789
-1	1.09028
-1	1.09323
-1	1.09138
-1	1.09136
-1	1.09296
-1	1.09357
-1	1.09262
-1	1.09169
-1	1.09213
-1	1.09014
-1	1.08974
-1	1.09164
-1	1.09123
-1	1.08977
-1	1.09053
-1	1.09081
-1	1.09171
-1	1.09268
-1	1.09686
-1	1.09638
-1	1.09461
-1	1.09262
-1	1.09436
-1	1.09415
-1	1.09264
-1	1.09243
-1	1.09241
-1	1.09235
-1	1.09259
-1	1.0933
-1	1.09297
-1	1.09147
-1	1.08931
-1	1.091
-1	1.09217
-1	1.09143
-1	1.0877
-1	1.08887
-1	1.09066
-1	1.09006
-1	1.0911
-1	1.09171
-1	1.0909
-1	1.09121
-1	1.09374
-1	1.09255
-1	1.09198
-1	1.09223
-1	1.09229
-1	1.09288
-1	1.09151
-1	1.09047
-1	1.09153
-1	1.09178
-1	1.09299
-1	1.09255
-1	1.09266
-1	1.09284
-1	1.09125
-1	1.09214
-1	1.09267
-1	1.09263
-1	1.09283
-1	1.09222
-1	1.09261
-1	1.09195
-1	1.09199
-1	1.09106
-1	1.08969
-1	1.08851
-1	1.08695
-1	1.0881
-1	1.08907
-1	1.08809
-1	1.08906
-1	1.09088
-1	1.09068
-1	1.08971
-1	1.08604
-1	1.08774
-1	1.08781
-1	1.08813
-1	1.08693
-1	1.0868
-1	1.08502
-1	1.08534
-1	1.08619
-1	1.08557
-1	1.08496
-1	1.08453
-1	1.08569
-1	1.08636
-1	1.08781
-1	1.08863
-1	1.08681
-1	1.08902
-1	1.08896
-1	1.08897
-1	1.08925
-1	1.08942
-1	1.09076
-1	1.09143
-1	1.09079
-1	1.09135
-1	1.08995
-1	1.0889
-1	1.0893
-1	1.08977
-1	1.08951
-1	1.0873
-1	1.08476
-1	1.08594
-1	1.0861
-1	1.08601
-1	1.08404
-1	1.08546
-1	1.08489
-1	1.08484
-1	1.0851
-1	1.08501
-1	1.08732
-1	1.08687
-1	1.08744
-1	1.08739
-1	1.08648
-1	1.08572
-1	1.08529
-1	1.08584
-1	1.08629
-1	1.08971
-1	1.08995
-1	1.08905
-1	1.08871
-1	1.09006
-1	1.09068
-1	1.09124
-1	1.08989
-1	1.0891
-1	1.08919
-1	1.08763
-1	1.08821
-1	1.08803
-1	1.08784
-1	1.08858
-1	1.0894
-1	1.08975
-1	1.08986
-1	1.08857
-1	1.08869
-1	1.08875
-1	1.08714
-1	1.08794
-1	1.08789
-1	1.08825
-1	1.08729
-1	1.08706
-1	1.08452
-1	1.08609
-1	1.08482
-1	1.08237
-1	1.08425
-1	1.08624
-1	1.0852
-1	1.08419
-1	1.08653
-1	1.08593
-1	1.08455
-1	1.07481
-1	1.07388
1	1.07407
1	1.07539
1	1.07457
1	1.07267
1	1.07308
1	1.07399
1	1.07499
1	1.07463
1	1.07834
1	1.07777
1	1.07771
1	1.07662
1	1.0772
1	1.07549
1	1.07444
1	1.07285
1	1.06472
1	1.06595
1	1.0661
1	1.06814
1	1.0698
1	1.06991
1	1.07186
1	1.07169
1	1.07044
1	1.06906
1	1.06604
1	1.06866
1	1.06856
1	1.07292
1	1.07286
-1	1.07281
-1	1.07255
-1	1.07358
-1	1.07292
-1	1.07285
-1	1.07004
-1	1.07153
-1	1.07008
-1	1.06817
-1	1.05872
-1	1.06005
-1	1.06213
-1	1.06158
-1	1.06322
-1	1.06205
-1	1.06235
-1	1.06275
-1	1.06332
-1	1.06391
-1	1.06306
-1	1.06217
-1	1.061
-1	1.06328
-1	1.06292
1	1.06449
1	1.0655
1	1.06398
1	1.06467
1	1.06531
1	1.06581
1	1.06841
1	1.06988
1	1.07199
1	1.0712
1	1.0738
1	1.07953
1	1.08553
1	1.08418
1	1.08416
1	1.08336
1	1.08284
1	1.08273
1	1.08246
1	1.08157
1	1.08304
1	1.08235
1	1.07936
-1	1.07871
-1	1.0796
-1	1.08147
-1	1.08146
-1	1.08084
-1	1.07825
-1	1.07618
-1	1.07888
-1	1.07883
-1	1.08141
-1	1.08125
-1	1.08187
-1	1.08171
-1	1.08237
-1	1.07736
-1	1.07284
-1	1.07119
-1	1.07515
-1	1.07415
-1	1.07514
-1	1.07689
-1	1.07525
-1	1.07385
-1	1.07314
-1	1.0744
-1	1.07506
-1	1.07725
-1	1.07723
-1	1.07676
-1	1.08432
-1	1.09436
-1	1.09596
-1	1.09513
-1	1.09171
-1	1.09413
-1	1.08817
-1	1.06909
-1	1.071
-1	1.07205
-1	1.06493
1	1.06549
1	1.06658
1	1.07124
1	1.07393
1	1.07663
1	1.08357
1	1.07998
1	1.08064
1	1.08157
1	1.08253
1	1.08517
1	1.08315
1	1.08256
1	1.08213
1	1.08042
1	1.07984
1	1.08046
1	1.08533
1	1.08321
1	1.0812
1	1.08236
1	1.084
1	1.08347
1	1.08158
1	1.08225
1	1.08295
1	1.08212
1	1.08142
1	1.08158
1	1.08213
1	1.0791
1	1.0792
1	1.0802
1	1.08197
1	1.08191
1	1.08215
1	1.08239
1	1.08231
1	1.08521
1	1.0868
1	1.08851
1	1.08635
1	1.08207
1	1.08416
1	1.08464
1	1.0863
1	1.08812
1	1.0907
1	1.08925
1	1.08901
1	1.09199
1	1.09441
1	1.09459
1	1.09618
-1	1.09544
-1	1.0961
-1	1.1145
-1	1.11544
-1	1.11345
-1	1.1157
-1	1.11405
-1	1.11736
-1	1.11636
-1	1.11842
-1	1.12219
-1	1.12212
-1	1.11761
-1	1.11543
-1	1.11717
-1	1.11685
-1	1.11911
-1	1.11504
-1	1.11421
-1	1.11239
-1	1.11453
-1	1.11453
-1	1.11216
-1	1.11528
-1	1.11715
-1	1.11635
-1	1.11616
-1	1.11796
-1	1.11874
-1	1.11899
-1	1.11759
-1	1.11599
-1	1.11811
-1	1.11548
-1	1.11648
-1	1.11457
-1	1.11811
-1	1.1181
-1	1.11821
-1	1.11708
-1	1.12181
-1	1.12354
-1	1.12278
-1	1.12105
-1	1.1171
-1	1.11969
-1	1.12079
-1	1.11902
-1	1.11723
-1	1.11694
-1	1.11573
-1	1.11524
-1	1.11715
-1	1.11896
-1	1.11738
-1	1.12404
-1	1.13897
-1	1.14493
-1	1.14146
-1	1.14417
-1	1.14386
-1	1.14328
-1	1.14478
-1	1.14526
-1	1.14248
-1	1.14313
-1	1.14154
-1	1.14064
-1	1.14298
-1	1.14409
-1	1.14282
-1	1.14245
-1	1.14277
-1	1.14198
-1	1.14244
-1	1.14508
-1	1.14277
-1	1.14383
-1	1.1445
-1	1.14465
-1	1.14279
-1	1.14433
-1	1.14387
-1	1.14231
-1	1.14301
-1	1.14265
-1	1.13965
-1	1.14405
-1	1.14334
-1	1.14327
-1	1.14417
-1	1.14273
-1	1.14227
-1	1.14225
-1	1.14313
-1	1.14212
-1	1.14315
-1	1.14499
-1	1.14389
-1	1.14602
-1	1.14605
-1	1.1454
-1	1.14419
-1	1.14398
-1	1.14245
-1	1.1497
-1	1.15016
-1	1.14675
-1	1.14239
-1	1.14441
-1	1.13346
-1	1.1349
-1	1.13655
-1	1.13516
-1	1.13739
-1	1.13729
-1	1.13775
-1	1.13501
-1	1.13189
-1	1.13354
-1	1.13394
-1	1.13267
-1	1.13436
-1	1.13612
-1	1.13549
-1	1.13558
-1	1.13623
-1	1.13239
-1	1.1357
-1	1.13677
-1	1.13813
-1	1.143
-1	1.14729
-1	1.14219
-1	1.14353
-1	1.14076
-1	1.14074
-1	1.14013
-1	1.14158
-1	1.1421
-1	1.14153
-1	1.14346
-1	1.14207
-1	1.14108
-1	1.14273
-1	1.14264
-1	1.1423
-1	1.1428
-1	1.1434
-1	1.14189
-1	1.13659
-1	1.13945
-1	1.13479
-1	1.13472
-1	1.13585
-1	1.13245
-1	1.13435
-1	1.13574
-1	1.13524
-1	1.13547
-1	1.13454
-1	1.13311
-1	1.13412
-1	1.13457
-1	1.13527
-1	1.13602
-1	1.13451
-1	1.13286
-1	1.13272
-1	1.13226
-1	1.13291
-1	1.1321
-1	1.12675
-1	1.12937
-1	1.12845
-1	1.12993
-1	1.1311
-1	1.13182
-1	1.13095
-1	1.12921
-1	1.12778
-1	1.12426
-1	1.12469
-1	1.12257
-1	1.12563
-1	1.12452
-1	1.12545
-1	1.12678
-1	1.12463
-1	1.12204
-1	1.11653
-1	1.1172
-1	1.114
-1	1.11384
-1	1.11636
-1	1.11584
-1	1.11798
-1	1.11795
-1	1.1154
-1	1.11904
-1	1.11589
-1	1.11472
-1	1.11622
-1	1.11656
-1	1.11383
-1	1.11685
-1	1.11911
-1	1.11808
-1	1.11618
-1	1.1177
-1	1.12148
-1	1.12054
-1	1.12137
-1	1.12146
-1	1.12125
-1	1.12308
-1	1.12541
-1	1.12243
-1	1.12252
-1	1.12469
-1	1.12352
-1	1.1216
-1	1.12193
-1	1.12377
-1	1.11852
-1	1.11707
-1	1.11834
-1	1.12021
-1	1.12009
-1	1.11951
-1	1.12021
-1	1.1218
-1	1.12262
-1	1.11474
-1	1.11726
-1	1.11902
-1	1.1178
-1	1.11596
-1	1.11481
-1	1.11478
-1	1.11717
-1	1.1184
-1	1.11901
-1	1.11949
-1	1.11929
-1	1.12018
-1	1.11977
-1	1.12049
-1	1.1228
-1	1.12578
-1	1.12553
-1	1.12354
-1	1.12318
-1	1.12176
-1	1.12251
-1	1.12088
-1	1.1198
-1	1.12096
-1	1.12192
-1	1.12167
-1	1.12358
-1	1.12277
-1	1.12252
-1	1.12369
-1	1.12388
-1	1.12252
-1	1.12131
-1	1.11996
-1	1.11837
-1	1.11913
-1	1.11694
-1	1.11798
-1	1.11499
-1	1.11634
-1	1.11636
-1	1.11659
-1	1.11205
-1	1.10725
1	1.10848
1	1.11111
1	1.10966
1	1.10749
1	1.10922
1	1.10842
1	1.11052
1	1.11011
1	1.10925
1	1.11097
1	1.11165
1	1.11175
1	1.10849
1	1.10976
1	1.10812
1	1.10639
1	1.10732
1	1.10799
1	1.10973
1	1.10857
1	1.1094
1	1.10604
1	1.10916
1	1.10936
1	1.11064
1	1.11347
1	1.11209
1	1.11053
1	1.11131
1	1.11074
1	1.11228
1	1.11298
1	1.11219
1	1.11035
1	1.108
1	1.10843
1	1.10945
1	1.11099
1	1.11241
1	1.11212
1	1.11152
1	1.11254
1	1.10937
1	1.10919
1	1.10881
1	1.10895
1	1.11049
1	1.1096
1	1.11038
1	1.1096
1	1.10878
1	1.10835
1	1.11021
1	1.11125
1	1.10966
1	1.11083
1	1.10971
1	1.11125
1	1.11743
1	1.11744
1	1.11706
1	1.11515
1	1.11613
1	1.11499
1	1.11387
1	1.11259
1	1.10983
1	1.10976
1	1.11093
1	1.1112
1	1.11311
1	1.11222
1	1.11222
1	1.11314
1	1.11217
1	1.11591
1	1.11645
1	1.11958
1	1.11738
1	1.11771
1	1.11816
1	1.11717
1	1.11662
1	1.11655
1	1.11808
1	1.11818
1	1.11889
1	1.12388
1	1.12176
1	1.1225
1	1.12118
1	1.1213
1	1.12114
1	1.12054
1	1.1209
1	1.12011
1	1.12057
1	1.1208
1	1.11957
1	1.11735
1	1.11878
1	1.11858
1	1.12011
1	1.11887
1	1.11855
1	1.11754
1	1.11732
1	1.11805
1	1.11719
1	1.11781
1	1.11749
1	1.11721
1	1.11683
1	1.11723
1	1.11515
1	1.1164
1	1.1166
1	1.11583
1	1.11688
1	1.11721
1	1.11768
1	1.11878
1	1.11825
1	1.11804
1	1.11723
1	1.11742
1	1.11609
1	1.11688
1	1.11711
1	1.11621
1	1.11698
1	1.11707
1	1.11734
1	1.11753
1	1.1167
1	1.11262
1	1.11311
1	1.11253
1	1.11012
1	1.10747
1	1.1091
1	1.10906
1	1.10947
1	1.10918
1	1.11055
1	1.11136
1	1.11046
1	1.10932
1	1.11003
1	1.10974
1	1.1092
1	1.10961
1	1.10747
1	1.10615
1	1.10733
1	1.10735
1	1.10931
1	1.1084
1	1.10664
1	1.10607
1	1.10672
1	1.1092
1	1.10993
1	1.10948
1	1.11106
1	1.11108
1	1.11135
1	1.112
1	1.11065
1	1.11142
1	1.1116
1	1.10928
1	1.10867
1	1.10885
1	1.1099
1	1.10784
1	1.10843
1	1.10907
1	1.10851
1	1.10839
1	1.10981
1	1.10995
1	1.10889
1	1.10637
1	1.09917
1	1.09953
1	1.0981
1	1.09776
1	1.09667
1	1.09899
1	1.09793
1	1.0981
1	1.09885
1	1.09781
1	1.09731
1	1.09948
1	1.09972
1	1.09902
1	1.09964
1	1.09871
1	1.09841
1	1.09895
1	1.09766
1	1.09676
1	1.09686
1	1.09593
1	1.09898
1	1.10033
1	1.10056
1	1.10248
1	1.10127
1	1.10013
1	1.09883
1	1.0979
1	1.09779
1	1.09885
1	1.09955
1	1.09502
1	1.09615
1	1.09695
1	1.09789
1	1.09737
1	1.09937
1	1.09902
1	1.0991
1	1.10009
1	1.10057
1	1.10048
1	1.10058
1	1.09935
1	1.09871
1	1.10094
1	1.10203
1	1.10167
1	1.10294
1	1.11018
1	1.11128
1	1.11373
1	1.10933
1	1.1106
1	1.10908
1	1.10973
1	1.11014
1	1.11037
1	1.11271
1	1.11639
1	1.11582
1	1.11707
1	1.11563
1	1.1171
1	1.11652
1	1.11624
1	1.11324
1	1.11436
1	1.11165
1	1.11211
1	1.1138
1	1.11405
1	1.11421
1	1.11246
1	1.10925
1	1.10556
1	1.10694
1	1.10742
1	1.10869
1	1.1085
1	1.11108
1	1.10995
1	1.11033
1	1.11168
1	1.11263
1	1.11155
1	1.11277
1	1.11263
1	1.11217
1	1.11083
1	1.11038
1	1.11118
1	1.11446
1	1.1128
1	1.11296
1	1.11147
1	1.11224
1	1.11226
1	1.11232
1	1.11128
1	1.11166
1	1.11276
1	1.11313
1	1.11262
1	1.11296
1	1.11111
1	1.11208
1	1.11213
1	1.11144
1	1.11118
1	1.11124
1	1.1112
1	1.11123
1	1.11337
1	1.11338
1	1.11338
1	1.11162
1	1.11156
1	1.1101
1	1.11001
1	1.1099
1	1.10938
1	1.10972
1	1.10879
1	1.10718
1	1.10671
1	1.10894
-1	1.10855
-1	1.1111
-1	1.11061
-1	1.11485
-1	1.11429
-1	1.11479
-1	1.11354
-1	1.11186
-1	1.11246
-1	1.11511
-1	1.12647
-1	1.1329
-1	1.13551
-1	1.13276
-1	1.13397
-1	1.13329
-1	1.13261
-1	1.1337
-1	1.13524
-1	1.13335
-1	1.12971
-1	1.13006
-1	1.12995
-1	1.12761
-1	1.12702
-1	1.12663
-1	1.12739
-1	1.12804
-1	1.13028
-1	1.12913
-1	1.13056
-1	1.13811
-1	1.13799
-1	1.14084
-1	1.13905
-1	1.14573
-1	1.14444
-1	1.14166
-1	1.14279
-1	1.14297
-1	1.14288
-1	1.14584
-1	1.14854
-1	1.14469
-1	1.14376
-1	1.14544
-1	1.15293
-1	1.15632
-1	1.15555
-1	1.15153
-1	1.15126
-1	1.14874
-1	1.14778
-1	1.14967
-1	1.15058
-1	1.14858
-1	1.14836
-1	1.14734
-1	1.14843
-1	1.14876
-1	1.14889
-1	1.14739
-1	1.14494
-1	1.14678
-1	1.14894
-1	1.1484
-1	1.14879
-1	1.14977
-1	1.15
-1	1.15088
-1	1.1497
-1	1.14855
-1	1.14882
-1	1.14695
-1	1.14782
-1	1.14641
-1	1.14575
-1	1.14483
-1	1.14718
-1	1.148
-1	1.14797
-1	1.14809
-1	1.14843
-1	1.14828
-1	1.14719
-1	1.14624
-1	1.14596
-1	1.14694
-1	1.1453
-1	1.14686
-1	1.14574
-1	1.1449
-1	1.14663
-1	1.1448
-1	1.14894
-1	1.14764
-1	1.1486
-1	1.14118
-1	1.14286
-1	1.14726
-1	1.14453
-1	1.14368
-1	1.14485
-1	1.14451
-1	1.14075
-1	1.13968
-1	1.13793
-1	1.13774
-1	1.13773
-1	1.13876
-1	1.14054
-1	1.14147
-1	1.14056
-1	1.13969
-1	1.14044
-1	1.14063
-1	1.14396
-1	1.13406
-1	1.13321
-1	1.13291
-1	1.13062
-1	1.13222
-1	1.13261
-1	1.13369
-1	1.13385
-1	1.13187
-1	1.13268
-1	1.13211
-1	1.1328
-1	1.13251
-1	1.13317
-1	1.13174
-1	1.1293
-1	1.13134
-1	1.13062
-1	1.13213
1	1.13486
-1	1.1325
-1	1.1296
-1	1.13109
-1	1.13149
-1	1.12802
-1	1.12857
-1	1.12138
-1	1.11504
-1	1.11428
-1	1.11567
-1	1.11586
-1	1.11625
-1	1.11481
-1	1.11443
-1	1.11601
-1	1.11673
-1	1.11632
-1	1.11734
-1	1.11721
-1	1.11696
-1	1.11695
-1	1.11529
-1	1.1142
1	1.11532
1	1.11739
1	1.1181
1	1.11872
1	1.12102
1	1.11988
1	1.11892
1	1.11972
1	1.11824
1	1.11809
1	1.11625
1	1.11655
1	1.11827
1	1.11804
1	1.11944
1	1.11881
1	1.11978
1	1.11994
1	1.12049
1	1.11975
1	1.11878
1	1.11874
1	1.12035
1	1.11875
1	1.11941
1	1.1301
1	1.12602
1	1.13253
1	1.13077
1	1.12809
1	1.12851
1	1.13801
1	1.14917
1	1.14988
1	1.14533
1	1.13944
1	1.14666
1	1.14609
1	1.14398
1	1.1448
1	1.14439
1	1.14116
1	1.14078
1	1.14416
1	1.14525
1	1.14456
1	1.14516
1	1.14644
1	1.14061
1	1.14026
1	1.13845
1	1.13622
1	1.13417
1	1.13753
1	1.13748
1	1.13984
1	1.14162
1	1.14058
1	1.14108
1	1.14334
1	1.14551
1	1.14831
1	1.14667
1	1.14516
1	1.14666
1	1.14763
1	1.14447
1	1.14672
1	1.15212
1	1.14849
1	1.14709
1	1.14685
1	1.14508
1	1.14614
1	1.14173
1	1.14057
1	1.13869
1	1.14033
1	1.14006
1	1.13806
1	1.13836
1	1.14137
1	1.1409
1	1.14146
1	1.14294
1	1.14647
1	1.14413
1	1.14438
1	1.14641
1	1.14497
1	1.1446
1	1.14425
1	1.14603
1	1.14679
1	1.14806
1	1.14807
1	1.1466
1	1.14497
1	1.14298
1	1.14501
1	1.14617
1	1.14762
1	1.14986
1	1.14934
1	1.15199
1	1.16516
1	1.17449
1	1.18635
1	1.18799
1	1.18455
1	1.18544
1	1.18228
1	1.18626
1	1.18852
1	1.18874
1	1.18895
1	1.18938
1	1.18925
1	1.18778
1	1.19034
1	1.19191
1	1.19652
1	1.19896
1	1.19513
1	1.19855
1	1.1941
1	1.19185
1	1.1941
1	1.19475
1	1.19452
1	1.19713
1	1.19208
1	1.19279
1	1.19354
1	1.19481
1	1.19372
1	1.19471
1	1.19391
1	1.19681
1	1.20127
1	1.20092
1	1.20428
-1	1.20224
-1	1.20393
-1	1.2025
-1	1.2036
-1	1.20428
-1	1.20728
-1	1.20378
-1	1.20453
-1	1.20326
-1	1.1985
-1	1.19975
-1	1.19884
-1	1.20046
-1	1.20118
-1	1.1998
-1	1.2012
-1	1.20041
-1	1.20276
-1	1.20376
-1	1.20353
-1	1.20093
-1	1.20008
-1	1.19985
-1	1.20113
-1	1.2037
-1	1.20334
-1	1.20819
-1	1.26059
-1	1.2554
-1	1.26042
-1	1.26186
-1	1.26792
-1	1.26665
-1	1.26844
-1	1.26588
-1	1.26226
-1	1.25775
-1	1.25784
-1	1.261
-1	1.26299
-1	1.26173
-1	1.26415
-1	1.26353
-1	1.26554
-1	1.26456
-1	1.26639
-1	1.26639
-1	1.27026
-1	1.26736
-1	1.26531
-1	1.26813
-1	1.26469
-1	1.26754
-1	1.26339
-1	1.26438
-1	1.2608
-1	1.25984
-1	1.26156
-1	1.25903
-1	1.25985
-1	1.26126
-1	1.26076
-1	1.26383
-1	1.2646
-1	1.2636
-1	1.26453
-1	1.26529
-1	1.2649
-1	1.26455
-1	1.26563
-1	1.26494
-1	1.26405
-1	1.26569
-1	1.2674
-1	1.26577
-1	1.26324
-1	1.2506
-1	1.25529
-1	1.25681
-1	1.26134
-1	1.25933
-1	1.25506
-1	1.25379
-1	1.25266
-1	1.25266
-1	1.24139
-1	1.23698
-1	1.23446
-1	1.23142
-1	1.23627
-1	1.23086
-1	1.23063
-1	1.23328
-1	1.24008
-1	1.24152
-1	1.23933
-1	1.24165
-1	1.24976
-1	1.24956
-1	1.24442
1	1.24504
1	1.24079
1	1.24344
1	1.24764
1	1.25084
1	1.25196
1	1.25836
1	1.26342
1	1.25967
1	1.25949
1	1.26071
1	1.25845
1	1.2588
1	1.25769
1	1.25584
1	1.25768
1	1.2592
1	1.25836
1	1.25754
1	1.2549
1	1.25634
1	1.2536
1	1.25806
1	1.24774
1	1.24797
1	1.2461
1	1.24257
1	1.24633
1	1.24513
1	1.24661
1	1.24783
1	1.25045
1	1.24979
1	1.25144
1	1.25077
1	1.24904
1	1.24969
1	1.24816
1	1.24575
1	1.24774
1	1.24816
1	1.24969
1	1.25051
1	1.2488
1	1.25007
1	1.24781
1	1.24857
1	1.24736
1	1.24835
1	1.24968
1	1.25319
1	1.25278
1	1.25492
1	1.25352
1	1.25374
1	1.25363
1	1.25413
1	1.25614
1	1.25726
1	1.25908
1	1.26073
1	1.25918
1	1.25773
1	1.25689
1	1.26017
1	1.25975
1	1.25856
1	1.25876
1	1.25646
1	1.2567
1	1.25725
1	1.25756
1	1.25921
1	1.25993
1	1.25887
1	1.25673
1	1.25395
1	1.25556
1	1.25599
1	1.25564
1	1.254
1	1.25653
1	1.25742
1	1.25845
1	1.25513
1	1.25456
1	1.25829
1	1.25883
1	1.25989
1	1.25608
1	1.25534
1	1.25213
1	1.25038
1	1.25226
1	1.25336
1	1.25397
1	1.25397
1	1.25275
1	1.25202
1	1.24957
1	1.25634
1	1.25424
1	1.25601
1	1.25356
1	1.24855
1	1.24822
1	1.25165
1	1.25196
1	1.24935
1	1.25343
1	1.25389
1	1.25468
1	1.25351
1	1.25331
1	1.25196
1	1.25177
1	1.25072
1	1.24954
1	1.25105
1	1.25341
1	1.24989
1	1.24401
1	1.24675
1	1.24795
1	1.24995
1	1.25083
1	1.24941
1	1.25033
1	1.24969
1	1.24956
1	1.24789
1	1.248
1	1.24804
1	1.24897
1	1.25084
1	1.25249
1	1.25471
1	1.25526
1	1.25464
1	1.25436
1	1.25372
1	1.25435
1	1.2544
1	1.25531
1	1.25303
1	1.25331
1	1.25543
1	1.25529
1	1.25515
1	1.25503
1	1.25431
1	1.25496
1	1.255
1	1.25352
1	1.25276
1	1.25114
1	1.24943
1	1.24929
1	1.24911
1	1.24962
1	1.25034
1	1.25011
1	1.24898
1	1.2477
1	1.24822
1	1.25084
1	1.24958
1	1.24987
1	1.25141
1	1.24975
1	1.24846
1	1.2477
1	1.24767
1	1.24637
1	1.24724
1	1.24917
1	1.25048
1	1.24919
1	1.25133
1	1.25318
1	1.25263
1	1.25148
1	1.25091
1	1.25249
1	1.2552
1	1.25825
1	1.25754
1	1.25546
1	1.25503
1	1.25714
1	1.25854
1	1.25877
1	1.27319
1	1.27377
1	1.27611
1	1.2732
1	1.26511
1	1.26354
1	1.26904
1	1.27254
1	1.26954
1	1.26562
1	1.26861
1	1.27052
1	1.27294
1	1.27087
1	1.26895
1	1.27124
1	1.27216
1	1.26898
1	1.26639
1	1.26532
1	1.26751
1	1.26722
1	1.25743
1	1.2487
1	1.2453
1	1.24974
1	1.25124
1	1.25253
1	1.25159
1	1.25123
1	1.25497
1	1.25897
1	1.25614
1	1.25634
1	1.25567
1	1.25505
1	1.25449
1	1.25397
1	1.25281
1	1.25498
1	1.2555
1	1.25556
1	1.25368
1	1.25473
1	1.25757
1	1.25644
1	1.25491
1	1.25348
1	1.25282
1	1.25479
1	1.25228
1	1.25042
1	1.25041
1	1.25039
1	1.25221
1	1.25366
1	1.25526
1	1.25426
1	1.25327
1	1.25133
1	1.25013
1	1.2512
1	1.24754
1	1.25035
1	1.25184
1	1.25075
1	1.24588
1	1.24069
1	1.24228
1	1.24176
1	1.24386
1	1.24359
1	1.24472
1	1.23838
1	1.23479
1	1.2384
1	1.23921
1	1.24003
1	1.24015
1	1.23864
1	1.2432
1	1.24175
1	1.2392
1	1.23783
1	1.23926
1	1.24302
1	1.24517
1	1.24553
1	1.24471
1	1.24653
1	1.24478
1	1.24441
1	1.24484
1	1.24499
1	1.24669
1	1.24647
1	1.24703
1	1.24698
1	1.24772
1	1.244
1	1.24326
1	1.24306
1	1.24247
1	1.24284
1	1.24211
1	1.24106
1	1.23967
1	1.24232
1	1.24193
1	1.24298
1	1.24381
1	1.24474
1	1.24419
1	1.24242
1	1.24259
1	1.24057
1	1.24079
1	1.24217
1	1.24061
1	1.23927
1	1.24088
1	1.23452
1	1.23663
1	1.24052
1	1.24021
1	1.24091
1	1.24268
1	1.24583
1	1.24497
1	1.2448
1	1.24377
1	1.24552
1	1.24419
1	1.2435
1	1.24445
1	1.24643
1	1.24612
1	1.24807
1	1.24804
1	1.25041
1	1.2497
1	1.25156
1	1.25824
1	1.25664
1	1.25912
1	1.2588
1	1.25848
1	1.25578
1	1.25651
1	1.25674
1	1.25509
1	1.25424
1	1.25429
1	1.25405
1	1.25759
1	1.26078
1	1.25955
1	1.25903
1	1.2593
1	1.25911
1	1.25793
1	1.25892
1	1.25793
1	1.26735
1	1.26699
1	1.2661
1	1.2649
1	1.26111
1	1.26235
1	1.26105
1	1.26262
1	1.26332
1	1.26342
1	1.2591
1	1.25375
1	1.25586
1	1.25512
1	1.25238
1	1.25348
1	1.25306
1	1.25365
1	1.2564
1	1.25383
1	1.25466
1	1.25357
1	1.25473
1	1.25127
1	1.24853
1	1.24161
1	1.24078
1	1.24806
1	1.24555
1	1.24413
1	1.24481
1	1.24413
1	1.24529
1	1.24499
1	1.24658
1	1.24711
1	1.25036
1	1.25237
1	1.25014
1	1.25114
1	1.24941
1	1.25218
1	1.25087
1	1.25156
1	1.25109
1	1.25185
1	1.2533
1	1.25419
1	1.25948
1	1.25844
1	1.25774
1	1.25575
1	1.25398
1	1.2553
1	1.25393
1	1.25557
1	1.25616
1	1.25342
1	1.25126
1	1.25316
1	1.252
1	1.25166
1	1.2521
1	1.25453
1	1.25105
1	1.25123
1	1.24872
1	1.24965
1	1.25028
1	1.24812
1	1.2492
1	1.24797
1	1.25049
1	1.24987
1	1.24762
1	1.24293
1	1.24162
1	1.23818
1	1.23645
1	1.2407
1	1.24018
1	1.24073
1	1.21338
1	1.19288
1	1.18715
1	1.18903
1	1.19032
1	1.18581
1	1.18694
1	1.18518
1	1.18441
1	1.18428
1	1.17976
1	1.18181
1	1.18204
1	1.18266
1	1.18435
1	1.18541
1	1.18129
1	1.1825
1	1.18381
1	1.18325
1	1.18347
1	1.18617
1	1.18491
1	1.18725
1	1.19412
1	1.19274
1	1.19748
1	1.19352
1	1.19396
1	1.19336
1	1.18719
1	1.18659
1	1.18788
1	1.18767
1	1.18622
1	1.18684
1	1.18344
1	1.18206
1	1.18118
1	1.18522
1	1.18547
1	1.18413
1	1.18138
1	1.18388
1	1.18706
1	1.18642
1	1.18494
1	1.18487
1	1.18644
1	1.18371
1	1.18386
1	1.18444
1	1.18198
1	1.17216
1	1.17343
1	1.18145
1	1.18049
1	1.17588
1	1.17829
1	1.17617
1	1.16951
1	1.1551
1	1.15622
1	1.15687
1	1.15417
1	1.16321
1	1.16463
1	1.16462
1	1.1617
1	1.16297
1	1.16755
1	1.16723
1	1.1657
1	1.16578
1	1.1623
1	1.15984
1	1.16204
1	1.16361
1	1.16419
1	1.16643
1	1.16828
1	1.16991
1	1.1688
1	1.16819
1	1.16938
1	1.16755
1	1.16628
1	1.16869
1	1.17098
1	1.17145
1	1.16938
1	1.16867
1	1.1676
1	1.16754
1	1.16636
1	1.16589
1	1.1701
1	1.17012
1	1.16676
1	1.16667
1	1.16775
1	1.16987
1	1.17141
1	1.17026
1	1.17035
1	1.16831
1	1.16864
1	1.16861
1	1.166
1	1.16601
1	1.1641
1	1.1606
1	1.16389
1	1.17028
1	1.17667
1	1.17976
1	1.17922
1	1.17617
1	1.17654
1	1.17982
1	1.18344
1	1.17883
1	1.17886
1	1.17749
1	1.17701
1	1.17519
1	1.16921
1	1.16416
1	1.16237
1	1.16563
1	1.16645
1	1.15932
1	1.16209
1	1.16457
1	1.16148
1	1.15807
1	1.16117
1	1.15242
1	1.15375
1	1.15659
1	1.1529
1	1.14943
1	1.15305
1	1.15326
1	1.15317
1	1.15877
1	1.16005
1	1.15947
1	1.16089
1	1.15954
1	1.16094
1	1.16225
1	1.16713
1	1.16419
1	1.16158
1	1.16242
1	1.16391
1	1.16046
1	1.16187
1	1.1624
1	1.1633
1	1.15864
1	1.16708
1	1.16539
1	1.16453
1	1.16446
1	1.16286
1	1.16132
1	1.16286
1	1.15975
1	1.16216
1	1.16372
1	1.16517
1	1.16584
1	1.1635
1	1.1641
1	1.16398
1	1.1646
1	1.16186
1	1.15973
1	1.1602
1	1.15924
1	1.15829
1	1.15315
1	1.1538
1	1.1543
1	1.14786
1	1.14151
1	1.14527
1	1.14112
1	1.1436
1	1.1537
1	1.15025
1	1.15107
1	1.14833
1	1.14906
1	1.14723
1	1.14748
1	1.15159
1	1.14946
1	1.15038
1	1.15088
1	1.14702
1	1.1444
1	1.14246
1	1.14447
1	1.14163
1	1.14208
1	1.14165
1	1.146
1	1.14534
1	1.14637
1	1.14638
1	1.1459
1	1.14908
1	1.14119
1	1.14105
1	1.14648
1	1.14289
1	1.14129
1	1.14113
1	1.14148
1	1.14236
1	1.13903
1	1.1396
1	1.13463
1	1.13805
1	1.13645
1	1.13726
1	1.12655
1	1.12755
1	1.12569
1	1.1298
1	1.12924
1	1.12627
1	1.12475
1	1.10404
1	1.10696
1	1.1086
1	1.10241
1	1.10325
1	1.10493
1	1.10139
1	1.0996
1	1.10402
1	1.10519
1	1.10277
1	1.10133
1	1.10438
1	1.10059
1	1.10219
1	1.10385
1	1.10604
1	1.10707
1	1.10569
1	1.10605
1	1.10869
1	1.10669
1	1.10595
1	1.10518
1	1.10477
1	1.10697
1	1.11034
1	1.11037
1	1.11006
1	1.10949
1	1.10766
1	1.10967
1	1.10966
1	1.11148
-1	1.11126
-1	1.1126
-1	1.11156
-1	1.11326
-1	1.11336
-1	1.1134
-1	1.11223
-1	1.11295
-1	1.11384
-1	1.11566
-1	1.11152
-1	1.10976
-1	1.11091
-1	1.11064
-1	1.10976
-1	1.11006
-1	1.10822
-1	1.10726
-1	1.10752
-1	1.10658
-1	1.10805
-1	1.1063
-1	1.10796
-1	1.10711
-1	1.10841
-1	1.10665
-1	1.10701
-1	1.10643
-1	1.10463
-1	1.10604
-1	1.10777
-1	1.10726
-1	1.10805
-1	1.10803
-1	1.10848
-1	1.10918
-1	1.11075
-1	1.11055
-1	1.11187
-1	1.10846
-1	1.10644
-1	1.10691
-1	1.10696
-1	1.10844
-1	1.10964
-1	1.11595
-1	1.1142
-1	1.11623
-1	1.11521
-1	1.11683
-1	1.12483
-1	1.12276
-1	1.12413
-1	1.12171
-1	1.12561
-1	1.12714
-1	1.1262
-1	1.12568
-1	1.12469
-1	1.1224
-1	1.12107
-1	1.12125
-1	1.12254
-1	1.12143
-1	1.12044
-1	1.11996
-1	1.12124
-1	1.1203
-1	1.12079
-1	1.11834
-1	1.11676
-1	1.11647
-1	1.11863
-1	1.11975
-1	1.1243
-1	1.12155
-1	1.12233
-1	1.12319
-1	1.12322
-1	1.12097
-1	1.12203
-1	1.12123
-1	1.11971
-1	1.11896
-1	1.10958
-1	1.11115
-1	1.11436
-1	1.11402
-1	1.10704
-1	1.11004
-1	1.10769
-1	1.11018
-1	1.11169
-1	1.11204
-1	1.11196
-1	1.11795
-1	1.11449
-1	1.11384
-1	1.11432
-1	1.11464
-1	1.11481
-1	1.11534
-1	1.11392
-1	1.11514
-1	1.11527
-1	1.11694
-1	1.11615
-1	1.11768
-1	1.11692
-1	1.11774
-1	1.11592
-1	1.117
-1	1.11988
-1	1.12131
-1	1.12114
-1	1.1196
-1	1.12076
-1	1.12137
-1	1.12096
-1	1.12009
-1	1.11889
-1	1.11948
-1	1.11919
-1	1.11683
-1	1.11807
-1	1.11689
-1	1.11691
-1	1.11704
-1	1.11828
-1	1.1214
-1	1.1214
-1	1.12364
-1	1.12198
-1	1.12047
-1	1.11975
-1	1.1202
-1	1.12136
-1	1.12069
-1	1.12078
-1	1.1203
-1	1.11946
-1	1.11615
-1	1.11432
-1	1.11016
1	1.11102
1	1.11235
1	1.10815
1	1.11448
1	1.11847
1	1.11598
1	1.11666
1	1.11472
1	1.11399
1	1.11192
1	1.11033
1	1.10814
1	1.11052
1	1.10484
1	1.10618
1	1.10515
1	1.1069
1	1.10468
1	1.10461
1	1.10727
1	1.10598
1	1.10611
1	1.10738
1	1.10636
1	1.10821
1	1.10956
1	1.10576
1	1.11148
1	1.11491
1	1.11379
1	1.11424
1	1.11493
1	1.1137
1	1.11396
1	1.1135
1	1.10776
1	1.10898
1	1.12298
1	1.12748
1	1.12237
1	1.12233
1	1.11984
1	1.11968
1	1.11749
1	1.11766
1	1.11741
1	1.11743
1	1.11552
1	1.11785
1	1.11762
1	1.11637
1	1.11604
1	1.11531
1	1.11362
1	1.11496
1	1.1141
1	1.11154
1	1.11048
1	1.11245
1	1.11136
1	1.10889
1	1.10528
1	1.1014
1	1.10144
1	1.10331
1	1.1042
1	1.10736
1	1.10134
1	1.0999
1	1.09811
1	1.10024
1	1.1017
1	1.1016
1	1.10027
1	1.10238
1	1.10398
1	1.10223
1	1.10367
1	1.10602
1	1.10462
1	1.1075
1	1.10992
1	1.1078
1	1.10752
1	1.10751
1	1.10552
1	1.10718
1	1.10593
1	1.11683
1	1.11581
1	1.11802
1	1.1173
1	1.10534
1	1.10991
1	1.10768
1	1.10091
1	1.10042
1	1.09731
1	1.09838
1	1.09914
1	1.10005
1	1.08543
1	1.09198
1	1.09605
1	1.09779
1	1.09738
1	1.09761
1	1.09879
1	1.0956
1	1.09578
1	1.09677
1	1.09516
1	1.097
1	1.09561
1	1.09999
1	1.09944
1	1.09811
1	1.1009
1	1.09877
1	1.09643
1	1.09547
1	1.09661
1	1.09801
1	1.10008
1	1.09993
1	1.10024
1	1.10235
1	1.10374
1	1.10223
1	1.1019
1	1.10513
1	1.10273
1	1.10185
1	1.10134
1	1.10188
1	1.10199
1	1.09893
1	1.09796
1	1.09697
1	1.09777
1	1.09831
1	1.0978
1	1.09691
1	1.09768
1	1.09695
1	1.09495
1	1.09572
1	1.09523
1	1.09756
1	1.09637
1	1.09027
1	1.09255
1	1.09337
1	1.09511
1	1.09449
1	1.09475
1	1.09494
1	1.0907
1	1.09044
1	1.08921
1	1.08562
1	1.08621
1	1.08677
1	1.08748
1	1.08802
1	1.09144
1	1.08994
1	1.08797
1	1.08739
1	1.08583
1	1.08665
1	1.08579
1	1.08717
1	1.08608
1	1.09051
1	1.08762
1	1.09267
1	1.09244
1	1.09208
1	1.09266
1	1.09098
1	1.09171
1	1.09313
1	1.0928
1	1.09181
1	1.08986
1	1.08583
1	1.08535
1	1.08198
1	1.0841
1	1.08849
1	1.08725
1	1.08598
1	1.08583
1	1.08649
1	1.088
1	1.0897
1	1.09162
1	1.08895
1	1.08871
1	1.09912
1	1.10048
1	1.10178
1	1.10252
1	1.09815
1	1.09712
1	1.09476
1	1.09625
1	1.09662
1	1.09939
1	1.10973
1	1.11198
1	1.11219
1	1.11293
1	1.11859
1	1.11899
-1	1.11583
-1	1.11904
-1	1.11751
-1	1.11787
-1	1.11853
-1	1.11731
-1	1.11506
-1	1.11819
-1	1.11673
-1	1.11641
-1	1.11832
-1	1.12349
-1	1.11879
-1	1.11701
-1	1.1156
-1	1.11712
-1	1.11952
-1	1.11862
-1	1.11907
-1	1.11884
-1	1.11781
-1	1.11805
-1	1.11705
-1	1.11472
-1	1.11574
-1	1.11443
-1	1.11691
-1	1.11755
-1	1.11704
-1	1.11575
-1	1.1172
-1	1.11858
-1	1.11829
-1	1.11808
-1	1.11803
-1	1.11545
-1	1.11549
-1	1.11644
-1	1.1161
-1	1.11426
-1	1.11329
-1	1.11386
-1	1.11512
-1	1.12063
-1	1.11935
-1	1.12306
-1	1.12221
-1	1.12575
-1	1.1316
-1	1.13463
-1	1.13364
-1	1.13936
-1	1.14583
-1	1.14612
-1	1.14399
-1	1.14361
-1	1.14664
-1	1.14541
-1	1.14699
-1	1.16024
-1	1.17086
-1	1.17334
-1	1.17116
-1	1.16827
-1	1.16306
-1	1.16912
-1	1.16524
-1	1.16045
-1	1.16099
-1	1.16424
-1	1.16635
-1	1.16432
-1	1.16724
-1	1.16894
-1	1.16932
-1	1.16776
-1	1.16613
-1	1.16917
-1	1.16793
-1	1.16749
-1	1.17047
-1	1.16535
-1	1.16606
-1	1.16649
-1	1.16337
-1	1.16448
-1	1.16107
-1	1.13969
-1	1.10472
-1	1.09406
-1	1.09257
-1	1.08929
1	1.10408
1	1.11629
1	1.10946
1	1.11149
1	1.11067
1	1.12347
1	1.12076
1	1.11679
1	1.11451
1	1.11575
1	1.12079
1	1.11788
1	1.11467
1	1.11636
1	1.12176
1	1.15547
1	1.14825
1	1.14854
1	1.1453
1	1.14005
1	1.138
1	1.13134
1	1.14292
1	1.13751
1	1.14004
1	1.1422
1	1.13631
1	1.13859
1	1.1389
1	1.13574
1	1.13859
1	1.13872
1	1.14039
1	1.14297
1	1.14243
1	1.14473
1	1.14279
1	1.14114
1	1.13784
1	1.13536
1	1.13579
1	1.12584
1	1.12744
1	1.12696
1	1.12725
1	1.12778
1	1.12362
1	1.12994
1	1.12793
1	1.12651
1	1.1259
1	1.12564
1	1.12883
1	1.12558
1	1.12802
1	1.12688
1	1.12898
1	1.12746
1	1.13026
1	1.12891
1	1.12533
1	1.12528
1	1.12796
1	1.12627
1	1.11811
1	1.12243
1	1.12488
1	1.12438
1	1.12428
1	1.12739
1	1.13143
1	1.12808
1	1.12905
1	1.12755
1	1.12987
1	1.13787
1	1.13132
1	1.1368
1	1.13409
1	1.1361
1	1.13464
1	1.13661
1	1.1386
1	1.1403
1	1.14021
1	1.13923
1	1.14108
1	1.15129
1	1.15927
1	1.15313
1	1.14732
1	1.14863
1	1.1514
1	1.15011
1	1.14507
1	1.1465
1	1.14813
1	1.14818
1	1.15046
1	1.14916
1	1.14729
1	1.14592
1	1.14516
1	1.14542
1	1.14538
1	1.13988
1	1.14088
1	1.1426
1	1.14153
1	1.14188
1	1.14028
1	1.13953
1	1.13908
1	1.14481
1	1.14173
1	1.14118
1	1.14487
1	1.14282
1	1.14082
1	1.14084
1	1.14032
1	1.14039
1	1.14047
1	1.13862
1	1.14
1	1.13993
1	1.1428
1	1.14375
1	1.14501
1	1.14505
1	1.14423
1	1.14521
1	1.14724
1	1.14551
1	1.14568
1	1.14363
1	1.14328
1	1.14596
1	1.14807
1	1.14653
1	1.14955
1	1.1481
1	1.14645
1	1.1453
1	1.14073
1	1.14233
1	1.14049
1	1.14124
1	1.14191
1	1.1407
1	1.14111
1	1.14261
1	1.14392
1	1.14301
1	1.14314
1	1.14392
1	1.14207
1	1.13808
1	1.13919
1	1.14134
1	1.1406
1	1.13609
1	1.13746
1	1.13892
1	1.12772
1	1.12987
1	1.13352
1	1.13403
1	1.13143
1	1.12967
1	1.12254
1	1.12528
1	1.1259
1	1.12879
1	1.13277
1	1.12809
1	1.12814
1	1.13248
1	1.13102
1	1.13001
1	1.13099
1	1.13132
1	1.12875
1	1.12892
1	1.13001
1	1.13286
1	1.13485
1	1.13213
1	1.13413
1	1.13212
1	1.13297
1	1.13244
1	1.13363
1	1.13423
1	1.13489
1	1.13417
1	1.13347
1	1.13322
1	1.1342
1	1.13536
1	1.13641
1	1.13315
1	1.13406
1	1.13128
1	1.13268
1	1.13127
1	1.13104
1	1.13106
1	1.1315
1	1.12962
1	1.12935
1	1.13118
1	1.13109
1	1.13132
1	1.13179
1	1.13251
1	1.13378
1	1.13481
1	1.1344
1	1.13476
1	1.13443
1	1.13442
1	1.13609
1	1.13804
1	1.13695
1	1.13769
1	1.13855
1	1.13723
1	1.13705
1	1.13609
1	1.13774
1	1.13572
1	1.13633
1	1.13576
1	1.13789
1	1.13694
1	1.13781
1	1.13799
1	1.137
1	1.13568
1	1.13659
1	1.1367
1	1.1364
1	1.13677
1	1.13633
1	1.13705
1	1.13638
1	1.1347
1	1.13465
1	1.13466
1	1.13489
1	1.13379
1	1.13466
1	1.13546
1	1.13597
1	1.13529
1	1.13504
1	1.1349
1	1.1356
1	1.13902
1	1.13957
1	1.14424
1	1.1437
1	1.14461
1	1.14466
1	1.1431
1	1.1416
1	1.14328
1	1.14376
1	1.14
1	1.14055
1	1.13921
1	1.13965
1	1.14021
1	1.13903
1	1.13827
1	1.133
1	1.1334
1	1.13633
1	1.1346
1	1.13419
1	1.13528
1	1.1352
1	1.13734
1	1.1389
1	1.13854
1	1.13832
1	1.13956
1	1.13811
1	1.13838
1	1.13967
1	1.13907
1	1.13974
1	1.13909
1	1.13811
1	1.13844
1	1.13927
1	1.1388
1	1.1375
1	1.1379
1	1.13945
1	1.14136
1	1.13938
1	1.13942
1	1.13756
1	1.13608
1	1.13637
1	1.13596
1	1.1353
1	1.13321
1	1.13383
1	1.13428
1	1.13436
1	1.13573
1	1.13511
1	1.13453
1	1.13455
1	1.13445
1	1.1339
1	1.13382
1	1.13513
1	1.13542
1	1.13628
1	1.13573
1	1.1363
1	1.13884
1	1.13892
1	1.13778
1	1.13926
-1	1.13881
-1	1.13832
-1	1.13838
-1	1.13895
-1	1.13852
-1	1.13838
-1	1.1402
-1	1.13976
-1	1.1389
-1	1.13876
-1	1.1379
-1	1.13819
-1	1.13927
-1	1.14231
-1	1.14208
-1	1.13905
-1	1.13895
-1	1.14004
-1	1.13911
-1	1.13752
-1	1.13716
-1	1.13716
-1	1.13669
-1	1.13662
-1	1.137
-1	1.13795
-1	1.13968
-1	1.13927
-1	1.13979
-1	1.13881
-1	1.13778
-1	1.14071
-1	1.14204
-1	1.14836
-1	1.15587
-1	1.15647
-1	1.14866
-1	1.15369
-1	1.14883
-1	1.15029
-1	1.15165
-1	1.15164
-1	1.15376
-1	1.15268
-1	1.14975
-1	1.15021
-1	1.15023
-1	1.14916
-1	1.14754
-1	1.14219
-1	1.13872
-1	1.13914
1	1.13958
1	1.12711
1	1.13174
1	1.13232
1	1.13184
1	1.1342
1	1.13476
1	1.13153
1	1.13321
1	1.13377
1	1.13336
1	1.13286
1	1.13214
1	1.13089
1	1.13029
1	1.13022
1	1.1188
1	1.12498
1	1.12592
1	1.12749
1	1.12791
1	1.12684
1	1.127
1	1.10225
1	1.0984
1	1.10409
1	1.10291
1	1.10295
1	1.10311
1	1.10278
1	1.10487
1	1.10481
1	1.10473
1	1.10331
1	1.10438
1	1.10431
1	1.10538
1	1.10672
1	1.10442
1	1.10227
1	1.10463
1	1.10431
1	1.10541
1	1.10565
1	1.10659
1	1.10608
1	1.10702
1	1.10613
1	1.10659
1	1.10464
1	1.10487
1	1.10558
1	1.1057
1	1.10631
1	1.10684
1	1.10465
1	1.10513
1	1.1058
1	1.10519
1	1.10438
1	1.10433
1	1.10282
1	1.10546
1	1.10486
1	1.10401
1	1.10447
1	1.10602
1	1.10629
1	1.10669
1	1.10543
1	1.10668
1	1.1039
1	1.10162
1	1.10261
1	1.10228
1	1.10086
1	1.10276
1	1.09993
1	1.09423
1	1.09688
1	1.097
1	1.09385
1	1.09362
1	1.09617
1	1.1007
1	1.10044
1	1.09688
1	1.09913
1	1.10059
1	1.09913
1	1.09834
1	1.09588
1	1.09627
1	1.09116
1	1.09068
1	1.08651
1	1.08462
1	1.08782
1	1.08626
1	1.08853
1	1.0814
1	1.08663
1	1.08924
1	1.09186
1	1.09144
1	1.09128
1	1.09132
1	1.09436
1	1.09241
1	1.0953
1	1.09495
1	1.09481
1	1.09525
1	1.09348
1	1.09761
1	1.09838
1	1.09649
1	1.09695
1	1.09663
1	1.09711
1	1.09253
1	1.09304
1	1.09143
1	1.09265
1	1.09417
1	1.09339
1	1.09196
1	1.09278
1	1.09521
1	1.09472
1	1.09348
1	1.09382
1	1.09221
1	1.09349
1	1.09329
1	1.0942
1	1.09432
1	1.09516
1	1.09311
1	1.09374
1	1.09404
1	1.09707
1	1.09759
1	1.09732
1	1.09821
1	1.09956
1	1.09838
1	1.097
1	1.09618
1	1.09506
1	1.09361
1	1.09437
1	1.0939
1	1.09384
1	1.09306
1	1.09497
1	1.09447
1	1.09532
1	1.09665
1	1.09607
1	1.09695
1	1.09604
1	1.09453
1	1.09995
1	1.09605
1	1.09474
1	1.09488
1	1.09439
1	1.09409
1	1.09618
1	1.10839
1	1.11302
1	1.10809
1	1.11034
1	1.11203
1	1.11445
-1	1.11204
-1	1.11053
-1	1.11338
-1	1.11037
-1	1.10979
-1	1.11059
-1	1.11086
-1	1.11171
-1	1.11322
-1	1.11357
-1	1.11417
-1	1.11827
-1	1.11914
-1	1.12161
-1	1.12176
-1	1.11948
-1	1.11777
-1	1.11792
-1	1.11946
-1	1.12102
-1	1.11842
-1	1.11977
-1	1.11924
-1	1.11981
-1	1.11971
-1	1.12161
-1	1.12245
-1	1.12117
-1	1.12109
-1	1.12109
-1	1.11901
-1	1.1182
-1	1.11879
-1	1.11653
-1	1.11767
-1	1.11496
-1	1.11279
-1	1.11525
-1	1.11504
-1	1.11531
-1	1.11503
-1	1.1119
-1	1.11308
-1	1.1135
-1	1.11346
-1	1.11292
-1	1.11377
-1	1.11445
-1	1.11435
-1	1.11267
-1	1.11404
-1	1.11331
-1	1.11442
-1	1.11406
-1	1.1134
-1	1.11353
-1	1.11302
-1	1.11208
-1	1.11311
-1	1.11636
-1	1.11635
-1	1.11597
-1	1.11698
-1	1.11569
-1	1.11586
-1	1.11539
-1	1.11819
-1	1.11811
-1	1.11783
-1	1.11674
-1	1.11664
-1	1.11703
-1	1.11779
-1	1.11833
-1	1.11654
-1	1.1174
-1	1.11569
-1	1.11595
-1	1.1167
-1	1.11522
-1	1.11235
-1	1.11142
-1	1.11254
-1	1.10682
-1	1.10686
-1	1.10693
-1	1.10755
-1	1.11038
-1	1.11082
-1	1.10939
-1	1.10763
-1	1.10797
-1	1.10569
-1	1.10726
-1	1.1054
-1	1.10797
-1	1.10876
-1	1.10846
-1	1.11323
-1	1.11099
-1	1.11575
-1	1.1158
-1	1.11854
-1	1.12816
-1	1.12181
-1	1.12769
-1	1.12568
-1	1.12698
-1	1.12778
-1	1.12327
-1	1.12398
-1	1.12116
-1	1.11755
-1	1.12176
-1	1.12032
-1	1.11515
-1	1.12082
-1	1.12355
-1	1.12918
-1	1.13294
-1	1.13051
-1	1.13792
-1	1.142
-1	1.14005
-1	1.14079
-1	1.14131
-1	1.13915
-1	1.13632
-1	1.13975
-1	1.13944
-1	1.13798
-1	1.13598
-1	1.13788
-1	1.13842
-1	1.13522
-1	1.13628
-1	1.13797
-1	1.13655
-1	1.13702
-1	1.13591
-1	1.13814
-1	1.13977
-1	1.13805
-1	1.1371
-1	1.13887
-1	1.13881
-1	1.13892
-1	1.13876
-1	1.13717
-1	1.13762
-1	1.13679
-1	1.13705
-1	1.1385
-1	1.13639
-1	1.13598
-1	1.13607
-1	1.13717
-1	1.13536
-1	1.13607
-1	1.13612
-1	1.13573
-1	1.1352
-1	1.13825
-1	1.13787
-1	1.13777
-1	1.13691
-1	1.13647
-1	1.13601
-1	1.13852
-1	1.13825
-1	1.14038
-1	1.14441
-1	1.14368
-1	1.14455
-1	1.14196
-1	1.13966
-1	1.13948
-1	1.13924
-1	1.13971
-1	1.13588
-1	1.13565
-1	1.13657
-1	1.13202
-1	1.12502
1	1.12821
1	1.12937
1	1.12916
1	1.12975
1	1.12867
1	1.13224
1	1.13032
1	1.12857
1	1.12811
1	1.1294
1	1.1307
1	1.12864
1	1.12843
1	1.12738
1	1.12647
1	1.12499
1	1.12615
1	1.12559
1	1.12088
1	1.11975
1	1.12043
1	1.1186
1	1.12113
1	1.12155
1	1.12272
1	1.12128
1	1.1226
1	1.12239
1	1.12327
1	1.12242
1	1.121
1	1.12134
1	1.12274
1	1.12074
1	1.12
1	1.11987
1	1.11951
1	1.12244
1	1.1222
1	1.12187
1	1.12297
1	1.12314
1	1.12347
1	1.12478
1	1.12436
1	1.12372
1	1.12494
1	1.13733
1	1.13606
-1	1.1349
-1	1.13503
-1	1.13673
-1	1.13573
-1	1.1371
-1	1.13642
-1	1.13497
-1	1.13464
-1	1.13605
-1	1.13659
-1	1.13527
-1	1.13528
-1	1.13402
-1	1.13425
-1	1.13534
-1	1.13468
-1	1.13518
-1	1.13525
-1	1.13633
-1	1.13599
-1	1.1344
-1	1.13537
-1	1.13296
-1	1.13376
-1	1.13581
-1	1.13615
-1	1.13567
-1	1.13426
-1	1.13442
-1	1.13552
-1	1.13762
-1	1.13661
-1	1.1361
-1	1.13857
-1	1.13694
-1	1.13939
-1	1.14021
-1	1.13837
-1	1.13849
-1	1.14339
-1	1.14469
-1	1.14306
-1	1.13778
-1	1.13968
-1	1.14274
-1	1.14599
-1	1.15464
-1	1.15583
-1	1.15901
-1	1.158
-1	1.16653
-1	1.16446
-1	1.16243
-1	1.16765
-1	1.16553
-1	1.1686
-1	1.19297
-1	1.19052
-1	1.18779
-1	1.19099
-1	1.18987
-1	1.18956
-1	1.19308
-1	1.1912
-1	1.19282
-1	1.19187
-1	1.18833
-1	1.18425
-1	1.18183
-1	1.18461
-1	1.188
-1	1.19111
-1	1.18935
-1	1.19047
-1	1.1906
-1	1.18915
-1	1.19041
-1	1.18957
-1	1.18783
-1	1.18767
-1	1.18921
-1	1.18874
-1	1.19061
-1	1.18968
-1	1.19089
-1	1.19302
-1	1.19152
-1	1.19251
-1	1.19268
-1	1.19715
-1	1.20032
-1	1.19795
-1	1.19138
-1	1.18807
-1	1.18999
-1	1.18646
-1	1.1819
-1	1.18262
-1	1.18507
-1	1.18436
-1	1.18072
-1	1.17938
-1	1.17775
-1	1.17877
-1	1.1799
-1	1.17694
-1	1.17516
-1	1.17605
-1	1.17694
-1	1.17518
-1	1.1723
-1	1.17254
-1	1.17487
-1	1.17331
-1	1.17416
-1	1.17466
-1	1.17491
-1	1.17564
-1	1.17287
-1	1.17194
-1	1.16017
-1	1.1613
-1	1.16265
-1	1.1629
-1	1.16045
-1	1.15942
-1	1.16017
-1	1.15795
-1	1.15613
-1	1.15255
1	1.15515
1	1.15363
1	1.15569
1	1.15437
1	1.15552
1	1.15722
1	1.15434
1	1.15303
1	1.14466
1	1.14375
1	1.14182
1	1.14156
1	1.13743
1	1.13729
1	1.12396
1	1.12249
1	1.12491
1	1.12225
1	1.12391
1	1.12664
1	1.12697
1	1.12312
1	1.12523
1	1.12682
1	1.12399
1	1.12593
1	1.12493
1	1.1288
1	1.12651
1	1.12617
1	1.12925
1	1.1316
1	1.13764
1	1.13685
1	1.13795
0	1.13733
