0	1
0	1.00141
0	1.0022
0	1.0012
0	1.00238
0	1.00246
0	1.00266
0	1.00294
0	1.00173
0	1.00339
0	1.00694
0	1.00682
0	1.00401
0	1.00387
0	1.00582
0	1.00568
0	1.00452
0	1.00525
0	1.00439
0	1.00413
0	1.00578
0	1.00466
0	1.00436
0	1.00457
0	0.999892
0	0.998928
0	0.999407
0	0.998807
0	0.997582
0	0.998507
0	0.996248
0	0.996822
0	0.997358
0	0.998788
0	0.999745
0	1.00161
0	1.00119
0	1.00177
0	1.00144
0	1.00207
0	1.00133
0	1.00022
0	0.999183
0	0.998283
0	0.997269
0	0.998315
0	0.999113
0	1.00237
0	1.00274
0	1.0021
0	1.00446
0	1.00355
0	1.0041
0	1.00465
0	1.00648
0	1.00637
0	1.00508
0	1.00532
0	1.00509
0	1.00603
0	1.0054
0	1.00471
0	1.00548
0	1.00489
0	1.00498
0	1.00504
0	1.00437
0	1.00326
0	1.00304
0	1.00375
0	1.00378
0	1.00408
0	1.0028
0	1.00355
0	1.0027
0	1.00123
0	1.00173
0	1.00177
0	1.00234
0	1.00146
0	0.999547
0	0.998201
0	0.999253
0	1.00001
0	1.00122
0	0.999681
0	0.997805
0	0.999209
0	0.998622
0	0.998647
0	0.997639
0	0.999292
0	0.998839
0	0.999126
0	1.00041
0	0.999419
0	1.00024
0	0.999974
0	0.998009
0	0.996644
0	0.997499
0	0.997524
0	0.996822
0	0.984296
0	0.99418
0	0.995852
0	0.995961
0	0.994187
0	0.990505
0	0.992904
0	0.991679
0	0.991488
0	0.996133
0	0.997052
0	0.996554
0	0.995795
0	0.993938
0	0.991583
0	0.992381
0	0.993581
0	0.993325
0	0.992911
0	0.98988
0	0.987755
0	0.987761
0	0.989771
0	0.987927
0	0.986657
0	0.98815
0	0.991647
0	0.989395
0	0.986344
0	0.989076
0	0.990333
0	0.991169
0	0.991826
0	0.994078
0	0.997001
0	0.996707
0	1.00039
0	1.00044
0	0.999655
0	1.00033
0	0.999541
0	0.999304
0	0.998239
0	0.997531
0	0.998711
0	0.99762
0	0.997677
0	0.996254
0	0.996229
0	0.994819
0	0.99545
0	0.996931
0	0.997409
0	0.996069
0	0.996471
0	0.997269
0	0.994863
0	0.992968
0	0.990109
0	0.98979
0	0.991775
0	0.991449
0	0.990952
0	0.991717
0	0.991041
0	0.99069
0	0.990996
0	0.989899
0	0.989567
0	0.992228
0	0.991992
0	0.990722
0	0.991807
0	0.990849
0	0.991705
0	0.992783
0	0.992464
0	0.993089
0	0.994857
0	0.994806
0	0.994308
0	0.99448
0	0.994365
0	0.993689
0	0.994442
0	0.992968
0	0.993
0	0.991571
0	0.989739
0	0.990907
0	0.991736
0	0.990084
0	0.990096
0	0.988578
0	0.987838
0	0.987889
0	0.996324
0	0.99427
0	0.995208
0	0.995705
0	0.994927
0	0.993274
0	0.992802
0	0.995737
0	0.993944
0	0.993574
0	0.993829
0	0.99189
0	0.992113
0	0.989095
0	0.988259
0	0.991124
0	0.989758
0	0.990575
0	0.991851
0	0.990818
0	0.989312
0	0.99069
0	0.99561
0	0.995508
0	0.995884
0	0.995393
0	0.992253
0	0.991003
0	0.989554
0	0.989535
0	0.989988
0	0.986261
0	0.981048
0	0.978553
0	0.979083
0	0.977832
0	0.978642
0	0.981737
0	0.978687
0	0.980046
0	0.980774
0	0.98145
0	0.981042
0	0.981303
0	0.981948
0	0.985464
0	0.984239
0	0.984513
0	0.983218
0	0.983326
0	0.984251
0	0.983805
0	0.982688
0	0.981999
0	0.981169
0	0.98168
0	0.982707
0	0.98249
0	0.981507
0	0.981265
0	0.981712
0	0.981795
0	0.982063
0	0.983339
0	0.982414
0	0.982101
0	0.981335
0	0.980723
0	0.98092
0	0.978859
0	0.977806
0	0.977813
0	0.978489
0	0.977494
0	0.976486
0	0.977775
0	0.978502
0	0.977953
0	0.976658
0	0.97854
0	0.979657
0	0.978374
0	0.979778
0	0.979708
0	0.978074
0	0.977455
0	0.976779
0	0.977577
0	0.975937
0	0.975465
0	0.979612
0	0.982082
0	0.98323
0	0.98339
0	0.983045
0	0.982637
0	0.981686
0	0.981661
0	0.981488
0	0.978891
0	0.980448
0	0.978553
0	0.976537
0	0.974284
0	0.97415
0	0.975707
0	0.973978
0	0.975956
0	0.974329
0	0.972657
0	0.962938
0	0.960839
0	0.957029
0	0.953571
0	0.952518
0	0.949685
0	0.942678
0	0.940451
0	0.924524
0	0.902739
0	0.91494
0	0.919547
0	0.917766
0	0.913842
0	0.92261
0	0.918685
0	0.917109
0	0.914123
0	0.916943
0	0.916477
0	0.916497
0	0.917173
0	0.91203
0	0.910288
0	0.910505
0	0.909886
0	0.907754
0	0.908826
0	0.911404
0	0.912336
0	0.914174
0	0.909624
0	0.910779
0	0.909796
0	0.910173
0	0.911226
0	0.912068
0	0.910166
0	0.908635
0	0.906427
0	0.904685
0	0.903256
0	0.902139
0	0.904385
0	0.906619
0	0.906172
0	0.903402
0	0.903568
0	0.901054
0	0.897551
0	0.891821
0	0.897072
0	0.89838
0	0.901188
0	0.899165
0	0.899631
0	0.895815
0	0.898093
0	0.896249
0	0.896798
0	0.891655
0	0.891368
0	0.891004
0	0.884221
0	0.877827
0	0.880315
0	0.884342
0	0.881228
0	0.87858
0	0.883532
0	0.883219
0	0.890187
0	0.888605
0	0.890857
0	0.88946
0	0.890021
0	0.905668
0	0.909075
0	0.894341
0	0.899784
0	0.88669
0	0.894143
0	0.893135
0	0.895802
0	0.896887
0	0.904226
0	0.90122
0	0.909739
0	0.906925
0	0.902924
0	0.897666
0	0.897372
0	0.90032
0	0.898087
0	0.900378
0	0.897532
0	0.89891
0	0.895815
0	0.901992
0	0.900473
0	0.903658
0	0.908354
0	0.908456
0	0.906823
0	0.903658
0	0.9048
0	0.902388
0	0.901833
0	0.900875
0	0.909062
0	0.91002
0	0.90762
0	0.905368
0	0.908769
0	0.912604
0	0.911443
0	0.912859
0	0.91023
0	0.910594
0	0.915074
0	0.912247
0	0.916056
0	0.922437
0	0.922035
0	0.934613
0	0.935627
0	0.932015
0	0.932615
0	0.934523
0	0.934734
0	0.930701
0	0.928359
0	0.929482
0	0.930567
0	0.926394
0	0.930388
0	0.929859
0	0.931856
0	0.933955
0	0.934849
0	0.933579
0	0.93303
0	0.930739
0	0.928008
0	0.928002
0	0.929852
0	0.928978
0	0.929871
0	0.913115
0	0.903983
0	0.903919
0	0.907276
0	0.924543
0	0.91522
0	0.917971
0	0.915061
0	0.913555
0	0.915603
0	0.914844
0	0.916465
0	0.916222
0	0.91009
0	0.911411
0	0.910256
0	0.907276
0	0.910651
0	0.909796
0	0.913957
0	0.912349
0	0.910115
0	0.913063
0	0.914091
0	0.913268
0	0.912049
0	0.911947
0	0.913504
0	0.915922
0	0.914059
0	0.91314
0	0.914021
0	0.913708
0	0.911232
0	0.91039
0	0.909209
0	0.911666
0	0.913733
0	0.916177
0	0.919847
0	0.92245
0	0.9249
0	0.922578
0	0.926464
0	0.926119
0	0.924364
0	0.922616
0	0.924435
0	0.923484
0	0.924766
0	0.925507
0	0.928072
0	0.936246
0	0.935608
0	0.932928
0	0.931467
0	0.934727
0	0.934855
0	0.93511
0	0.935168
0	0.931141
0	0.931447
0	0.931179
0	0.932035
0	0.934676
0	0.939284
0	0.934364
0	0.9343
0	0.931869
0	0.934159
0	0.934772
0	0.934944
0	0.93243
0	0.934019
0	0.929578
0	0.92894
0	0.930937
0	0.935238
0	0.937784
0	0.935212
0	0.936737
0	0.936112
0	0.934498
0	0.932692
0	0.935672
0	0.935104
0	0.936903
0	0.936265
0	0.9352
0	0.933547
0	0.93287
0	0.933253
0	0.931416
0	0.930643
0	0.930899
0	0.93176
0	0.930107
0	0.931365
0	0.932915
0	0.932922
0	0.933024
0	0.9337
0	0.932545
0	0.933981
0	0.93356
0	0.931894
0	0.932692
0	0.933834
0	0.933994
0	0.934032
0	0.934204
0	0.93578
0	0.935525
0	0.934944
0	0.927887
0	0.929712
0	0.929839
0	0.93095
0	0.932992
0	0.93326
0	0.933974
0	0.930324
0	0.929086
0	0.929393
0	0.931307
0	0.928027
0	0.930165
0	0.928199
0	0.926955
0	0.929016
0	0.930395
0	0.931754
0	0.931052
0	0.933196
0	0.934402
0	0.96209
0	0.961898
0	0.966729
0	0.966837
0	0.974992
0	0.980895
0	0.977653
0	0.98025
0	0.968981
0	0.968618
0	0.965191
0	0.970487
0	0.974846
0	0.980423
0	0.98339
0	0.981284
0	0.979963
0	0.978885
0	0.983409
0	0.979076
0	1.00757
0	1.00324
0	0.998207
0	1.0017
0	1.00385
0	1.00378
0	1.00843
0	1.00482
0	1.01203
0	1.02992
0	1.02856
0	1.02156
0	1.02393
0	1.02295
0	1.02049
0	1.02154
0	1.01484
0	1.0136
0	1.01415
0	1.01287
0	1.01458
0	1.01324
0	1.0136
0	1.01939
0	1.01819
0	1.01889
0	1.01775
0	1.01829
0	1.01808
0	1.01963
0	1.02065
0	1.0181
0	1.01895
0	1.0203
0	1.0222
0	1.02168
0	1.02615
0	1.02813
0	1.02535
0	1.02165
0	1.02066
0	1.01674
0	1.01259
0	1.01517
0	1.00801
0	1.00128
0	1.00232
0	1.00412
0	1.00758
0	1.00814
0	1.01048
0	1.00843
0	1.00758
0	1.00571
0	1.0089
0	1.00812
0	1.00861
0	1.00611
0	1.00969
0	1.01504
0	1.01676
0	1.01186
0	1.01994
0	1.03184
0	1.04429
0	1.04536
0	1.04864
0	1.06825
0	1.07841
0	1.06599
0	1.06225
0	1.06589
0	1.06149
0	1.06241
0	1.06149
0	1.05752
0	1.06112
0	1.06702
0	1.06524
0	1.06573
0	1.06622
0	1.06684
0	1.07001
0	1.07177
0	1.06764
0	1.07362
0	1.07055
0	1.06461
0	1.06176
0	1.06317
0	1.06273
0	1.06754
0	1.06209
0	1.06444
0	1.06391
0	1.07096
0	1.07216
0	1.07128
0	1.07222
0	1.06969
0	1.06355
0	1.06728
0	1.06785
0	1.06414
0	1.0692
0	1.06686
0	1.06404
0	1.06246
0	1.06837
0	1.06568
0	1.06905
0	1.0685
0	1.06777
0	1.06723
0	1.06551
0	1.06557
0	1.06807
0	1.07001
0	1.07048
0	1.06961
0	1.06895
0	1.06645
0	1.06901
0	1.07778
0	1.06717
0	1.06486
0	1.06709
0	1.06675
0	1.0685
0	1.0665
0	1.06693
0	1.06891
0	1.06424
0	1.06336
0	1.0635
0	1.05832
0	1.06367
0	1.06276
0	1.06281
0	1.0625
0	1.06081
0	1.06352
0	1.06427
0	1.06328
0	1.067
0	1.06797
0	1.07284
0	1.07366
0	1.07073
0	1.07361
0	1.07436
0	1.07227
0	1.07012
0	1.09335
0	1.10736
0	1.12417
0	1.10798
0	1.10951
0	1.1055
0	1.1084
0	1.11218
0	1.11128
0	1.12238
0	1.12946
0	1.12296
0	1.12514
0	1.12948
0	1.13139
0	1.11768
0	1.12148
0	1.12558
0	1.12571
0	1.11993
0	1.11884
0	1.12035
0	1.10829
0	1.11669
0	1.11452
0	1.10217
0	1.08894
0	1.08284
0	1.08618
0	1.09775
0	1.09332
0	1.09414
0	1.0873
0	1.08494
0	1.07451
0	1.07657
0	1.08281
0	1.08184
0	1.09048
0	1.08409
0	1.08468
0	1.08569
0	1.08636
0	1.08531
0	1.08862
0	1.08441
0	1.0825
0	1.07617
0	1.07957
0	1.08464
0	1.08861
0	1.09267
0	1.09133
0	1.0908
0	1.08895
0	1.08973
0	1.08973
0	1.08988
0	1.09004
0	1.08458
0	1.08567
0	1.08592
0	1.08449
0	1.08654
0	1.08598
0	1.08658
0	1.08916
0	1.08872
0	1.08472
0	1.08388
0	1.0832
0	1.08489
0	1.08726
0	1.0859
0	1.08419
0	1.08551
0	1.08602
0	1.08807
0	1.08662
0	1.08391
0	1.08359
0	1.0834
0	1.08296
0	1.07948
0	1.07604
0	1.07631
0	1.07575
0	1.07314
0	1.07646
0	1.07112
0	1.06897
0	1.05839
0	1.06615
0	1.07198
0	1.06667
0	1.06555
0	1.06351
0	1.06962
0	1.07805
0	1.07518
0	1.07133
0	1.06362
0	1.06366
0	1.05783
0	1.04527
0	1.05606
0	1.05252
0	1.04831
0	1.04095
0	1.0427
0	1.04298
0	1.04371
0	1.0339
0	1.0312
0	1.04071
0	1.04054
0	1.03478
0	1.03982
0	1.03497
0	1.0456
0	1.04832
0	1.05104
0	1.04964
0	1.05499
0	1.04618
0	1.0516
0	1.04544
0	1.04935
0	1.05441
0	1.051
0	1.05326
0	1.05093
0	1.05417
0	1.05531
0	1.06074
0	1.05596
0	1.05327
0	1.0518
0	1.05097
0	1.05255
0	1.05107
0	1.05286
0	1.05324
0	1.05656
0	1.04857
0	1.04662
0	1.04697
0	1.04899
0	1.04817
0	1.05009
0	1.05245
0	1.05457
0	1.05363
0	1.05273
0	1.04806
0	1.05063
0	1.04834
0	1.05053
0	1.04877
0	1.0497
0	1.04576
0	1.04679
0	1.04609
0	1.04979
0	1.04942
0	1.04926
0	1.0524
0	1.05069
0	1.05067
0	1.05469
0	1.05508
0	1.05804
0	1.05644
0	1.05644
0	1.05612
0	1.05405
0	1.05554
0	1.05524
0	1.05023
0	1.04957
0	1.0597
0	1.05495
0	1.05699
0	1.0576
0	1.06031
0	1.06218
0	1.05754
0	1.05931
0	1.05852
0	1.0595
0	1.05564
0	1.0606
0	1.05273
0	1.05315
0	1.05537
0	1.04889
0	1.05356
0	1.05746
0	1.05352
0	1.05691
0	1.05799
0	1.05873
0	1.0569
0	1.05904
0	1.06114
0	1.06122
0	1.05867
0	1.05776
0	1.05809
0	1.0599
0	1.05719
0	1.05854
0	1.05956
0	1.05688
0	1.05787
0	1.05942
0	1.05873
0	1.06007
0	1.06175
0	1.07267
0	1.07173
0	1.0718
0	1.06967
0	1.06968
0	1.06655
0	1.05691
0	1.0606
0	1.06382
0	1.07266
0	1.06659
0	1.06735
0	1.06601
0	1.06523
0	1.06737
0	1.06796
0	1.06662
0	1.06973
0	1.06803
0	1.06623
0	1.06467
0	1.06167
0	1.06254
0	1.06405
0	1.07333
0	1.07632
0	1.08209
0	1.09098
0	1.0975
0	1.08556
0	1.08716
0	1.09003
0	1.09006
0	1.08608
0	1.09029
0	1.08893
0	1.08847
0	1.08811
0	1.08705
0	1.08746
0	1.08498
0	1.08405
0	1.08688
0	1.08838
0	1.08851
0	1.09836
0	1.10064
0	1.09637
0	1.09274
0	1.0953
0	1.09474
0	1.09609
0	1.0953
0	1.09298
0	1.09244
0	1.09248
0	1.09539
0	1.09359
0	1.09757
0	1.09993
0	1.10534
0	1.10981
0	1.11355
0	1.11106
0	1.11202
0	1.12
0	1.12379
0	1.11425
0	1.1121
0	1.10748
0	1.10848
0	1.10985
0	1.11053
0	1.1099
0	1.10776
0	1.10995
0	1.0993
0	1.08709
0	1.09189
0	1.09563
0	1.09198
0	1.09204
0	1.0959
0	1.09831
0	1.09629
0	1.09403
0	1.09256
0	1.10267
0	1.09977
0	1.09911
0	1.10111
0	1.09539
0	1.09669
0	1.09879
0	1.10602
0	1.11071
0	1.11113
0	1.11136
0	1.11297
0	1.10972
0	1.11165
0	1.1079
0	1.11127
0	1.11191
0	1.11404
0	1.12642
0	1.12173
0	1.12241
0	1.12669
0	1.13372
0	1.13086
0	1.14102
0	1.1374
0	1.13685
0	1.14176
0	1.13822
0	1.13162
0	1.13929
0	1.16068
0	1.16441
0	1.16607
0	1.16034
0	1.15788
0	1.16049
0	1.15863
0	1.15807
0	1.1525
0	1.1522
0	1.15415
0	1.1558
0	1.15535
0	1.15162
0	1.15677
0	1.15569
0	1.15215
0	1.15135
0	1.15336
0	1.15628
0	1.15701
0	1.15476
0	1.15446
0	1.15389
0	1.15649
0	1.15758
0	1.15635
0	1.1603
0	1.15761
0	1.14729
0	1.15148
0	1.15209
0	1.15452
0	1.15202
0	1.15123
0	1.15694
0	1.15641
0	1.15706
0	1.15588
0	1.15868
0	1.15842
0	1.15615
0	1.15629
0	1.15524
0	1.15699
0	1.15264
0	1.15513
0	1.15955
0	1.16602
0	1.16657
0	1.1617
0	1.15923
0	1.15826
0	1.15826
0	1.16219
0	1.15824
0	1.15768
0	1.15231
0	1.14835
0	1.13542
0	1.13967
0	1.14037
0	1.13153
0	1.14012
0	1.14502
0	1.1404
0	1.13137
0	1.13462
0	1.13988
0	1.1415
0	1.14208
0	1.14227
0	1.14402
0	1.1445
0	1.14672
0	1.14497
0	1.14237
0	1.13987
0	1.14232
0	1.14581
0	1.14249
0	1.14281
0	1.14101
0	1.13665
0	1.13427
0	1.13483
0	1.13557
0	1.12623
0	1.12894
0	1.12976
0	1.11988
0	1.11947
0	1.12234
0	1.12953
0	1.12903
0	1.1343
0	1.13249
0	1.13259
0	1.13524
0	1.13488
0	1.13478
0	1.13365
0	1.13629
0	1.1352
0	1.13442
0	1.13548
0	1.13305
0	1.13476
0	1.13745
0	1.1366
0	1.13398
0	1.13558
0	1.13529
0	1.13508
0	1.1352
0	1.13499
0	1.13422
0	1.13424
0	1.13086
0	1.12951
0	1.12912
0	1.12852
0	1.12957
0	1.13104
0	1.13252
0	1.12968
0	1.13432
0	1.134
0	1.13185
0	1.13156
0	1.1298
0	1.13402
0	1.13411
0	1.13189
0	1.13465
0	1.13316
0	1.13197
0	1.13183
0	1.1321
0	1.13355
0	1.13882
0	1.14423
0	1.13716
0	1.13939
0	1.13803
0	1.13572
0	1.13636
0	1.13317
0	1.13316
0	1.13404
0	1.14035
0	1.13975
0	1.1398
0	1.1441
0	1.14372
0	1.14247
0	1.14453
0	1.14612
0	1.14888
0	1.16271
0	1.15892
0	1.15945
0	1.15523
0	1.15754
0	1.15412
0	1.1549
0	1.15786
0	1.16008
0	1.16284
0	1.17019
0	1.16733
0	1.16366
0	1.16214
0	1.15892
0	1.15543
0	1.1459
0	1.14466
0	1.15198
0	1.15218
0	1.14885
0	1.14455
0	1.14804
0	1.14731
0	1.15231
0	1.15178
0	1.15109
0	1.15322
0	1.14846
0	1.13628
0	1.13559
0	1.1348
0	1.13215
0	1.13037
0	1.13396
0	1.13404
0	1.13455
0	1.13252
0	1.13523
0	1.13153
0	1.12034
0	1.12728
0	1.12656
0	1.11788
0	1.11777
0	1.11759
0	1.11771
0	1.11941
0	1.1167
0	1.11806
0	1.12095
0	1.12067
0	1.11944
0	1.12255
0	1.12524
0	1.12333
0	1.11914
0	1.12194
0	1.13002
0	1.12896
0	1.13909
0	1.14318
0	1.13915
0	1.14068
0	1.13737
0	1.14133
0	1.13666
0	1.13752
0	1.13404
0	1.13569
0	1.13324
0	1.13321
0	1.13454
0	1.13242
0	1.13421
0	1.14028
0	1.13662
0	1.13547
0	1.13256
0	1.13553
0	1.13465
0	1.13713
0	1.13289
0	1.13199
0	1.1233
0	1.12325
0	1.12546
0	1.1287
0	1.12688
0	1.13217
0	1.12756
0	1.13079
0	1.12981
0	1.12508
0	1.12235
0	1.123
0	1.12231
0	1.11854
0	1.12272
0	1.1218
0	1.12333
0	1.11488
0	1.11898
0	1.1221
0	1.12443
0	1.12515
0	1.12119
0	1.1133
0	1.11826
0	1.11859
0	1.12086
0	1.12146
0	1.11926
0	1.12154
0	1.12186
0	1.12108
0	1.11771
0	1.1187
0	1.11524
0	1.11483
0	1.11815
0	1.1151
0	1.10967
0	1.10554
0	1.10036
0	1.10571
0	1.10673
0	1.11138
0	1.11513
0	1.11572
0	1.11154
0	1.11314
0	1.11892
0	1.11817
0	1.11536
0	1.11779
0	1.11835
0	1.11589
0	1.11647
0	1.11285
0	1.11419
0	1.11424
0	1.11672
0	1.11684
0	1.11592
0	1.11679
0	1.11445
0	1.11327
0	1.10962
0	1.11059
0	1.10935
0	1.11071
0	1.11289
0	1.10957
0	1.09831
0	1.10311
0	1.10405
0	1.10415
0	1.10459
0	1.10543
0	1.1074
0	1.10849
0	1.10835
0	1.10761
0	1.11679
0	1.11568
0	1.11795
0	1.12226
0	1.12316
0	1.12179
0	1.11977
0	1.122
0	1.12402
0	1.12393
0	1.12508
0	1.12518
0	1.14007
0	1.15212
0	1.15434
0	1.15802
0	1.15275
0	1.16121
0	1.1556
0	1.15322
0	1.15721
0	1.1521
0	1.15482
0	1.15444
0	1.15708
0	1.15661
0	1.15779
0	1.15899
0	1.15873
0	1.15613
0	1.15285
0	1.15119
0	1.14374
0	1.14233
0	1.13951
0	1.13812
0	1.13886
0	1.14105
0	1.14191
0	1.14696
0	1.14765
0	1.14298
0	1.14266
0	1.1435
0	1.14793
0	1.14667
0	1.14261
0	1.14429
0	1.14195
0	1.14454
0	1.14497
0	1.14304
0	1.13962
0	1.14462
0	1.14455
0	1.14771
0	1.14749
0	1.14939
0	1.1483
0	1.14631
0	1.13773
0	1.14113
0	1.14042
0	1.14374
0	1.14366
0	1.14483
0	1.14719
0	1.14691
0	1.14536
0	1.1449
0	1.15071
0	1.15091
0	1.14919
0	1.14834
0	1.14707
0	1.14672
0	1.14748
0	1.14936
0	1.15088
0	1.15266
0	1.1501
0	1.15093
0	1.14892
0	1.14721
0	1.14652
0	1.14761
0	1.14562
0	1.14534
0	1.14227
0	1.14398
0	1.14319
0	1.14315
0	1.14174
0	1.13965
0	1.13842
0	1.14159
0	1.14068
0	1.13991
0	1.14206
0	1.1422
0	1.14086
0	1.14222
0	1.14235
0	1.14202
0	1.13903
0	1.13919
0	1.14352
0	1.14642
0	1.14581
0	1.14585
0	1.14619
0	1.14987
0	1.14789
0	1.147
0	1.14901
0	1.15035
0	1.15145
0	1.14986
0	1.15659
0	1.15734
0	1.15516
0	1.1526
0	1.1477
0	1.15169
0	1.15195
0	1.15063
0	1.14477
0	1.13854
0	1.13577
0	1.14044
0	1.13672
0	1.14028
0	1.13595
0	1.13091
0	1.11418
0	1.11838
0	1.10428
0	1.09554
0	1.09693
0	1.09886
0	1.09997
0	1.10556
0	1.10934
0	1.10431
0	1.09767
0	1.09721
0	1.09809
0	1.09842
0	1.09776
0	1.10184
0	1.10427
0	1.10672
0	1.10625
0	1.1067
0	1.10766
0	1.11102
0	1.11113
0	1.10865
0	1.10671
0	1.10623
0	1.10579
0	1.10397
0	1.10683
0	1.10741
0	1.10809
0	1.10972
0	1.10996
0	1.10847
0	1.10977
0	1.10854
0	1.1094
0	1.1091
0	1.10803
0	1.10502
0	1.10641
0	1.1091
0	1.11389
0	1.11623
0	1.11702
0	1.11701
0	1.11758
0	1.11693
0	1.11522
0	1.11477
0	1.11637
0	1.11723
0	1.11787
0	1.11698
0	1.11789
0	1.11762
0	1.11688
0	1.11773
0	1.11796
0	1.11984
0	1.11935
0	1.11803
0	1.11852
0	1.11737
0	1.1148
0	1.11488
0	1.1166
0	1.11976
0	1.12096
0	1.11841
0	1.11713
0	1.11748
0	1.11621
0	1.11404
0	1.11415
0	1.11517
0	1.11722
0	1.11561
0	1.11785
0	1.15086
0	1.16819
0	1.16924
0	1.17169
0	1.17221
0	1.16704
0	1.16567
0	1.16467
0	1.16682
0	1.16396
0	1.16066
0	1.16728
0	1.16545
0	1.16678
0	1.16129
0	1.15703
0	1.14987
0	1.15024
0	1.14926
0	1.15494
0	1.1619
0	1.15592
0	1.15518
0	1.15814
0	1.15869
0	1.15756
0	1.1556
0	1.15631
0	1.15753
0	1.15597
0	1.15272
0	1.15506
0	1.15403
0	1.15756
0	1.15906
0	1.15859
0	1.1574
0	1.15796
0	1.15851
0	1.15897
0	1.15523
0	1.15502
0	1.15763
0	1.15961
0	1.15832
0	1.15989
0	1.1594
0	1.15759
0	1.15459
0	1.1552
0	1.15607
0	1.15643
0	1.15648
0	1.15728
0	1.15577
0	1.15313
0	1.15148
0	1.15416
0	1.15497
0	1.15523
0	1.15618
0	1.15688
0	1.15768
0	1.15671
0	1.15707
0	1.1569
0	1.1562
0	1.15679
0	1.15829
0	1.15316
0	1.1531
0	1.14994
0	1.14534
0	1.14299
0	1.14831
0	1.1437
0	1.14019
0	1.13783
0	1.1382
0	1.13991
0	1.14061
0	1.14074
0	1.14192
0	1.14192
0	1.14192
0	1.14192
0	1.14192
0	1.14192
0	1.13424
0	1.13176
0	1.12691
0	1.12507
0	1.12014
0	1.12563
0	1.12403
0	1.12755
0	1.12732
0	1.12719
0	1.12613
0	1.12484
0	1.12138
0	1.11222
0	1.10805
0	1.10873
0	1.11018
0	1.11293
0	1.11509
0	1.12055
0	1.12167
0	1.12524
0	1.12506
0	1.12554
0	1.12272
0	1.11871
0	1.11205
0	1.11582
0	1.11168
0	1.10584
0	1.11131
0	1.11364
0	1.11476
0	1.11607
0	1.1132
0	1.1124
0	1.11452
0	1.11721
0	1.11588
0	1.11642
0	1.11759
0	1.11921
0	1.12116
0	1.12074
0	1.11989
0	1.11962
0	1.11773
0	1.11917
0	1.12108
0	1.12385
0	1.12182
0	1.12222
0	1.12157
0	1.12117
0	1.12044
0	1.12053
0	1.11966
0	1.12223
0	1.12049
0	1.11885
0	1.11937
0	1.11835
0	1.11454
0	1.1129
0	1.11459
0	1.1151
0	1.11733
0	1.11589
0	1.11681
0	1.11762
0	1.11788
0	1.11494
0	1.11544
0	1.11243
0	1.11107
0	1.11247
0	1.11031
0	1.1126
0	1.11343
0	1.11553
0	1.11448
0	1.11142
0	1.11628
0	1.11507
0	1.11441
0	1.11513
0	1.11347
0	1.11367
0	1.11406
0	1.11127
0	1.11324
0	1.11383
0	1.1126
0	1.11377
0	1.11831
0	1.11952
0	1.11808
0	1.11951
0	1.11765
0	1.11563
0	1.11489
0	1.11604
0	1.11853
0	1.11984
0	1.11975
0	1.12078
0	1.12033
0	1.11851
0	1.11946
0	1.1133
0	1.11418
0	1.11307
0	1.11369
0	1.11339
0	1.1134
0	1.10963
0	1.10034
0	1.10086
0	1.10207
0	1.09563
0	1.09885
0	1.10115
0	1.10507
0	1.10429
0	1.1069
0	1.10692
0	1.10407
0	1.1057
0	1.11164
0	1.10962
0	1.10982
0	1.10893
0	1.109
0	1.10921
0	1.11182
0	1.11152
0	1.11152
0	1.11094
0	1.11637
0	1.11707
0	1.1158
0	1.1167
0	1.11864
0	1.11778
0	1.11699
0	1.11759
0	1.11714
0	1.11835
0	1.11885
0	1.11725
0	1.11734
0	1.11642
0	1.11559
0	1.11563
0	1.11462
0	1.11614
0	1.1166
0	1.11458
0	1.11733
0	1.11877
0	1.11896
0	1.11755
0	1.11717
0	1.11792
0	1.1188
0	1.11914
0	1.11831
0	1.11833
0	1.11832
0	1.1184
0	1.13394
0	1.13249
0	1.13518
0	1.13393
0	1.13115
0	1.13264
0	1.13109
0	1.12872
0	1.12933
0	1.13037
0	1.13135
0	1.12898
0	1.131
0	1.13441
0	1.13202
0	1.13112
0	1.13192
0	1.13301
0	1.13209
0	1.13257
0	1.14157
0	1.14635
0	1.14146
0	1.13668
0	1.12928
0	1.1254
0	1.12787
0	1.1281
0	1.12474
0	1.12487
0	1.12537
0	1.12468
0	1.12467
0	1.12104
0	1.12418
0	1.12543
0	1.12732
0	1.12753
0	1.12896
0	1.12713
0	1.12744
0	1.1269
0	1.12728
0	1.12591
0	1.12633
0	1.12679
0	1.12831
0	1.12683
0	1.12292
0	1.1233
0	1.12271
0	1.12319
0	1.12261
0	1.12571
0	1.13115
0	1.13213
0	1.13202
0	1.13334
0	1.13432
0	1.13444
0	1.1344
0	1.13194
0	1.13132
0	1.1348
0	1.13398
0	1.13512
0	1.13204
0	1.12962
0	1.12824
0	1.12519
0	1.12564
0	1.12524
0	1.12585
0	1.12661
0	1.12679
0	1.12511
0	1.12705
0	1.12627
0	1.12786
0	1.128
0	1.12607
0	1.12603
0	1.12351
0	1.12358
0	1.12351
0	1.11689
0	1.11843
0	1.11974
0	1.11821
0	1.11889
0	1.11938
0	1.11807
0	1.11893
0	1.1181
0	1.11781
0	1.11826
0	1.11932
0	1.12065
0	1.11969
0	1.12364
0	1.12428
0	1.12524
0	1.12438
0	1.12356
0	1.1251
0	1.12624
0	1.12749
0	1.12774
0	1.1264
0	1.12654
0	1.12774
0	1.12515
0	1.12226
0	1.12059
0	1.11954
0	1.1208
0	1.12246
0	1.11984
0	1.11803
0	1.10986
0	1.11032
0	1.0974
0	1.08378
0	1.09198
0	1.09314
0	1.09228
0	1.1
0	1.0994
0	1.09629
0	1.09591
0	1.09405
0	1.09164
0	1.09287
0	1.08985
0	1.09322
0	1.09329
0	1.095
0	1.09406
0	1.09392
0	1.09587
0	1.08955
0	1.08772
0	1.08617
0	1.0898
0	1.08763
0	1.08973
0	1.09271
0	1.09084
0	1.09035
0	1.09309
0	1.09305
0	1.09216
0	1.09089
0	1.09085
0	1.09272
0	1.0936
0	1.09239
0	1.0945
0	1.09436
0	1.09436
0	1.09278
0	1.08962
0	1.08742
0	1.09255
0	1.09775
0	1.09565
0	1.09537
0	1.09177
0	1.09284
0	1.09355
0	1.09292
0	1.09174
0	1.09177
0	1.09223
0	1.09297
0	1.0933
0	1.09316
0	1.09638
0	1.09723
0	1.09504
0	1.09566
0	1.1003
0	1.10446
0	1.10536
0	1.10371
0	1.10485
0	1.10257
0	1.10316
0	1.10369
0	1.10045
0	1.1006
0	1.09999
0	1.10133
0	1.1027
0	1.10179
0	1.1005
0	1.0998
0	1.09673
0	1.09851
0	1.09737
0	1.09463
0	1.09601
0	1.09992
0	1.10454
0	1.10545
0	1.11381
0	1.11286
0	1.10453
0	1.10665
0	1.10843
0	1.10589
0	1.10771
0	1.10921
0	1.10879
0	1.11385
0	1.11318
0	1.11157
0	1.11034
0	1.11007
0	1.11124
0	1.1124
0	1.11292
0	1.11021
0	1.10877
0	1.10851
0	1.10732
0	1.10752
0	1.10732
0	1.10582
0	1.10803
0	1.10863
0	1.11163
0	1.11568
0	1.13407
0	1.13243
0	1.13178
0	1.13234
0	1.13957
0	1.13643
0	1.13707
0	1.13434
0	1.13236
0	1.12882
0	1.13189
0	1.13073
0	1.12885
0	1.13055
0	1.13063
0	1.12819
0	1.12977
0	1.13146
0	1.13303
0	1.13131
0	1.13137
0	1.13168
0	1.13332
0	1.13265
0	1.1328
0	1.13633
0	1.13745
0	1.13568
0	1.13487
0	1.13534
0	1.13689
0	1.13571
0	1.13547
0	1.13469
0	1.13504
0	1.13407
0	1.13461
0	1.13635
0	1.13959
0	1.14274
0	1.1434
0	1.14219
0	1.14356
0	1.14143
0	1.14201
0	1.14294
0	1.15518
0	1.15472
0	1.15183
0	1.15082
0	1.15281
0	1.15498
0	1.15171
0	1.15841
0	1.16084
0	1.15946
0	1.16177
0	1.1624
0	1.16107
0	1.1594
0	1.15769
0	1.15724
0	1.15867
0	1.15728
0	1.1556
0	1.15307
0	1.15483
0	1.15423
0	1.15576
0	1.15189
0	1.15405
0	1.15296
0	1.15551
0	1.15382
0	1.15248
0	1.15595
0	1.1551
0	1.15618
0	1.15133
0	1.14838
0	1.14646
0	1.14806
0	1.15134
0	1.15359
0	1.1535
0	1.15069
0	1.14978
0	1.1479
0	1.14429
0	1.14947
0	1.15003
0	1.14589
0	1.14765
0	1.14825
0	1.14866
0	1.15067
0	1.15104
0	1.15154
0	1.15208
0	1.15235
0	1.15436
0	1.1526
0	1.15375
0	1.15077
0	1.15082
0	1.14967
0	1.15222
0	1.1488
0	1.14516
0	1.14181
0	1.14375
0	1.1422
0	1.14255
0	1.14707
0	1.14675
0	1.1448
0	1.14418
0	1.145
0	1.14624
0	1.14486
0	1.1392
0	1.13973
0	1.1432
0	1.14157
0	1.14292
0	1.14534
0	1.15658
0	1.16387
0	1.15932
0	1.13589
0	1.13742
0	1.13997
0	1.14073
0	1.1424
0	1.146
0	1.14643
0	1.14657
0	1.14455
0	1.14298
0	1.14576
0	1.14677
0	1.14875
0	1.14613
0	1.14541
0	1.14615
0	1.14604
0	1.14821
0	1.15232
0	1.15273
0	1.15322
0	1.1526
0	1.14802
0	1.14804
0	1.14684
0	1.14721
0	1.14753
0	1.14901
0	1.15192
0	1.14844
0	1.14925
0	1.15086
0	1.1498
0	1.1512
0	1.1528
0	1.15155
0	1.14894
0	1.14804
0	1.15169
0	1.15129
0	1.15103
0	1.14996
0	1.14851
0	1.14713
0	1.1407
0	1.14516
0	1.14522
0	1.14542
0	1.14435
0	1.14081
0	1.14262
0	1.14185
0	1.13834
0	1.14098
0	1.14067
0	1.13939
0	1.1393
0	1.13445
0	1.12899
0	1.12958
0	1.12957
0	1.13137
0	1.13254
0	1.13367
0	1.13515
0	1.13758
0	1.13629
0	1.13688
0	1.13668
0	1.13919
0	1.1445
0	1.14556
0	1.14471
0	1.14389
0	1.14276
0	1.14401
0	1.14454
0	1.14457
0	1.14368
0	1.13869
0	1.13993
0	1.14241
0	1.14362
0	1.14453
0	1.14403
0	1.15038
0	1.14919
0	1.15207
0	1.15636
0	1.15525
0	1.15114
0	1.1501
0	1.14862
0	1.15125
0	1.15022
0	1.15063
0	1.15107
0	1.1527
0	1.15206
0	1.15066
0	1.14893
0	1.1504
0	1.15137
0	1.15161
0	1.15003
0	1.15045
0	1.15008
0	1.14645
0	1.14656
0	1.14721
0	1.14807
0	1.1473
0	1.14347
0	1.14014
0	1.1403
0	1.14556
0	1.14458
0	1.14322
0	1.14224
0	1.14222
0	1.14376
0	1.14292
0	1.14153
0	1.14232
0	1.14302
0	1.1463
0	1.14508
0	1.14407
0	1.14491
0	1.14283
0	1.14481
0	1.14407
0	1.14382
0	1.14524
0	1.15358
0	1.15312
0	1.15421
0	1.16072
0	1.16902
0	1.16539
0	1.16804
0	1.17047
0	1.17526
0	1.17204
0	1.17237
0	1.16695
0	1.16643
0	1.16813
0	1.16782
0	1.16446
0	1.16521
0	1.16796
0	1.16787
0	1.16747
0	1.16368
0	1.16489
0	1.16407
0	1.16449
0	1.165
0	1.16325
0	1.16302
0	1.16414
0	1.16626
0	1.16725
0	1.16482
0	1.16238
0	1.1647
0	1.1599
0	1.16036
0	1.16292
0	1.16606
0	1.16408
0	1.16407
0	1.16577
0	1.16643
0	1.16541
0	1.16442
0	1.16488
0	1.16276
0	1.16234
0	1.16437
0	1.16392
0	1.16237
0	1.16318
0	1.16348
0	1.16444
0	1.16548
0	1.16994
0	1.16942
0	1.16754
0	1.16541
0	1.16727
0	1.16705
0	1.16543
0	1.16521
0	1.16519
0	1.16512
0	1.16537
0	1.16614
0	1.16578
0	1.16419
0	1.16188
0	1.16368
0	1.16493
0	1.16414
0	1.16017
0	1.1614
0	1.16332
0	1.16267
0	1.16379
0	1.16444
0	1.16357
0	1.16391
0	1.1666
0	1.16534
0	1.16472
0	1.16499
0	1.16506
0	1.16569
0	1.16422
0	1.16312
0	1.16425
0	1.16452
0	1.1658
0	1.16534
0	1.16545
0	1.16565
0	1.16394
0	1.16489
0	1.16546
0	1.16542
0	1.16563
0	1.16498
0	1.1654
0	1.1647
0	1.16474
0	1.16375
0	1.16228
0	1.16103
0	1.15936
0	1.16059
0	1.16162
0	1.16057
0	1.16161
0	1.16355
0	1.16334
0	1.1623
0	1.15839
0	1.1602
0	1.16028
0	1.16062
0	1.15934
0	1.1592
0	1.15731
0	1.15764
0	1.15855
0	1.15789
0	1.15724
0	1.15678
0	1.15802
0	1.15874
0	1.16027
0	1.16115
0	1.15922
0	1.16157
0	1.16151
0	1.16151
0	1.16181
0	1.162
0	1.16342
0	1.16414
0	1.16346
0	1.16405
0	1.16257
0	1.16144
0	1.16187
0	1.16237
0	1.16209
0	1.15974
0	1.15702
0	1.15828
0	1.15846
0	1.15835
0	1.15625
0	1.15777
0	1.15716
0	1.15712
0	1.15739
0	1.15729
0	1.15975
0	1.15927
0	1.15989
0	1.15983
0	1.15886
0	1.15805
0	1.15759
0	1.15818
0	1.15866
0	1.1623
0	1.16256
0	1.1616
0	1.16124
0	1.16267
0	1.16334
0	1.16394
0	1.1625
0	1.16165
0	1.16175
0	1.16008
0	1.1607
0	1.16051
0	1.16031
0	1.1611
0	1.16198
0	1.16235
0	1.16246
0	1.16109
0	1.16122
0	1.16128
0	1.15956
0	1.16042
0	1.16036
0	1.16075
0	1.15972
0	1.15948
0	1.15677
0	1.15844
0	1.15709
0	1.15447
0	1.15648
0	1.15861
0	1.15749
0	1.15642
0	1.15891
0	1.15828
0	1.1568
0	1.14642
0	1.14542
0	1.14562
0	1.14703
0	1.14615
0	1.14413
0	1.14457
0	1.14554
0	1.14661
0	1.14622
0	1.15017
0	1.14957
0	1.1495
0	1.14834
0	1.14896
0	1.14714
0	1.14602
0	1.14432
0	1.13565
0	1.13696
0	1.13712
0	1.1393
0	1.14107
0	1.14119
0	1.14326
0	1.14308
0	1.14176
0	1.14028
0	1.13706
0	1.13985
0	1.13975
0	1.1444
0	1.14433
0	1.14428
0	1.144
0	1.1451
0	1.14439
0	1.14432
0	1.14133
0	1.14292
0	1.14137
0	1.13933
0	1.12925
0	1.13067
0	1.13289
0	1.13231
0	1.13405
0	1.1328
0	1.13312
0	1.13355
0	1.13416
0	1.13478
0	1.13388
0	1.13293
0	1.13169
0	1.13411
0	1.13374
0	1.1354
0	1.13648
0	1.13487
0	1.1356
0	1.13628
0	1.13681
0	1.13959
0	1.14116
0	1.14341
0	1.14256
0	1.14533
0	1.15145
0	1.15785
0	1.15641
0	1.15638
0	1.15553
0	1.15498
0	1.15486
0	1.15458
0	1.15362
0	1.15519
0	1.15446
0	1.15126
0	1.15058
0	1.15152
0	1.15352
0	1.15351
0	1.15284
0	1.15008
0	1.14787
0	1.15075
0	1.1507
0	1.15345
0	1.15328
0	1.15394
0	1.15377
0	1.15447
0	1.14913
0	1.14432
0	1.14255
0	1.14678
0	1.14571
0	1.14676
0	1.14863
0	1.14688
0	1.14539
0	1.14463
0	1.14597
0	1.14668
0	1.14901
0	1.14899
0	1.14849
0	1.15656
0	1.16727
0	1.16897
0	1.16809
0	1.16444
0	1.16702
0	1.16066
0	1.14031
0	1.14235
0	1.14347
0	1.13587
0	1.13647
0	1.13763
0	1.14261
0	1.14547
0	1.14835
0	1.15576
0	1.15193
0	1.15263
0	1.15363
0	1.15465
0	1.15747
0	1.15531
0	1.15468
0	1.15423
0	1.15239
0	1.15178
0	1.15244
0	1.15763
0	1.15537
0	1.15322
0	1.15446
0	1.15621
0	1.15565
0	1.15364
0	1.15435
0	1.15509
0	1.15421
0	1.15347
0	1.15363
0	1.15423
0	1.15099
0	1.15109
0	1.15216
0	1.15405
0	1.15399
0	1.15424
0	1.15449
0	1.15441
0	1.15751
0	1.1592
0	1.16103
0	1.15872
0	1.15416
0	1.15639
0	1.15689
0	1.15867
0	1.16061
0	1.16336
0	1.16181
0	1.16156
0	1.16474
0	1.16731
0	1.16751
0	1.16921
0	1.16842
0	1.16913
0	1.18875
0	1.18975
0	1.18762
0	1.19002
0	1.18827
0	1.1918
0	1.19073
0	1.19293
0	1.19695
0	1.19687
0	1.19207
0	1.18974
0	1.19159
0	1.19125
0	1.19367
0	1.18933
0	1.18843
0	1.18649
0	1.18878
0	1.18878
0	1.18625
0	1.18958
0	1.19157
0	1.19072
0	1.19052
0	1.19244
0	1.19327
0	1.19353
0	1.19205
0	1.19034
0	1.1926
0	1.18979
0	1.19086
0	1.18882
0	1.1926
0	1.19258
0	1.1927
0	1.1915
0	1.19654
0	1.19839
0	1.19758
0	1.19573
0	1.19152
0	1.19428
0	1.19546
0	1.19357
0	1.19166
0	1.19135
0	1.19006
0	1.18953
0	1.19157
0	1.19351
0	1.19182
0	1.19892
0	1.21485
0	1.2212
0	1.2175
0	1.22039
0	1.22006
0	1.21945
0	1.22104
0	1.22156
0	1.21859
0	1.21928
0	1.21759
0	1.21663
0	1.21913
0	1.22031
0	1.21895
0	1.21855
0	1.2189
0	1.21806
0	1.21855
0	1.22136
0	1.2189
0	1.22003
0	1.22075
0	1.2209
0	1.21892
0	1.22056
0	1.22007
0	1.21841
0	1.21915
0	1.21877
0	1.21557
0	1.22026
0	1.21951
0	1.21943
0	1.22039
0	1.21886
0	1.21837
0	1.21835
0	1.21928
0	1.2182
0	1.21931
0	1.22127
0	1.22009
0	1.22237
0	1.2224
0	1.22171
0	1.22041
0	1.22019
0	1.21855
0	1.22629
0	1.22679
0	1.22315
0	1.2185
0	1.22065
0	1.20897
0	1.21051
0	1.21226
0	1.21079
0	1.21316
0	1.21305
0	1.21354
0	1.21063
0	1.2073
0	1.20906
0	1.20948
0	1.20813
0	1.20993
0	1.2118
0	1.21114
0	1.21123
0	1.21192
0	1.20783
0	1.21136
0	1.2125
0	1.21395
0	1.21914
0	1.22372
0	1.21828
0	1.21972
0	1.21675
0	1.21674
0	1.21608
0	1.21763
0	1.21818
0	1.21758
0	1.21964
0	1.21816
0	1.2171
0	1.21886
0	1.21876
0	1.21839
0	1.21893
0	1.21957
0	1.21796
0	1.21231
0	1.21536
0	1.21039
0	1.21031
0	1.21152
0	1.2079
0	1.20992
0	1.2114
0	1.21087
0	1.21111
0	1.21012
0	1.2086
0	1.20968
0	1.21015
0	1.2109
0	1.2117
0	1.21009
0	1.20832
0	1.20818
0	1.20769
0	1.20839
0	1.20752
0	1.20181
0	1.2046
0	1.20362
0	1.2052
0	1.20646
0	1.20722
0	1.2063
0	1.20444
0	1.20291
0	1.19916
0	1.19961
0	1.19735
0	1.20062
0	1.19944
0	1.20042
0	1.20185
0	1.19955
0	1.19679
0	1.19091
0	1.19163
0	1.18822
0	1.18805
0	1.19073
0	1.19018
0	1.19246
0	1.19243
0	1.1897
0	1.19359
0	1.19023
0	1.18898
0	1.19058
0	1.19094
0	1.18803
0	1.19125
0	1.19366
0	1.19256
0	1.19053
0	1.19216
0	1.19619
0	1.19519
0	1.19608
0	1.19618
0	1.19595
0	1.1979
0	1.20038
0	1.1972
0	1.1973
0	1.19961
0	1.19837
0	1.19632
0	1.19667
0	1.19863
0	1.19304
0	1.19149
0	1.19284
0	1.19484
0	1.19471
0	1.19409
0	1.19484
0	1.19653
0	1.19741
0	1.189
0	1.19169
0	1.19357
0	1.19227
0	1.1903
0	1.18907
0	1.18905
0	1.19159
0	1.19291
0	1.19355
0	1.19407
0	1.19385
0	1.19481
0	1.19437
0	1.19514
0	1.1976
0	1.20078
0	1.20051
0	1.19839
0	1.198
0	1.19649
0	1.19729
0	1.19555
0	1.19439
0	1.19564
0	1.19666
0	1.1964
0	1.19843
0	1.19757
0	1.1973
0	1.19855
0	1.19875
0	1.1973
0	1.19601
0	1.19457
0	1.19288
0	1.19369
0	1.19135
0	1.19245
0	1.18926
0	1.19071
0	1.19073
0	1.19098
0	1.18613
0	1.18101
0	1.18233
0	1.18513
0	1.18359
0	1.18127
0	1.18311
0	1.18226
0	1.1845
0	1.18406
0	1.18314
0	1.18498
0	1.1857
0	1.18581
0	1.18233
0	1.18369
0	1.18195
0	1.18009
0	1.18108
0	1.1818
0	1.18366
0	1.18242
0	1.1833
0	1.17972
0	1.18306
0	1.18327
0	1.18463
0	1.18765
0	1.18618
0	1.18451
0	1.18534
0	1.18474
0	1.18638
0	1.18712
0	1.18628
0	1.18433
0	1.18182
0	1.18227
0	1.18336
0	1.18501
0	1.18652
0	1.18621
0	1.18556
0	1.18666
0	1.18327
0	1.18309
0	1.18267
0	1.18283
0	1.18447
0	1.18352
0	1.18435
0	1.18352
0	1.18265
0	1.18219
0	1.18417
0	1.18528
0	1.18359
0	1.18484
0	1.18364
0	1.18528
0	1.19187
0	1.19189
0	1.19148
0	1.18944
0	1.19049
0	1.18926
0	1.18807
0	1.18671
0	1.18377
0	1.18369
0	1.18494
0	1.18523
0	1.18726
0	1.18632
0	1.18632
0	1.18729
0	1.18626
0	1.19025
0	1.19083
0	1.19417
0	1.19182
0	1.19217
0	1.19265
0	1.1916
0	1.19101
0	1.19094
0	1.19256
0	1.19267
0	1.19343
0	1.19875
0	1.19649
0	1.19728
0	1.19588
0	1.196
0	1.19583
0	1.19519
0	1.19558
0	1.19473
0	1.19522
0	1.19547
0	1.19416
0	1.19179
0	1.19331
0	1.1931
0	1.19473
0	1.19341
0	1.19307
0	1.19199
0	1.19176
0	1.19253
0	1.19162
0	1.19228
0	1.19194
0	1.19164
0	1.19124
0	1.19166
0	1.18944
0	1.19078
0	1.19099
0	1.19016
0	1.19128
0	1.19164
0	1.19214
0	1.19332
0	1.19274
0	1.19252
0	1.19166
0	1.19186
0	1.19044
0	1.19129
0	1.19153
0	1.19057
0	1.1914
0	1.19149
0	1.19178
0	1.19198
0	1.1911
0	1.18674
0	1.18726
0	1.18665
0	1.18407
0	1.18125
0	1.18299
0	1.18295
0	1.18338
0	1.18307
0	1.18454
0	1.1854
0	1.18444
0	1.18322
0	1.18398
0	1.18367
0	1.18309
0	1.18353
0	1.18125
0	1.17984
0	1.1811
0	1.18112
0	1.18321
0	1.18225
0	1.18036
0	1.17976
0	1.18045
0	1.18309
0	1.18387
0	1.18339
0	1.18508
0	1.1851
0	1.18539
0	1.18608
0	1.18464
0	1.18546
0	1.18565
0	1.18318
0	1.18253
0	1.18272
0	1.18384
0	1.18165
0	1.18227
0	1.18296
0	1.18235
0	1.18223
0	1.18374
0	1.18389
0	1.18276
0	1.18008
0	1.17239
0	1.17278
0	1.17126
0	1.17089
0	1.16973
0	1.1722
0	1.17107
0	1.17125
0	1.17205
0	1.17094
0	1.17041
0	1.17273
0	1.17298
0	1.17224
0	1.1729
0	1.17191
0	1.17158
0	1.17216
0	1.17078
0	1.16983
0	1.16993
0	1.16894
0	1.17219
0	1.17363
0	1.17388
0	1.17592
0	1.17463
0	1.17342
0	1.17204
0	1.17105
0	1.17092
0	1.17205
0	1.1728
0	1.16797
0	1.16918
0	1.17003
0	1.17103
0	1.17047
0	1.17261
0	1.17224
0	1.17232
0	1.17338
0	1.17389
0	1.17379
0	1.1739
0	1.17259
0	1.17191
0	1.17429
0	1.17544
0	1.17507
0	1.17641
0	1.18413
0	1.18531
0	1.18792
0	1.18323
0	1.18459
0	1.18297
0	1.18366
0	1.1841
0	1.18434
0	1.18684
0	1.19076
0	1.19016
0	1.19149
0	1.18995
0	1.19152
0	1.1909
0	1.1906
0	1.18741
0	1.1886
0	1.1857
0	1.1862
0	1.188
0	1.18826
0	1.18843
0	1.18657
0	1.18315
0	1.17921
0	1.18068
0	1.1812
0	1.18255
0	1.18235
0	1.1851
0	1.18389
0	1.1843
0	1.18574
0	1.18676
0	1.1856
0	1.1869
0	1.18675
0	1.18626
0	1.18484
0	1.18435
0	1.18521
0	1.1887
0	1.18694
0	1.18711
0	1.18551
0	1.18634
0	1.18635
0	1.18642
0	1.18531
0	1.18572
0	1.18689
0	1.18729
0	1.18674
0	1.1871
0	1.18513
0	1.18617
0	1.18622
0	1.18549
0	1.18521
0	1.18527
0	1.18523
0	1.18526
0	1.18754
0	1.18755
0	1.18755
0	1.18567
0	1.18561
0	1.18405
0	1.18396
0	1.18384
0	1.18329
0	1.18365
0	1.18266
0	1.18094
0	1.18044
0	1.18281
0	1.1824
0	1.18512
0	1.1846
0	1.18912
0	1.18852
0	1.18906
0	1.18772
0	1.18593
0	1.18657
0	1.1894
0	1.20152
0	1.20838
0	1.21115
0	1.20822
0	1.20951
0	1.20878
0	1.20806
0	1.20922
0	1.21086
0	1.20885
0	1.20497
0	1.20534
0	1.20522
0	1.20273
0	1.2021
0	1.20168
0	1.20249
0	1.20319
0	1.20557
0	1.20435
0	1.20587
0	1.21393
0	1.21381
0	1.21684
0	1.21494
0	1.22206
0	1.22068
0	1.21772
0	1.21892
0	1.21911
0	1.21901
0	1.22217
0	1.22506
0	1.22095
0	1.21996
0	1.22174
0	1.22974
0	1.23335
0	1.23253
0	1.22825
0	1.22796
0	1.22527
0	1.22424
0	1.22626
0	1.22723
0	1.22509
0	1.22486
0	1.22377
0	1.22493
0	1.22529
0	1.22543
0	1.22383
0	1.22121
0	1.22318
0	1.22548
0	1.22491
0	1.22532
0	1.22636
0	1.22661
0	1.22755
0	1.22629
0	1.22506
0	1.22535
0	1.22336
0	1.22428
0	1.22278
0	1.22208
0	1.2211
0	1.22361
0	1.22448
0	1.22445
0	1.22458
0	1.22493
0	1.22478
0	1.22361
0	1.22261
0	1.22231
0	1.22335
0	1.2216
0	1.22326
0	1.22207
0	1.22118
0	1.22301
0	1.22106
0	1.22548
0	1.22409
0	1.22511
0	1.21721
0	1.219
0	1.22368
0	1.22077
0	1.21987
0	1.22112
0	1.22076
0	1.21674
0	1.2156
0	1.21374
0	1.21354
0	1.21353
0	1.21462
0	1.21652
0	1.21751
0	1.21654
0	1.21561
0	1.21642
0	1.21661
0	1.22017
0	1.20961
0	1.20871
0	1.20839
0	1.20594
0	1.20765
0	1.20806
0	1.20922
0	1.20938
0	1.20727
0	1.20813
0	1.20753
0	1.20827
0	1.20795
0	1.20866
0	1.20714
0	1.20453
0	1.20671
0	1.20594
0	1.20755
0	1.21046
0	1.20795
0	1.20485
0	1.20644
0	1.20687
0	1.20316
0	1.20375
0	1.19609
0	1.18932
0	1.18851
0	1.19
0	1.1902
0	1.19061
0	1.18907
0	1.18867
0	1.19036
0	1.19113
0	1.19069
0	1.19177
0	1.19164
0	1.19137
0	1.19136
0	1.18959
0	1.18843
0	1.18962
0	1.19183
0	1.19259
0	1.19325
0	1.1957
0	1.19448
0	1.19346
0	1.19432
0	1.19274
0	1.19258
0	1.19062
0	1.19094
0	1.19277
0	1.19252
0	1.19401
0	1.19334
0	1.19438
0	1.19455
0	1.19514
0	1.19435
0	1.19331
0	1.19327
0	1.19498
0	1.19328
0	1.19399
0	1.20538
0	1.20103
0	1.20798
0	1.2061
0	1.20325
0	1.20369
0	1.21383
0	1.22573
0	1.22648
0	1.22164
0	1.21534
0	1.22305
0	1.22245
0	1.22019
0	1.22107
0	1.22063
0	1.21719
0	1.21678
0	1.22039
0	1.22155
0	1.22081
0	1.22145
0	1.22281
0	1.21659
0	1.21622
0	1.21429
0	1.21191
0	1.20973
0	1.21331
0	1.21326
0	1.21577
0	1.21767
0	1.21656
0	1.21709
0	1.2195
0	1.22183
0	1.22481
0	1.22307
0	1.22145
0	1.22305
0	1.22409
0	1.22072
0	1.22312
0	1.22887
0	1.22501
0	1.22351
0	1.22326
0	1.22137
0	1.22249
0	1.21779
0	1.21655
0	1.21455
0	1.21629
0	1.21601
0	1.21388
0	1.2142
0	1.21741
0	1.21691
0	1.2175
0	1.21908
0	1.22284
0	1.22035
0	1.22061
0	1.22278
0	1.22125
0	1.22086
0	1.22048
0	1.22238
0	1.22319
0	1.22455
0	1.22455
0	1.22299
0	1.22125
0	1.21912
0	1.22128
0	1.22252
0	1.22407
0	1.22646
0	1.2259
0	1.22873
0	1.24278
0	1.25273
0	1.26538
0	1.26713
0	1.26346
0	1.26441
0	1.26104
0	1.26529
0	1.26769
0	1.26793
0	1.26815
0	1.26862
0	1.26847
0	1.26691
0	1.26964
0	1.27131
0	1.27623
0	1.27883
0	1.27475
0	1.2784
0	1.27365
0	1.27125
0	1.27365
0	1.27434
0	1.2741
0	1.27688
0	1.27149
0	1.27226
0	1.27305
0	1.27441
0	1.27324
0	1.27431
0	1.27345
0	1.27654
0	1.2813
0	1.28093
0	1.2845
0	1.28233
0	1.28413
0	1.28261
0	1.28378
0	1.28451
0	1.28771
0	1.28398
0	1.28477
0	1.28342
0	1.27834
0	1.27967
0	1.27871
0	1.28043
0	1.2812
0	1.27973
0	1.28122
0	1.28038
0	1.28289
0	1.28395
0	1.28371
0	1.28094
0	1.28002
0	1.27978
0	1.28115
0	1.28389
0	1.2835
0	1.28868
0	1.34457
0	1.33904
0	1.34439
0	1.34593
0	1.35239
0	1.35103
0	1.35294
0	1.35021
0	1.34635
0	1.34154
0	1.34164
0	1.345
0	1.34713
0	1.34578
0	1.34837
0	1.3477
0	1.34985
0	1.3488
0	1.35076
0	1.35076
0	1.35488
0	1.35179
0	1.3496
0	1.35261
0	1.34895
0	1.35198
0	1.34755
0	1.34861
0	1.3448
0	1.34377
0	1.34561
0	1.34291
0	1.34378
0	1.34528
0	1.34475
0	1.34803
0	1.34885
0	1.34778
0	1.34877
0	1.34958
0	1.34917
0	1.34879
0	1.34995
0	1.34921
0	1.34826
0	1.35001
0	1.35183
0	1.35009
0	1.3474
0	1.33392
0	1.33891
0	1.34054
0	1.34537
0	1.34323
0	1.33867
0	1.33732
0	1.33611
0	1.33611
0	1.32409
0	1.31938
0	1.3167
0	1.31345
0	1.31863
0	1.31286
0	1.31262
0	1.31544
0	1.32269
0	1.32423
0	1.32189
0	1.32437
0	1.33302
0	1.33281
0	1.32733
0	1.32798
0	1.32345
0	1.32628
0	1.33075
0	1.33417
0	1.33536
0	1.34219
0	1.34759
0	1.34359
0	1.3434
0	1.3447
0	1.34229
0	1.34266
0	1.34148
0	1.33951
0	1.34146
0	1.34308
0	1.34219
0	1.34132
0	1.3385
0	1.34003
0	1.33711
0	1.34188
0	1.33086
0	1.3311
0	1.32911
0	1.32535
0	1.32936
0	1.32808
0	1.32966
0	1.33096
0	1.33375
0	1.33305
0	1.33481
0	1.3341
0	1.33225
0	1.33294
0	1.33131
0	1.32874
0	1.33086
0	1.33131
0	1.33294
0	1.33382
0	1.33199
0	1.33334
0	1.33094
0	1.33175
0	1.33045
0	1.33151
0	1.33293
0	1.33667
0	1.33623
0	1.33852
0	1.33703
0	1.33726
0	1.33715
0	1.33768
0	1.33982
0	1.34101
0	1.34295
0	1.34472
0	1.34307
0	1.34152
0	1.34062
0	1.34412
0	1.34367
0	1.34241
0	1.34262
0	1.34016
0	1.34042
0	1.34101
0	1.34134
0	1.34309
0	1.34387
0	1.34273
0	1.34045
0	1.33749
0	1.33921
0	1.33966
0	1.33929
0	1.33754
0	1.34024
0	1.34119
0	1.34228
0	1.33875
0	1.33814
0	1.34212
0	1.34269
0	1.34382
0	1.33976
0	1.33897
0	1.33555
0	1.33368
0	1.33568
0	1.33686
0	1.33751
0	1.3375
0	1.3362
0	1.33543
0	1.33281
0	1.34004
0	1.33779
0	1.33969
0	1.33707
0	1.33173
0	1.33138
0	1.33503
0	1.33536
0	1.33258
0	1.33694
0	1.33743
0	1.33827
0	1.33701
0	1.3368
0	1.33537
0	1.33516
0	1.33404
0	1.33278
0	1.3344
0	1.33691
0	1.33315
0	1.32689
0	1.3298
0	1.33109
0	1.33322
0	1.33416
0	1.33264
0	1.33362
0	1.33295
0	1.3328
0	1.33102
0	1.33114
0	1.33119
0	1.33218
0	1.33417
0	1.33593
0	1.3383
0	1.33888
0	1.33823
0	1.33793
0	1.33724
0	1.33791
0	1.33796
0	1.33893
0	1.33651
0	1.33681
0	1.33907
0	1.33892
0	1.33876
0	1.33863
0	1.33787
0	1.33856
0	1.33861
0	1.33703
0	1.33622
0	1.33449
0	1.33267
0	1.33252
0	1.33233
0	1.33287
0	1.33363
0	1.3334
0	1.33219
0	1.33082
0	1.33138
0	1.33417
0	1.33282
0	1.33313
0	1.33477
0	1.33301
0	1.33163
0	1.33082
0	1.33079
0	1.32941
0	1.33033
0	1.33239
0	1.33379
0	1.33241
0	1.3347
0	1.33667
0	1.33608
0	1.33485
0	1.33424
0	1.33593
0	1.33883
0	1.34207
0	1.34131
0	1.3391
0	1.33863
0	1.34089
0	1.34239
0	1.34263
0	1.35801
0	1.35863
0	1.36113
0	1.35802
0	1.34939
0	1.34771
0	1.35358
0	1.35732
0	1.35411
0	1.34993
0	1.35312
0	1.35516
0	1.35774
0	1.35553
0	1.35348
0	1.35593
0	1.35691
0	1.35352
0	1.35075
0	1.34961
0	1.35195
0	1.35165
0	1.3412
0	1.33188
0	1.32826
0	1.33299
0	1.33459
0	1.33597
0	1.33496
0	1.33459
0	1.33858
0	1.34284
0	1.33982
0	1.34004
0	1.33932
0	1.33866
0	1.33806
0	1.3375
0	1.33627
0	1.33858
0	1.33914
0	1.33921
0	1.3372
0	1.33831
0	1.34135
0	1.34014
0	1.33851
0	1.33698
0	1.33628
0	1.33838
0	1.3357
0	1.33373
0	1.33371
0	1.33369
0	1.33563
0	1.33718
0	1.33888
0	1.33782
0	1.33676
0	1.33469
0	1.33341
0	1.33455
0	1.33065
0	1.33365
0	1.33523
0	1.33407
0	1.32888
0	1.32334
0	1.32504
0	1.32448
0	1.32673
0	1.32643
0	1.32765
0	1.32088
0	1.31705
0	1.3209
0	1.32177
0	1.32264
0	1.32276
0	1.32116
0	1.32602
0	1.32447
0	1.32176
0	1.32029
0	1.32182
0	1.32583
0	1.32812
0	1.3285
0	1.32763
0	1.32957
0	1.32771
0	1.32731
0	1.32777
0	1.32793
0	1.32975
0	1.32951
0	1.3301
0	1.33006
0	1.33084
0	1.32687
0	1.32609
0	1.32587
0	1.32525
0	1.32564
0	1.32486
0	1.32373
0	1.32225
0	1.32509
0	1.32467
0	1.32578
0	1.32667
0	1.32766
0	1.32708
0	1.32519
0	1.32537
0	1.32321
0	1.32345
0	1.32493
0	1.32326
0	1.32183
0	1.32354
0	1.31677
0	1.31901
0	1.32316
0	1.32283
0	1.32358
0	1.32546
0	1.32883
0	1.32791
0	1.32773
0	1.32663
0	1.32849
0	1.32708
0	1.32634
0	1.32736
0	1.32946
0	1.32913
0	1.33122
0	1.33118
0	1.33371
0	1.33295
0	1.33494
0	1.34206
0	1.34036
0	1.34301
0	1.34266
0	1.34232
0	1.33944
0	1.34022
0	1.34047
0	1.3387
0	1.33779
0	1.33785
0	1.33759
0	1.34137
0	1.34477
0	1.34346
0	1.3429
0	1.34319
0	1.34299
0	1.34173
0	1.34279
0	1.34174
0	1.35178
0	1.3514
0	1.35045
0	1.34916
0	1.34512
0	1.34644
0	1.34506
0	1.34673
0	1.34748
0	1.34759
0	1.34298
0	1.33727
0	1.33952
0	1.33874
0	1.33581
0	1.33698
0	1.33653
0	1.33717
0	1.3401
0	1.33736
0	1.33824
0	1.33708
0	1.33832
0	1.33463
0	1.3317
0	1.32432
0	1.32344
0	1.33121
0	1.32853
0	1.32701
0	1.32774
0	1.32701
0	1.32825
0	1.32793
0	1.32962
0	1.33019
0	1.33366
0	1.3358
0	1.33343
0	1.33449
0	1.33265
0	1.3356
0	1.33421
0	1.33493
0	1.33444
0	1.33525
0	1.33679
0	1.33774
0	1.34339
0	1.34227
0	1.34152
0	1.33941
0	1.33752
0	1.33893
0	1.33747
0	1.33921
0	1.33985
0	1.33692
0	1.33462
0	1.33665
0	1.33541
0	1.33504
0	1.33551
0	1.3381
0	1.33439
0	1.33459
0	1.33191
0	1.3329
0	1.33357
0	1.33126
0	1.33243
0	1.33111
0	1.3338
0	1.33313
0	1.33073
0	1.32573
0	1.32433
0	1.32066
0	1.31882
0	1.32336
0	1.3228
0	1.32339
0	1.29421
0	1.27235
0	1.26624
0	1.26824
0	1.26962
0	1.2648
0	1.26601
0	1.26413
0	1.26331
0	1.26318
0	1.25835
0	1.26054
0	1.26079
0	1.26145
0	1.26325
0	1.26438
0	1.25999
0	1.26128
0	1.26267
0	1.26208
0	1.26232
0	1.26519
0	1.26385
0	1.26635
0	1.27367
0	1.2722
0	1.27725
-1	1.27304
-1	1.2735
-1	1.27286
-1	1.26628
-1	1.26564
-1	1.26702
-1	1.2668
-1	1.26524
-1	1.26591
-1	1.26228
-1	1.2608
-1	1.25987
-1	1.26418
-1	1.26444
-1	1.26302
-1	1.26008
-1	1.26275
-1	1.26614
-1	1.26546
-1	1.26388
-1	1.26381
-1	1.26548
-1	1.26257
-1	1.26273
-1	1.26335
-1	1.26073
-1	1.25025
-1	1.2516
-1	1.26015
-1	1.25913
-1	1.25422
-1	1.25678
-1	1.25453
-1	1.24742
-1	1.23206
1	1.23325
1	1.23394
1	1.23106
1	1.2407
1	1.24222
1	1.24221
1	1.23909
1	1.24045
1	1.24534
1	1.24499
1	1.24336
1	1.24344
1	1.23973
1	1.2371
1	1.23945
1	1.24113
1	1.24174
1	1.24414
1	1.24611
1	1.24784
1	1.24666
1	1.24601
1	1.24729
1	1.24533
1	1.24398
1	1.24655
1	1.24899
1	1.24949
1	1.24729
1	1.24653
1	1.24538
1	1.24532
1	1.24406
1	1.24356
1	1.24805
1	1.24807
1	1.24449
1	1.2444
1	1.24554
1	1.2478
1	1.24944
1	1.24822
1	1.24832
1	1.24615
1	1.24649
1	1.24646
1	1.24368
1	1.24369
1	1.24165
1	1.23792
1	1.24143
1	1.24824
1	1.25505
1	1.25835
-1	1.25778
-1	1.25452
-1	1.25492
-1	1.25842
-1	1.26228
-1	1.25736
-1	1.2574
-1	1.25593
-1	1.25542
-1	1.25348
-1	1.2471
-1	1.24171
-1	1.2398
-1	1.24329
-1	1.24416
-1	1.23655
-1	1.23951
-1	1.24216
-1	1.23886
-1	1.23522
-1	1.23853
-1	1.22919
-1	1.23061
-1	1.23365
-1	1.2297
-1	1.226
-1	1.22987
-1	1.23009
-1	1.23
-1	1.23596
-1	1.23733
-1	1.23671
-1	1.23823
-1	1.23678
-1	1.23828
-1	1.23968
-1	1.24488
-1	1.24175
-1	1.23897
-1	1.23985
-1	1.24145
-1	1.23777
-1	1.23927
-1	1.23984
-1	1.2408
-1	1.23583
-1	1.24483
-1	1.24303
-1	1.24211
-1	1.24204
-1	1.24033
-1	1.23869
-1	1.24033
-1	1.23701
-1	1.23958
-1	1.24125
-1	1.2428
-1	1.2435
-1	1.24101
-1	1.24165
-1	1.24152
-1	1.24219
-1	1.23927
-1	1.23699
-1	1.23749
-1	1.23647
-1	1.23546
-1	1.22998
-1	1.23067
-1	1.2312
-1	1.22433
-1	1.21756
-1	1.22157
-1	1.21714
-1	1.21979
-1	1.23056
-1	1.22687
-1	1.22775
-1	1.22483
-1	1.2256
-1	1.22365
-1	1.22393
-1	1.2283
-1	1.22604
-1	1.22702
-1	1.22755
-1	1.22344
-1	1.22063
-1	1.21857
-1	1.22071
-1	1.21768
-1	1.21816
-1	1.21771
-1	1.22234
-1	1.22164
-1	1.22274
-1	1.22275
-1	1.22224
-1	1.22563
-1	1.21722
-1	1.21707
-1	1.22286
-1	1.21903
-1	1.21732
-1	1.21715
-1	1.21752
-1	1.21846
-1	1.21491
-1	1.21552
-1	1.21021
-1	1.21387
-1	1.21216
-1	1.21303
-1	1.2016
-1	1.20266
-1	1.20069
-1	1.20507
-1	1.20447
-1	1.20131
-1	1.19968
-1	1.17759
-1	1.18071
-1	1.18245
-1	1.17585
1	1.17675
1	1.17854
1	1.17477
1	1.17285
1	1.17757
1	1.17882
1	1.17624
1	1.1747
1	1.17796
1	1.17391
1	1.17562
1	1.17738
1	1.17972
1	1.18082
1	1.17935
1	1.17973
1	1.18255
1	1.18042
1	1.17963
1	1.17881
1	1.17837
1	1.18072
1	1.18431
1	1.18434
1	1.18401
1	1.1834
1	1.18145
1	1.1836
1	1.18359
1	1.18553
1	1.18529
1	1.18672
1	1.18561
1	1.18742
1	1.18753
1	1.18757
1	1.18632
1	1.18709
1	1.18805
1	1.18999
1	1.18556
1	1.18369
1	1.18492
1	1.18463
1	1.18369
1	1.18401
1	1.18205
1	1.18102
1	1.18131
1	1.1803
1	1.18186
1	1.18001
1	1.18177
1	1.18086
1	1.18225
1	1.18037
1	1.18076
1	1.18014
1	1.17822
1	1.17972
1	1.18157
1	1.18102
1	1.18187
1	1.18184
1	1.18232
1	1.18307
1	1.18475
1	1.18453
1	1.18595
1	1.1823
1	1.18015
1	1.18065
1	1.1807
1	1.18228
1	1.18356
1	1.1903
1	1.18843
1	1.19059
1	1.18951
1	1.19124
1	1.19977
1	1.19756
1	1.19901
1	1.19644
1	1.2006
1	1.20223
-1	1.20122
-1	1.20067
-1	1.19961
-1	1.19718
-1	1.19575
-1	1.19595
-1	1.19732
-1	1.19614
-1	1.19508
-1	1.19457
-1	1.19593
-1	1.19493
-1	1.19546
-1	1.19284
-1	1.19115
-1	1.19085
-1	1.19315
-1	1.19434
-1	1.1992
-1	1.19627
-1	1.1971
-1	1.19801
-1	1.19805
-1	1.19565
-1	1.19677
-1	1.19593
-1	1.19431
-1	1.1935
-1	1.1835
-1	1.18517
-1	1.18859
-1	1.18824
-1	1.18079
-1	1.18399
-1	1.18149
-1	1.18414
-1	1.18575
-1	1.18612
-1	1.18604
-1	1.19243
-1	1.18873
-1	1.18804
-1	1.18856
-1	1.1889
-1	1.18907
-1	1.18965
-1	1.18813
-1	1.18943
-1	1.18956
-1	1.19135
-1	1.19051
-1	1.19214
-1	1.19133
-1	1.1922
-1	1.19027
-1	1.19141
-1	1.19448
-1	1.19602
-1	1.19582
-1	1.19418
-1	1.19542
-1	1.19608
-1	1.19564
-1	1.19471
-1	1.19343
-1	1.19406
-1	1.19375
-1	1.19124
-1	1.19255
-1	1.1913
-1	1.19132
-1	1.19145
-1	1.19278
-1	1.19611
-1	1.19611
-1	1.1985
-1	1.19673
-1	1.19512
-1	1.19434
-1	1.19482
-1	1.19607
-1	1.19535
-1	1.19544
-1	1.19494
-1	1.19404
-1	1.1905
-1	1.18856
-1	1.18412
-1	1.18504
-1	1.18645
-1	1.18197
-1	1.18873
-1	1.19298
-1	1.19032
-1	1.19105
-1	1.18898
-1	1.18821
-1	1.18599
-1	1.1843
-1	1.18196
-1	1.1845
-1	1.17845
1	1.17987
1	1.17877
1	1.18064
1	1.17827
1	1.17819
1	1.18104
1	1.17965
1	1.1798
1	1.18115
1	1.18006
1	1.18204
1	1.18348
1	1.17942
1	1.18553
1	1.18918
1	1.18799
1	1.18847
1	1.1892
1	1.1879
1	1.18817
1	1.18768
1	1.18156
1	1.18286
1	1.1978
1	1.20259
-1	1.19715
-1	1.19709
-1	1.19444
-1	1.19427
-1	1.19194
-1	1.19212
-1	1.19186
-1	1.19187
-1	1.18984
-1	1.19232
-1	1.19207
-1	1.19074
-1	1.19039
-1	1.18961
-1	1.18781
-1	1.18923
-1	1.18832
-1	1.18559
-1	1.18446
-1	1.18657
-1	1.1854
-1	1.18276
-1	1.17891
-1	1.17477
-1	1.17482
-1	1.17681
-1	1.17776
-1	1.18113
-1	1.17472
-1	1.17318
-1	1.17127
1	1.17353
1	1.1751
1	1.17498
1	1.17357
1	1.17582
1	1.17752
1	1.17566
1	1.17719
1	1.17971
1	1.17821
1	1.18128
1	1.18387
1	1.1816
1	1.18131
1	1.18129
1	1.17917
1	1.18094
1	1.17961
1	1.19124
-1	1.19014
-1	1.19251
-1	1.19173
-1	1.17898
-1	1.18385
-1	1.18147
-1	1.17426
-1	1.17373
-1	1.17041
-1	1.17155
-1	1.17236
-1	1.17334
-1	1.15774
-1	1.16472
-1	1.16907
-1	1.17092
-1	1.17048
-1	1.17073
-1	1.17199
-1	1.16859
-1	1.16877
-1	1.16983
-1	1.16812
-1	1.17008
-1	1.1686
-1	1.17327
-1	1.17268
-1	1.17127
-1	1.17424
-1	1.17197
-1	1.16948
-1	1.16845
-1	1.16967
-1	1.17116
-1	1.17337
-1	1.1732
-1	1.17353
-1	1.17579
-1	1.17727
-1	1.17566
-1	1.1753
-1	1.17875
-1	1.1762
-1	1.17526
-1	1.17471
-1	1.17528
-1	1.1754
-1	1.17214
-1	1.17111
-1	1.17005
-1	1.17091
-1	1.17148
-1	1.17094
-1	1.16998
-1	1.17081
-1	1.17003
-1	1.16789
-1	1.16871
-1	1.16819
-1	1.17068
-1	1.16941
-1	1.1629
-1	1.16534
-1	1.16621
-1	1.16806
-1	1.1674
-1	1.16768
-1	1.16788
-1	1.16336
-1	1.16309
-1	1.16177
-1	1.15794
1	1.15858
1	1.15917
1	1.15992
1	1.1605
1	1.16415
1	1.16255
1	1.16045
1	1.15983
1	1.15817
1	1.15904
1	1.15812
1	1.15959
1	1.15843
1	1.16316
1	1.16008
1	1.16546
1	1.16521
1	1.16483
1	1.16546
1	1.16366
1	1.16444
1	1.16595
1	1.1656
1	1.16454
1	1.16246
1	1.15817
1	1.15766
1	1.15406
1	1.15632
1	1.16101
1	1.15968
1	1.15833
1	1.15817
1	1.15887
1	1.16048
1	1.16229
1	1.16434
1	1.16149
1	1.16124
1	1.17234
1	1.17379
1	1.17517
1	1.17597
1	1.17131
1	1.1702
1	1.16769
1	1.16928
1	1.16967
1	1.17264
1	1.18366
1	1.18605
1	1.18628
1	1.18707
1	1.19311
1	1.19353
1	1.19017
1	1.19359
1	1.19196
1	1.19234
1	1.19304
1	1.19175
1	1.18934
1	1.19268
1	1.19113
1	1.19078
1	1.19283
1	1.19833
1	1.19332
1	1.19143
1	1.18992
1	1.19154
1	1.1941
1	1.19314
1	1.19362
1	1.19337
1	1.19228
1	1.19253
1	1.19147
1	1.18898
1	1.19007
1	1.18868
1	1.19132
1	1.192
1	1.19145
1	1.19008
1	1.19163
1	1.1931
1	1.19279
1	1.19257
1	1.19251
1	1.18976
1	1.1898
1	1.19081
1	1.19046
1	1.18849
1	1.18745
1	1.18806
1	1.18941
1	1.19529
1	1.19392
1	1.19788
1	1.19697
1	1.20075
1	1.20698
1	1.21022
1	1.20917
1	1.21527
1	1.22216
1	1.22248
1	1.22021
1	1.21979
1	1.22303
1	1.22172
1	1.2234
1	1.23754
1	1.24886
1	1.25151
1	1.24918
-1	1.2461
-1	1.24054
-1	1.247
-1	1.24287
-1	1.23775
-1	1.23834
-1	1.2418
-1	1.24405
-1	1.24188
-1	1.245
-1	1.24682
-1	1.24722
-1	1.24556
-1	1.24382
-1	1.24706
-1	1.24574
-1	1.24527
-1	1.24845
-1	1.24298
-1	1.24374
-1	1.2442
-1	1.24087
-1	1.24206
-1	1.23842
-1	1.21561
-1	1.17831
-1	1.16694
-1	1.16535
-1	1.16186
1	1.17764
1	1.19066
1	1.18337
1	1.18553
1	1.18466
1	1.19832
1	1.19542
1	1.19119
1	1.18875
1	1.19008
1	1.19545
1	1.19235
1	1.18893
1	1.19073
1	1.19649
1	1.23245
-1	1.22475
-1	1.22506
-1	1.2216
-1	1.21599
-1	1.21381
-1	1.2067
-1	1.21906
-1	1.21329
-1	1.21599
-1	1.21829
-1	1.21201
-1	1.21444
-1	1.21478
-1	1.2114
-1	1.21444
-1	1.21458
-1	1.21637
-1	1.21911
-1	1.21854
-1	1.22099
-1	1.21892
-1	1.21716
-1	1.21364
-1	1.211
-1	1.21145
-1	1.20084
-1	1.20255
-1	1.20204
-1	1.20235
-1	1.20291
-1	1.19847
1	1.20521
1	1.20307
1	1.20155
1	1.20091
1	1.20063
1	1.20403
1	1.20057
1	1.20317
1	1.20196
1	1.20419
1	1.20257
1	1.20556
1	1.20411
1	1.2003
1	1.20024
1	1.2031
1	1.20131
1	1.1926
1	1.1972
1	1.19982
1	1.19929
1	1.19917
1	1.2025
1	1.2068
1	1.20323
1	1.20427
1	1.20267
1	1.20514
1	1.21368
1	1.20668
1	1.21254
1	1.20965
1	1.21178
1	1.21023
1	1.21233
1	1.21445
1	1.21627
1	1.21617
1	1.21513
1	1.21709
1	1.22799
1	1.2365
-1	1.22995
-1	1.22375
-1	1.22515
-1	1.2281
-1	1.22673
-1	1.22135
-1	1.22288
-1	1.22462
-1	1.22467
-1	1.2271
-1	1.22572
-1	1.22372
-1	1.22225
-1	1.22144
-1	1.22173
-1	1.22169
-1	1.21582
-1	1.21688
-1	1.21872
-1	1.21758
-1	1.21795
-1	1.21624
-1	1.21545
-1	1.21496
-1	1.22108
-1	1.21779
-1	1.2172
-1	1.22114
-1	1.21896
-1	1.21682
-1	1.21684
-1	1.21628
-1	1.21637
-1	1.21645
-1	1.21448
-1	1.21594
-1	1.21587
-1	1.21893
-1	1.21994
-1	1.22129
-1	1.22134
-1	1.22046
-1	1.2215
-1	1.22367
-1	1.22183
-1	1.22201
-1	1.21982
-1	1.21945
-1	1.2223
-1	1.22456
-1	1.22291
-1	1.22613
-1	1.22459
-1	1.22283
-1	1.2216
-1	1.21672
-1	1.21843
-1	1.21647
-1	1.21726
-1	1.21798
-1	1.2167
-1	1.21713
-1	1.21873
-1	1.22013
-1	1.21915
-1	1.21929
-1	1.22012
-1	1.21816
-1	1.2139
-1	1.21508
-1	1.21738
-1	1.21658
-1	1.21178
-1	1.21323
-1	1.2148
-1	1.20285
-1	1.20514
-1	1.20903
-1	1.20958
-1	1.2068
-1	1.20493
-1	1.19732
-1	1.20025
1	1.2009
1	1.20399
1	1.20823
1	1.20324
1	1.2033
1	1.20792
1	1.20637
1	1.20529
1	1.20633
1	1.20669
1	1.20395
1	1.20413
1	1.20529
1	1.20832
1	1.21045
1	1.20755
1	1.20968
1	1.20754
1	1.20845
1	1.20788
1	1.20915
1	1.20979
1	1.21049
1	1.20972
1	1.20898
1	1.20871
1	1.20976
1	1.211
1	1.21212
1	1.20864
1	1.20961
1	1.20664
1	1.20813
1	1.20663
1	1.20638
1	1.20641
1	1.20688
1	1.20488
1	1.20459
1	1.20654
1	1.20644
1	1.20668
1	1.20719
1	1.20795
1	1.20931
1	1.21041
1	1.20998
1	1.21035
1	1.21001
1	1.20999
1	1.21177
1	1.21386
1	1.21269
1	1.21348
1	1.2144
1	1.213
1	1.2128
1	1.21178
1	1.21353
1	1.21138
1	1.21203
1	1.21142
1	1.21369
1	1.21268
1	1.21361
1	1.21381
1	1.21275
1	1.21134
1	1.21231
1	1.21243
1	1.2121
1	1.2125
1	1.21203
1	1.2128
1	1.21209
1	1.21029
1	1.21024
1	1.21025
1	1.21049
1	1.20932
1	1.21025
1	1.21111
1	1.21165
1	1.21092
1	1.21065
1	1.21051
1	1.21125
1	1.2149
1	1.21548
1	1.22047
-1	1.21989
-1	1.22086
-1	1.22092
-1	1.21925
-1	1.21765
-1	1.21944
-1	1.21995
-1	1.21595
-1	1.21653
-1	1.21511
-1	1.21557
-1	1.21617
-1	1.21491
-1	1.2141
-1	1.20848
-1	1.20891
-1	1.21203
-1	1.21018
-1	1.20975
-1	1.21092
-1	1.21083
-1	1.21311
-1	1.21478
-1	1.21439
-1	1.21416
-1	1.21547
-1	1.21393
-1	1.21422
-1	1.21559
-1	1.21495
-1	1.21567
-1	1.21498
-1	1.21393
-1	1.21428
-1	1.21517
-1	1.21467
-1	1.21328
-1	1.2137
-1	1.21536
-1	1.21739
-1	1.21529
-1	1.21532
-1	1.21335
-1	1.21176
-1	1.21208
-1	1.21164
-1	1.21093
-1	1.2087
-1	1.20936
-1	1.20984
1	1.20993
1	1.21139
1	1.21073
1	1.21011
1	1.21014
1	1.21002
1	1.20944
1	1.20936
1	1.21076
1	1.21106
1	1.21197
1	1.21139
1	1.212
1	1.21471
1	1.21479
1	1.21358
1	1.21515
1	1.21467
1	1.21415
1	1.21422
1	1.21482
1	1.21437
1	1.21421
1	1.21615
1	1.21569
1	1.21477
1	1.21462
1	1.2137
1	1.21402
1	1.21517
1	1.21841
1	1.21816
1	1.21493
1	1.21483
1	1.21599
1	1.21499
1	1.2133
1	1.21292
1	1.21292
1	1.21242
1	1.21234
1	1.21275
1	1.21376
1	1.21561
1	1.21517
1	1.21573
1	1.21468
1	1.21358
1	1.2167
1	1.21812
1	1.22486
1	1.23287
1	1.23351
-1	1.22518
-1	1.23054
-1	1.22536
-1	1.22693
-1	1.22837
-1	1.22836
-1	1.23062
-1	1.22947
-1	1.22635
-1	1.22684
-1	1.22686
-1	1.22572
-1	1.22399
-1	1.21829
0	1.21458
0	1.21503
0	1.2155
0	1.20219
0	1.20714
0	1.20775
0	1.20725
0	1.20976
0	1.21036
0	1.20691
0	1.20871
0	1.2093
0	1.20886
0	1.20832
0	1.20756
0	1.20623
0	1.20559
0	1.20552
0	1.19333
0	1.19993
0	1.20092
0	1.2026
0	1.20305
0	1.20191
0	1.20208
0	1.17568
0	1.17158
0	1.17764
0	1.17638
0	1.17643
0	1.1766
0	1.17625
0	1.17847
0	1.17842
0	1.17833
0	1.17681
0	1.17795
0	1.17787
0	1.17902
0	1.18045
0	1.178
0	1.1757
0	1.17822
0	1.17788
0	1.17905
0	1.17931
0	1.18031
0	1.17976
0	1.18077
0	1.17982
0	1.18031
0	1.17823
0	1.17847
0	1.17923
0	1.17936
0	1.18001
0	1.18057
0	1.17824
0	1.17875
0	1.17947
0	1.17882
0	1.17795
0	1.1779
0	1.17629
0	1.17911
0	1.17847
0	1.17756
0	1.17805
0	1.1797
0	1.17999
0	1.18042
0	1.17907
0	1.1804
0	1.17744
0	1.17501
0	1.17607
0	1.17572
0	1.1742
0	1.17622
0	1.17321
0	1.16712
0	1.16995
0	1.17008
0	1.16673
0	1.16648
0	1.1692
0	1.17403
0	1.17375
0	1.16996
0	1.17235
0	1.17391
0	1.17235
0	1.17151
0	1.16888
0	1.1693
0	1.16385
0	1.16334
0	1.15889
0	1.15688
0	1.16029
0	1.15862
0	1.16105
0	1.15345
0	1.15902
0	1.1618
0	1.16459
0	1.16415
0	1.16398
0	1.16403
0	1.16726
0	1.16519
0	1.16826
0	1.16789
0	1.16775
0	1.16821
0	1.16632
0	1.17073
0	1.17155
0	1.16953
0	1.17003
0	1.16969
0	1.1702
0	1.16532
0	1.16585
0	1.16414
0	1.16544
0	1.16706
0	1.16623
0	1.1647
0	1.16558
0	1.16817
0	1.16765
0	1.16632
0	1.16669
0	1.16497
0	1.16634
0	1.16612
0	1.1671
0	1.16722
0	1.16812
0	1.16593
0	1.1666
0	1.16692
0	1.17016
0	1.17071
0	1.17043
0	1.17137
0	1.17281
0	1.17155
0	1.17008
0	1.16921
0	1.16801
0	1.16646
0	1.16728
0	1.16678
0	1.16671
0	1.16588
0	1.16792
0	1.16738
0	1.16829
0	1.16971
0	1.16909
0	1.17003
0	1.16906
0	1.16745
0	1.17323
0	1.16907
0	1.16767
0	1.16782
0	1.16729
0	1.16698
0	1.16921
0	1.18223
0	1.18717
0	1.18191
0	1.18431
0	1.18611
0	1.1887
0	1.18612
0	1.18451
0	1.18755
0	1.18434
0	1.18372
0	1.18457
0	1.18486
0	1.18577
0	1.18738
0	1.18776
0	1.18839
0	1.19277
0	1.19369
0	1.19633
0	1.19649
0	1.19406
0	1.19223
0	1.1924
0	1.19404
0	1.1957
0	1.19293
0	1.19436
0	1.19381
0	1.19441
0	1.1943
0	1.19633
0	1.19723
0	1.19586
0	1.19578
0	1.19578
0	1.19356
0	1.19269
0	1.19332
0	1.19091
0	1.19213
0	1.18923
0	1.18692
0	1.18955
0	1.18933
0	1.18962
0	1.18932
0	1.18598
0	1.18724
0	1.18768
0	1.18764
0	1.18706
0	1.18797
0	1.1887
0	1.18859
0	1.18679
0	1.18826
0	1.18748
0	1.18866
0	1.18828
0	1.18757
0	1.18771
0	1.18717
0	1.18616
0	1.18727
0	1.19073
0	1.19072
0	1.19031
0	1.19139
0	1.19002
0	1.1902
0	1.1897
0	1.19268
0	1.1926
0	1.1923
0	1.19114
0	1.19103
0	1.19145
0	1.19225
0	1.19283
0	1.19092
0	1.19184
0	1.19001
0	1.1903
0	1.1911
0	1.18952
0	1.18646
0	1.18546
0	1.18666
0	1.18055
0	1.1806
0	1.18067
0	1.18134
0	1.18436
0	1.18482
0	1.1833
0	1.18142
0	1.18179
0	1.17935
0	1.18103
0	1.17904
0	1.18178
0	1.18262
0	1.1823
0	1.18739
0	1.185
0	1.19008
0	1.19014
0	1.19306
0	1.20332
0	1.19654
0	1.20282
0	1.20067
0	1.20206
0	1.20291
0	1.1981
0	1.19886
0	1.19585
0	1.192
0	1.19649
0	1.19496
0	1.18944
0	1.19549
0	1.1984
0	1.20441
0	1.20841
0	1.20582
0	1.21372
0	1.21808
0	1.21599
0	1.21679
0	1.21734
0	1.21504
0	1.21202
0	1.21568
0	1.21535
0	1.21379
0	1.21166
0	1.21368
0	1.21426
0	1.21085
0	1.21198
0	1.21378
0	1.21226
0	1.21277
0	1.21158
0	1.21396
0	1.2157
0	1.21386
0	1.21285
0	1.21474
0	1.21468
0	1.21479
0	1.21462
0	1.21293
0	1.2134
0	1.21252
0	1.2128
0	1.21434
0	1.2121
0	1.21166
0	1.21175
0	1.21293
0	1.21099
0	1.21175
0	1.2118
0	1.21139
0	1.21083
0	1.21408
0	1.21367
0	1.21356
0	1.21265
0	1.21218
0	1.21169
0	1.21437
0	1.21407
0	1.21635
0	1.22065
0	1.21987
0	1.22079
0	1.21804
0	1.21558
0	1.2154
0	1.21514
0	1.21564
0	1.21155
0	1.2113
0	1.21229
0	1.20743
0	1.19997
0	1.20337
0	1.2046
0	1.20439
0	1.20501
0	1.20386
0	1.20767
0	1.20563
0	1.20376
0	1.20326
0	1.20464
0	1.20602
0	1.20383
0	1.20361
0	1.20249
0	1.20152
0	1.19993
0	1.20118
0	1.20057
0	1.19555
0	1.19435
0	1.19507
0	1.19312
0	1.19582
0	1.19626
0	1.19752
0	1.19598
0	1.19739
0	1.19716
0	1.1981
0	1.19719
0	1.19568
0	1.19604
0	1.19753
0	1.1954
0	1.19462
0	1.19448
0	1.19409
0	1.19722
0	1.19696
0	1.19661
0	1.19778
0	1.19796
0	1.19832
0	1.19972
0	1.19926
0	1.19858
0	1.19988
0	1.2131
0	1.21174
0	1.2105
0	1.21064
0	1.21245
0	1.21139
0	1.21285
0	1.21213
0	1.21058
0	1.21023
0	1.21173
0	1.21231
0	1.2109
0	1.21091
0	1.20956
0	1.20981
0	1.21097
0	1.21027
0	1.21081
0	1.21088
0	1.21203
0	1.21167
0	1.20998
0	1.211
0	1.20844
0	1.20929
0	1.21148
0	1.21183
0	1.21132
0	1.20982
0	1.21
0	1.21116
0	1.2134
0	1.21233
0	1.21178
0	1.21442
0	1.21268
0	1.21529
0	1.21617
0	1.21421
0	1.21434
0	1.21956
0	1.22095
0	1.21921
0	1.21358
0	1.21561
0	1.21887
0	1.22234
0	1.23156
0	1.23283
0	1.23622
0	1.23514
0	1.24424
0	1.24203
0	1.23987
0	1.24544
0	1.24317
0	1.24645
0	1.27245
0	1.26983
0	1.26692
0	1.27033
0	1.26914
0	1.26881
0	1.27256
0	1.27056
0	1.27228
0	1.27127
0	1.2675
0	1.26314
0	1.26057
0	1.26353
0	1.26715
0	1.27046
0	1.26859
0	1.26978
0	1.26992
0	1.26837
0	1.26971
0	1.26882
0	1.26696
0	1.2668
0	1.26843
0	1.26793
0	1.26993
0	1.26894
0	1.27022
0	1.27249
0	1.2709
0	1.27195
0	1.27214
0	1.2769
0	1.28028
0	1.27776
0	1.27075
0	1.26722
0	1.26927
0	1.2655
0	1.26064
0	1.26141
0	1.26402
0	1.26326
0	1.25937
0	1.25795
0	1.25622
0	1.2573
0	1.25851
0	1.25535
0	1.25345
0	1.2544
0	1.25535
0	1.25346
0	1.2504
0	1.25066
0	1.25314
0	1.25147
0	1.25239
0	1.25292
0	1.25318
0	1.25396
0	1.25101
0	1.25001
0	1.23745
0	1.23867
0	1.24011
0	1.24037
0	1.23775
0	1.23666
0	1.23746
0	1.23509
0	1.23315
0	1.22933
0	1.2321
0	1.23049
0	1.23268
0	1.23128
0	1.2325
0	1.23431
0	1.23125
0	1.22984
0	1.22091
0	1.21994
0	1.21789
0	1.21761
0	1.2132
0	1.21305
0	1.19884
0	1.19727
0	1.19985
0	1.19701
0	1.19878
0	1.20169
0	1.20205
0	1.19794
0	1.2002
0	1.20189
0	1.19887
0	1.20094
0	1.19987
0	1.204
0	1.20156
0	1.2012
0	1.20448
0	1.20698
0	1.21343
0	1.21258
0	1.21376
0	1901.07
