0	0.3643
0	0.3646
0	0.3651
0	0.365
0	0.3658
0	0.3653
0	0.3659
0	0.366
0	0.3656
0	0.3665
0	0.3674
0	0.3671
0	0.3669
0	0.3674
0	0.3686
0	0.3684
0	0.3685
0	0.3691
0	0.3692
0	0.3696
0	0.3706
0	0.3709
0	0.3722
0	0.3731
0	0.3724
0	0.3719
0	0.3717
0	0.3724
0	0.3711
0	0.3719
0	0.3712
0	0.3719
0	0.3725
0	0.372
0	0.3711
0	0.3719
0	0.3713
0	0.3713
0	0.3712
0	0.3704
0	0.37
0	0.3699
0	0.3695
0	0.3696
0	0.369
0	0.3686
0	0.3682
0	0.3702
0	0.3703
0	0.369
0	0.3671
0	0.3681
0	0.3691
0	0.3689
0	0.3682
0	0.3683
0	0.3684
0	0.3681
0	0.3682
0	0.3701
0	0.369
0	0.3686
0	0.3685
0	0.3686
0	0.3699
0	0.37
0	0.3707
0	0.3717
0	0.3714
0	0.3722
0	0.3724
0	0.3706
0	0.3692
0	0.3703
0	0.3697
0	0.369
0	0.3686
0	0.3695
0	0.3692
0	0.3692
0	0.3683
0	0.3687
0	0.3694
0	0.3704
0	0.3711
0	0.3713
0	0.3697
0	0.3701
0	0.3694
0	0.3712
0	0.3708
0	0.3736
0	0.3729
0	0.3734
0	0.3742
0	0.3746
0	0.3744
0	0.3747
0	0.373
0	0.373
0	0.3746
0	0.3772
0	0.3762
0	0.3806
0	0.3803
0	0.3792
0	0.3787
0	0.3783
0	0.3764
0	0.377
0	0.3768
0	0.3759
0	0.3779
0	0.3774
0	0.3777
0	0.377
0	0.3792
0	0.3792
0	0.3797
0	0.38
0	0.3809
0	0.3809
0	0.3803
0	0.3794
0	0.3807
0	0.3814
0	0.382
0	0.3796
0	0.3809
0	0.3835
0	0.3828
0	0.3817
0	0.3805
0	0.3804
0	0.3813
0	0.38
0	0.3796
0	0.3808
0	0.3801
0	0.3817
0	0.3841
0	0.3824
0	0.3813
0	0.3793
0	0.3784
0	0.3786
0	0.3766
0	0.3768
0	0.377
0	0.3776
0	0.377
0	0.378
0	0.3789
0	0.3806
0	0.3787
0	0.3793
0	0.3802
0	0.38
0	0.3805
0	0.3787
0	0.3777
0	0.3757
0	0.3727
0	0.374
0	0.3764
0	0.3752
0	0.376
0	0.3759
0	0.3756
0	0.3774
0	0.3763
0	0.3769
0	0.3781
0	0.3786
0	0.3787
0	0.3804
0	0.3795
0	0.3809
0	0.3836
0	0.3834
0	0.3859
0	0.3849
0	0.3846
0	0.3864
0	0.3869
0	0.3891
0	0.387
0	0.3873
0	0.3871
0	0.3897
0	0.3915
0	0.3964
0	0.3983
0	0.3975
0	0.3953
0	0.3944
0	0.3924
0	0.3903
0	0.3909
0	0.396
0	0.3951
0	0.395
0	0.3969
0	0.397
0	0.3953
0	0.3936
0	0.3962
0	0.3958
0	0.3973
0	0.3983
0	0.3948
0	0.3921
0	0.3913
0	0.3908
0	0.3926
0	0.3927
0	0.3935
0	0.3951
0	0.3958
0	0.3947
0	0.3972
0	0.3974
0	0.3961
0	0.3968
0	0.3974
0	0.3936
0	0.3925
0	0.3916
0	0.3919
0	0.3913
0	0.3871
0	0.3882
0	0.3927
0	0.3891
0	0.3889
0	0.3867
0	0.3882
0	0.3897
0	0.3938
0	0.3918
0	0.3896
0	0.3905
0	0.3922
0	0.3891
0	0.3912
0	0.3904
0	0.3903
0	0.3896
0	0.3916
0	0.3899
0	0.3887
0	0.3889
0	0.3893
0	0.3877
0	0.3864
0	0.3881
0	0.3879
0	0.3871
0	0.3868
0	0.3892
0	0.3893
0	0.3903
0	0.3889
0	0.3891
0	0.3896
0	0.3899
0	0.3905
0	0.3903
0	0.392
0	0.3936
0	0.3923
0	0.3919
0	0.3911
0	0.3928
0	0.3948
0	0.3938
0	0.3947
0	0.3945
0	0.3936
0	0.3946
0	0.3933
0	0.3934
0	0.3931
0	0.3926
0	0.3926
0	0.3942
0	0.3951
0	0.395
0	0.394
0	0.3945
0	0.3948
0	0.395
0	0.3962
0	0.3949
0	0.3934
0	0.393
0	0.3937
0	0.3943
0	0.3931
0	0.3932
0	0.3912
0	0.3895
0	0.3878
0	0.3874
0	0.3867
0	0.3865
0	0.388
0	0.3875
0	0.3894
0	0.3872
0	0.3872
0	0.3845
0	0.3806
0	0.3784
0	0.3788
0	0.3755
0	0.3754
0	0.3709
0	0.3649
0	0.3669
0	0.3688
0	0.3692
0	0.3677
0	0.3724
0	0.3729
0	0.3744
0	0.374
0	0.373
0	0.372
0	0.3724
0	0.3706
0	0.3689
0	0.3697
0	0.3681
0	0.3682
0	0.3677
0	0.3678
0	0.3698
0	0.3704
0	0.3686
0	0.3677
0	0.3693
0	0.3703
0	0.372
0	0.373
0	0.3741
0	0.374
0	0.3746
0	0.3743
0	0.3736
0	0.3712
0	0.3714
0	0.3718
0	0.3712
0	0.3722
0	0.371
0	0.3688
0	0.368
0	0.3681
0	0.3677
0	0.3702
0	0.3698
0	0.3704
0	0.3698
0	0.3683
0	0.3681
0	0.3695
0	0.3683
0	0.3683
0	0.3641
0	0.3647
0	0.3639
0	0.3604
0	0.3591
0	0.361
0	0.3633
0	0.3616
0	0.3618
0	0.3615
0	0.3629
0	0.3639
0	0.3641
0	0.3647
0	0.3649
0	0.3658
0	0.3702
0	0.3712
0	0.3676
0	0.3693
0	0.3647
0	0.3673
0	0.3668
0	0.3668
0	0.3677
0	0.3689
0	0.369
0	0.3704
0	0.3694
0	0.3677
0	0.3663
0	0.366
0	0.3665
0	0.365
0	0.3662
0	0.3648
0	0.3655
0	0.365
0	0.3666
0	0.3655
0	0.3661
0	0.3683
0	0.3693
0	0.3694
0	0.3687
0	0.3694
0	0.3692
0	0.3686
0	0.3674
0	0.3698
0	0.3705
0	0.3709
0	0.3697
0	0.3706
0	0.3708
0	0.3705
0	0.3706
0	0.37
0	0.3693
0	0.3693
0	0.3687
0	0.3697
0	0.3708
0	0.371
0	0.3734
0	0.3725
0	0.3717
0	0.3709
0	0.3709
0	0.3701
0	0.3689
0	0.3691
0	0.3697
0	0.3688
0	0.3663
0	0.3669
0	0.367
0	0.3678
0	0.3688
0	0.3693
0	0.3691
0	0.3697
0	0.3687
0	0.3683
0	0.3677
0	0.368
0	0.3674
0	0.3681
0	0.3623
0	0.3626
0	0.3614
0	0.3623
0	0.3655
0	0.3636
0	0.3636
0	0.3645
0	0.3637
0	0.3639
0	0.3636
0	0.3641
0	0.3631
0	0.3616
0	0.3612
0	0.3626
0	0.3608
0	0.3618
0	0.3615
0	0.3622
0	0.3619
0	0.3604
0	0.3601
0	0.3599
0	0.3601
0	0.3602
0	0.3602
0	0.3608
0	0.3614
0	0.3611
0	0.36
0	0.3612
0	0.3619
0	0.3617
0	0.3609
0	0.3606
0	0.3612
0	0.3604
0	0.3601
0	0.3612
0	0.3621
0	0.3625
0	0.3617
0	0.3624
0	0.3618
0	0.3619
0	0.3614
0	0.3621
0	0.362
0	0.362
0	0.3617
0	0.3621
0	0.3636
0	0.3636
0	0.363
0	0.3622
0	0.3624
0	0.3622
0	0.3624
0	0.3624
0	0.3621
0	0.3616
0	0.3617
0	0.3622
0	0.3632
0	0.3638
0	0.3635
0	0.3637
0	0.3628
0	0.3645
0	0.3641
0	0.3637
0	0.3628
0	0.3634
0	0.3621
0	0.3621
0	0.3622
0	0.3634
0	0.3634
0	0.3625
0	0.3633
0	0.3631
0	0.3623
0	0.3621
0	0.363
0	0.3628
0	0.3628
0	0.3632
0	0.3628
0	0.3619
0	0.3623
0	0.3625
0	0.3621
0	0.3615
0	0.3611
0	0.3611
0	0.3607
0	0.3596
0	0.3585
0	0.3588
0	0.3582
0	0.3584
0	0.3588
0	0.3594
0	0.359
0	0.3587
0	0.3587
0	0.3592
0	0.3596
0	0.3598
0	0.3601
0	0.3606
0	0.3609
0	0.3605
0	0.3583
0	0.3583
0	0.3577
0	0.3577
0	0.3576
0	0.357
0	0.3567
0	0.355
0	0.354
0	0.3528
0	0.353
0	0.3519
0	0.353
0	0.3517
0	0.351
0	0.3524
0	0.3511
0	0.3488
0	0.3495
0	0.3509
0	0.351
0	0.3548
0	0.3561
0	0.3575
0	0.3559
0	0.3595
0	0.3611
0	0.3604
0	0.3615
0	0.3583
0	0.3576
0	0.3564
0	0.3584
0	0.3596
0	0.3608
0	0.3613
0	0.3604
0	0.3607
0	0.3605
0	0.3619
0	0.3604
0	0.3687
0	0.3679
0	0.3663
0	0.3685
0	0.3692
0	0.3697
0	0.3714
0	0.3682
0	0.3717
0	0.3746
0	0.3728
0	0.3716
0	0.3709
0	0.3705
0	0.3701
0	0.3706
0	0.3688
0	0.3688
0	0.368
0	0.3672
0	0.3666
0	0.3674
0	0.3663
0	0.3683
0	0.3682
0	0.3669
0	0.3673
0	0.3683
0	0.3679
0	0.368
0	0.3687
0	0.3668
0	0.3676
0	0.3675
0	0.3673
0	0.3677
0	0.3682
0	0.3684
0	0.3675
0	0.3661
0	0.3665
0	0.3652
0	0.3627
0	0.3637
0	0.3607
0	0.3582
0	0.3581
0	0.3586
0	0.3607
0	0.361
0	0.3617
0	0.3607
0	0.3606
0	0.3594
0	0.3601
0	0.3587
0	0.3583
0	0.3578
0	0.3591
0	0.3614
0	0.3609
0	0.3596
0	0.3615
0	0.3661
0	0.3692
0	0.3704
0	0.3714
0	0.375
0	0.3795
0	0.3739
0	0.3731
0	0.374
0	0.3724
0	0.3727
0	0.3712
0	0.3699
0	0.3713
0	0.3717
0	0.3703
0	0.3709
0	0.3721
0	0.3729
0	0.3726
0	0.3723
0	0.3713
0	0.3725
0	0.3717
0	0.3711
0	0.3703
0	0.3716
0	0.3715
0	0.3726
0	0.3722
0	0.3717
0	0.372
0	0.3744
0	0.3743
0	0.3737
0	0.3738
0	0.3725
0	0.3709
0	0.3723
0	0.3724
0	0.3703
0	0.3706
0	0.3699
0	0.3695
0	0.369
0	0.3702
0	0.3699
0	0.3703
0	0.3696
0	0.3692
0	0.3702
0	0.3698
0	0.3696
0	0.3697
0	0.3706
0	0.3709
0	0.3707
0	0.3706
0	0.3699
0	0.3709
0	0.3726
0	0.3697
0	0.3681
0	0.3681
0	0.3685
0	0.3698
0	0.3691
0	0.3695
0	0.3699
0	0.3689
0	0.3683
0	0.3679
0	0.3651
0	0.3676
0	0.3672
0	0.3665
0	0.3663
0	0.3655
0	0.3667
0	0.367
0	0.3666
0	0.3673
0	0.3675
0	0.3686
0	0.3682
0	0.3678
0	0.368
0	0.3677
0	0.3673
0	0.3668
0	0.3739
0	0.3787
0	0.3813
0	0.3774
0	0.3786
0	0.3791
0	0.3793
0	0.3828
0	0.3826
0	0.3834
0	0.3857
0	0.3828
0	0.3842
0	0.3843
0	0.3847
0	0.3802
0	0.3819
0	0.3828
0	0.3821
0	0.3805
0	0.3802
0	0.3814
0	0.3779
0	0.3812
0	0.3802
0	0.3771
0	0.3741
0	0.3738
0	0.3743
0	0.3772
0	0.3765
0	0.3773
0	0.3745
0	0.3741
0	0.3706
0	0.3704
0	0.3711
0	0.372
0	0.3731
0	0.3717
0	0.3729
0	0.3738
0	0.3734
0	0.3736
0	0.374
0	0.3724
0	0.3714
0	0.37
0	0.3709
0	0.3723
0	0.3729
0	0.3741
0	0.3741
0	0.3733
0	0.3731
0	0.3741
0	0.3744
0	0.3742
0	0.3742
0	0.373
0	0.3737
0	0.374
0	0.374
0	0.375
0	0.3744
0	0.3744
0	0.3756
0	0.3749
0	0.3738
0	0.373
0	0.3723
0	0.3732
0	0.3738
0	0.3726
0	0.3714
0	0.3724
0	0.3734
0	0.3739
0	0.3736
0	0.3728
0	0.3723
0	0.3724
0	0.3724
0	0.3702
0	0.3693
0	0.3695
0	0.3692
0	0.3685
0	0.3693
0	0.3685
0	0.3671
0	0.3647
0	0.3672
0	0.3684
0	0.3669
0	0.3664
0	0.3659
0	0.3672
0	0.3687
0	0.3681
0	0.3666
0	0.3643
0	0.3648
0	0.3642
0	0.3612
0	0.3634
0	0.3636
0	0.3621
0	0.3602
0	0.3607
0	0.3605
0	0.3602
0	0.3592
0	0.3576
0	0.3598
0	0.36
0	0.359
0	0.3589
0	0.3579
0	0.3606
0	0.3619
0	0.3629
0	0.362
0	0.3628
0	0.3603
0	0.3611
0	0.359
0	0.3605
0	0.3615
0	0.3607
0	0.3612
0	0.361
0	0.362
0	0.3612
0	0.362
0	0.3606
0	0.3597
0	0.3591
0	0.3592
0	0.3593
0	0.3587
0	0.3589
0	0.3596
0	0.3594
0	0.3581
0	0.3569
0	0.3578
0	0.3587
0	0.3587
0	0.3597
0	0.3613
0	0.3609
0	0.3614
0	0.3617
0	0.3609
0	0.3623
0	0.3624
0	0.3621
0	0.362
0	0.3624
0	0.3627
0	0.3629
0	0.3634
0	0.364
0	0.3641
0	0.3646
0	0.3651
0	0.3649
0	0.364
0	0.3644
0	0.3643
0	0.3646
0	0.364
0	0.3635
0	0.3628
0	0.3624
0	0.3631
0	0.3627
0	0.3616
0	0.3611
0	0.3637
0	0.3624
0	0.3626
0	0.3626
0	0.3636
0	0.3643
0	0.3627
0	0.363
0	0.3621
0	0.3625
0	0.3613
0	0.3623
0	0.3602
0	0.3602
0	0.3606
0	0.3595
0	0.3609
0	0.3622
0	0.3624
0	0.3633
0	0.3634
0	0.3627
0	0.3617
0	0.3618
0	0.3626
0	0.3629
0	0.3633
0	0.363
0	0.3629
0	0.3635
0	0.3628
0	0.3632
0	0.3634
0	0.3634
0	0.364
0	0.3641
0	0.3642
0	0.3643
0	0.3642
0	0.3653
0	0.3652
0	0.3658
0	0.3653
0	0.3656
0	0.365
0	0.3625
0	0.363
0	0.364
0	0.3651
0	0.3638
0	0.3645
0	0.3648
0	0.3648
0	0.3649
0	0.365
0	0.3649
0	0.3655
0	0.3647
0	0.3636
0	0.3631
0	0.3623
0	0.3628
0	0.3632
0	0.3657
0	0.3659
0	0.3672
0	0.368
0	0.369
0	0.3667
0	0.367
0	0.3671
0	0.3678
0	0.3679
0	0.3688
0	0.3683
0	0.3679
0	0.3674
0	0.3678
0	0.3682
0	0.368
0	0.3672
0	0.3676
0	0.3678
0	0.3674
0	0.3688
0	0.3697
0	0.3687
0	0.3684
0	0.369
0	0.3688
0	0.3693
0	0.3685
0	0.3674
0	0.3671
0	0.3679
0	0.3681
0	0.3689
0	0.3701
0	0.3705
0	0.372
0	0.3729
0	0.3732
0	0.3729
0	0.3747
0	0.3768
0	0.3771
0	0.3742
0	0.3741
0	0.3733
0	0.3736
0	0.3744
0	0.374
0	0.3796
0	0.3755
0	0.3761
0	0.3722
0	0.3698
0	0.3713
0	0.3715
0	0.3696
0	0.3684
0	0.3699
0	0.3707
0	0.3695
0	0.3694
0	0.369
0	0.3717
0	0.3714
0	0.372
0	0.3734
0	0.3715
0	0.3722
0	0.3726
0	0.3734
0	0.3742
0	0.3746
0	0.3749
0	0.3749
0	0.374
0	0.374
0	0.3733
0	0.3746
0	0.3746
0	0.3741
0	0.376
0	0.3756
0	0.3749
0	0.3767
0	0.3793
0	0.3788
0	0.3799
0	0.3783
0	0.3789
0	0.3798
0	0.3787
0	0.3769
0	0.3782
0	0.3808
0	0.3813
0	0.3855
0	0.3832
0	0.3831
0	0.3828
0	0.3834
0	0.3832
0	0.3824
0	0.3847
0	0.3848
0	0.3846
0	0.3837
0	0.3825
0	0.3853
0	0.3838
0	0.3819
0	0.3816
0	0.3831
0	0.3833
0	0.3834
0	0.3831
0	0.3827
0	0.3818
0	0.3832
0	0.3816
0	0.3808
0	0.3817
0	0.3813
0	0.3772
0	0.3792
0	0.3791
0	0.3789
0	0.3786
0	0.3794
0	0.3805
0	0.381
0	0.3807
0	0.3819
0	0.3831
0	0.3831
0	0.3825
0	0.383
0	0.382
0	0.3828
0	0.3811
0	0.381
0	0.3818
0	0.3828
0	0.382
0	0.3816
0	0.3802
0	0.3802
0	0.3811
0	0.3821
0	0.3809
0	0.3818
0	0.3799
0	0.3782
0	0.3741
0	0.3769
0	0.3772
0	0.3745
0	0.3761
0	0.3783
0	0.3767
0	0.3747
0	0.3765
0	0.3777
0	0.3783
0	0.379
0	0.38
0	0.3798
0	0.38
0	0.3806
0	0.38
0	0.379
0	0.3776
0	0.378
0	0.3794
0	0.3789
0	0.379
0	0.3783
0	0.3765
0	0.3767
0	0.3774
0	0.378
0	0.3749
0	0.3742
0	0.375
0	0.3722
0	0.3726
0	0.3739
0	0.3759
0	0.3764
0	0.3761
0	0.3761
0	0.3752
0	0.3763
0	0.3767
0	0.3761
0	0.3759
0	0.377
0	0.3764
0	0.3764
0	0.3765
0	0.3761
0	0.3769
0	0.377
0	0.3771
0	0.3768
0	0.3771
0	0.3778
0	0.3786
0	0.3791
0	0.3798
0	0.3855
0	0.3823
0	0.3803
0	0.382
0	0.3821
0	0.3774
0	0.3791
0	0.3795
0	0.3793
0	0.3781
0	0.3801
0	0.381
0	0.3793
0	0.3801
0	0.3802
0	0.3817
0	0.3814
0	0.3833
0	0.3835
0	0.3858
0	0.3916
0	0.3881
0	0.3929
0	0.3942
0	0.3933
0	0.3935
0	0.3942
0	0.3937
0	0.395
0	0.3946
0	0.3968
0	0.3954
0	0.3939
0	0.3953
0	0.3943
0	0.392
0	0.3925
0	0.3918
0	0.3915
0	0.392
0	0.3918
0	0.392
0	0.3931
0	0.3946
0	0.395
0	0.3938
0	0.3922
0	0.3926
0	0.3917
0	0.3922
0	0.3922
0	0.3935
0	0.3936
0	0.3947
0	0.3948
0	0.3934
0	0.3944
0	0.3931
0	0.3911
0	0.388
0	0.3869
0	0.3892
0	0.3898
0	0.3915
0	0.3903
0	0.3922
0	0.3915
0	0.3921
0	0.3916
0	0.3924
0	0.3919
0	0.3893
0	0.3857
0	0.3885
0	0.388
0	0.3867
0	0.3867
0	0.3883
0	0.3877
0	0.3888
0	0.3896
0	0.3899
0	0.3895
0	0.3846
0	0.3869
0	0.3864
0	0.383
0	0.3821
0	0.3806
0	0.3808
0	0.381
0	0.381
0	0.3806
0	0.3817
0	0.3818
0	0.3814
0	0.3824
0	0.3832
0	0.3821
0	0.3798
0	0.3807
0	0.3827
0	0.3801
0	0.3831
0	0.3835
0	0.3826
0	0.3836
0	0.3825
0	0.3838
0	0.3821
0	0.3818
0	0.3815
0	0.3818
0	0.3812
0	0.3797
0	0.3804
0	0.3813
0	0.3811
0	0.3826
0	0.3821
0	0.3822
0	0.3814
0	0.3824
0	0.3823
0	0.3823
0	0.3806
0	0.3803
0	0.3792
0	0.3795
0	0.3796
0	0.3801
0	0.3804
0	0.3808
0	0.3797
0	0.3807
0	0.38
0	0.379
0	0.3791
0	0.3783
0	0.3775
0	0.374
0	0.376
0	0.3751
0	0.3756
0	0.3733
0	0.3741
0	0.3755
0	0.3762
0	0.3762
0	0.3758
0	0.3726
0	0.3735
0	0.3748
0	0.3765
0	0.3765
0	0.3769
0	0.3772
0	0.378
0	0.3774
0	0.3765
0	0.3771
0	0.375
0	0.3751
0	0.3766
0	0.3764
0	0.3756
0	0.3741
0	0.3729
0	0.3734
0	0.3748
0	0.377
0	0.3781
0	0.3778
0	0.3762
0	0.3777
0	0.3794
0	0.3802
0	0.3817
0	0.3823
0	0.3826
0	0.3815
0	0.3814
0	0.3798
0	0.3811
0	0.3817
0	0.3829
0	0.3813
0	0.3827
0	0.3826
0	0.3825
0	0.3848
0	0.3821
0	0.3848
0	0.3841
0	0.3853
0	0.3858
0	0.3837
0	0.3788
0	0.3808
0	0.381
0	0.3866
0	0.3857
0	0.3839
0	0.3877
0	0.3857
0	0.3869
0	0.3867
0	0.3871
0	0.3871
0	0.3877
0	0.3888
0	0.3882
0	0.3893
0	0.3891
0	0.3918
0	0.3913
0	0.3911
0	0.3907
0	0.3922
0	0.3957
0	0.3958
0	0.3968
0	0.4185
0	0.4233
0	0.42
0	0.4198
0	0.4225
0	0.425
0	0.4251
0	0.425
0	0.4249
0	0.4281
0	0.4289
0	0.4327
0	0.4414
0	0.4378
0	0.4415
0	0.4585
0	0.4558
0	0.4475
0	0.4541
0	0.4552
0	0.4516
0	0.4503
0	0.4512
0	0.4552
0	0.4628
0	0.4737
0	0.4744
0	0.471
0	0.4794
0	0.4912
0	0.4897
0	0.4684
0	0.465
0	0.4659
0	0.4711
0	0.4721
0	0.4685
0	0.4573
0	0.4618
0	0.4598
0	0.4646
0	0.4654
0	0.4696
0	0.4693
0	0.4698
0	0.4593
0	0.4604
0	0.4608
0	0.4605
0	0.4529
0	0.4535
0	0.4588
0	0.46
0	0.4588
0	0.4599
0	0.463
0	0.4602
0	0.4614
0	0.4585
0	0.4627
0	0.4651
0	0.4666
0	0.47
0	0.4671
0	0.4642
0	0.4647
0	0.4692
0	0.4655
0	0.4612
0	0.4619
0	0.4624
0	0.4576
0	0.4577
0	0.4559
0	0.4556
0	0.457
0	0.4584
0	0.4541
0	0.4516
0	0.4471
0	0.4465
0	0.4504
0	0.4475
0	0.4513
0	0.4532
0	0.4502
0	0.4503
0	0.4511
0	0.4509
0	0.4437
0	0.4429
0	0.446
0	0.4434
0	0.4406
0	0.4416
0	0.4433
0	0.4443
0	0.4425
0	0.4433
0	0.445
0	0.4449
0	0.4494
0	0.4452
0	0.4432
0	0.441
0	0.4395
0	0.4351
0	0.433
0	0.4365
0	0.4383
0	0.4361
0	0.4353
0	0.4382
0	0.4361
0	0.4378
0	0.4378
0	0.4392
0	0.4377
0	0.4352
0	0.4267
0	0.4274
0	0.4191
0	0.4116
0	0.4148
0	0.422
0	0.4223
0	0.424
0	0.4253
0	0.422
0	0.419
0	0.4203
0	0.4187
0	0.4205
0	0.4189
0	0.4209
0	0.422
0	0.423
0	0.4219
0	0.4213
0	0.4198
0	0.423
0	0.4246
0	0.4199
0	0.4183
0	0.4186
0	0.4188
0	0.413
0	0.4157
0	0.4163
0	0.4176
0	0.4189
0	0.4196
0	0.4201
0	0.4211
0	0.4188
0	0.4188
0	0.4199
0	0.4203
0	0.4216
0	0.4223
0	0.4242
0	0.4254
0	0.426
0	0.4257
0	0.4275
0	0.4308
0	0.4296
0	0.4293
0	0.4308
0	0.4459
0	0.4468
0	0.4511
0	0.4501
0	0.4435
0	0.439
0	0.442
0	0.4418
0	0.44
0	0.4409
0	0.4423
0	0.4422
0	0.4425
0	0.4413
0	0.4381
0	0.4421
0	0.4454
0	0.4482
0	0.4484
0	0.4438
0	0.4455
0	0.447
0	0.4485
0	0.4435
0	0.4418
0	0.4403
0	0.4382
0	0.4383
0	0.4412
0	0.4479
0	0.4485
0	0.4456
0	0.4492
0	0.4485
0	0.4471
0	0.4467
0	0.4491
0	0.4521
0	0.4463
0	0.445
0	0.4456
0	0.4427
0	0.4447
0	0.4434
0	0.4398
0	0.438
0	0.4387
0	0.4414
0	0.4432
0	0.4438
0	0.4431
0	0.4432
0	0.4418
0	0.4424
0	0.4418
0	0.4414
0	0.4422
0	0.4435
0	0.4442
0	0.4435
0	0.4455
0	0.4454
0	0.4455
0	0.4443
0	0.4437
0	0.4438
0	0.4414
0	0.4412
0	0.4407
0	0.4381
0	0.4379
0	0.4398
0	0.4412
0	0.4385
0	0.4359
0	0.4349
0	0.4335
0	0.4337
0	0.434
0	0.4354
0	0.4352
0	0.4323
0	0.4345
0	0.433
0	0.4332
0	0.433
0	0.435
0	0.4349
0	0.4357
0	0.4369
0	0.4359
0	0.4374
0	0.4372
0	0.4356
0	0.4367
0	0.4345
0	0.4341
0	0.4332
0	0.4323
0	0.4302
0	0.4282
0	0.4262
0	0.4263
0	0.4296
0	0.4281
0	0.4272
0	0.4265
0	0.4278
0	0.4307
0	0.4314
0	0.4308
0	0.4292
0	0.4292
0	0.4292
0	0.4292
0	0.4292
0	0.4292
0	0.4269
0	0.4259
0	0.4247
0	0.4241
0	0.4227
0	0.4246
0	0.4256
0	0.4267
0	0.4288
0	0.4287
0	0.4252
0	0.425
0	0.4245
0	0.4231
0	0.42
0	0.4177
0	0.4164
0	0.4182
0	0.4219
0	0.4219
0	0.4237
0	0.4253
0	0.4254
0	0.4261
0	0.4269
0	0.4254
0	0.4224
0	0.4232
0	0.4215
0	0.419
0	0.4208
0	0.4223
0	0.423
0	0.4233
0	0.4228
0	0.4225
0	0.4237
0	0.4246
0	0.4243
0	0.4259
0	0.4246
0	0.4251
0	0.4275
0	0.4273
0	0.4254
0	0.4242
0	0.4229
0	0.4239
0	0.424
0	0.4278
0	0.4267
0	0.4263
0	0.4291
0	0.4277
0	0.4296
0	0.4302
0	0.429
0	0.4335
0	0.4401
0	0.4482
0	0.4454
0	0.449
0	0.4441
0	0.4463
0	0.4466
0	0.444
0	0.4452
0	0.4465
0	0.4474
0	0.4501
0	0.448
0	0.445
0	0.4453
0	0.4455
0	0.4417
0	0.4429
0	0.4398
0	0.443
0	0.4449
0	0.4456
0	0.4439
0	0.4424
0	0.4453
0	0.4458
0	0.4451
0	0.4459
0	0.4456
0	0.447
0	0.4467
0	0.4423
0	0.444
0	0.4454
0	0.443
0	0.4446
0	0.4463
0	0.4467
0	0.4471
0	0.4507
0	0.4586
0	0.4597
0	0.4606
0	0.4573
0	0.4587
0	0.4583
0	0.4584
0	0.4608
0	0.4612
0	0.459
0	0.458
0	0.455
0	0.4573
0	0.4575
0	0.4568
0	0.4576
0	0.4596
0	0.4588
0	0.4596
0	0.4572
0	0.4596
0	0.4497
0	0.4502
0	0.4529
0	0.4526
0	0.4522
0	0.4537
0	0.4539
0	0.4525
0	0.4507
0	0.4532
0	0.4498
0	0.4479
0	0.4441
0	0.4437
0	0.4414
0	0.4445
0	0.4429
0	0.4455
0	0.447
0	0.4488
0	0.4504
0	0.4472
0	0.447
0	0.4475
0	0.4471
0	0.4478
0	0.4492
0	0.4482
0	0.4481
0	0.4498
0	0.4508
0	0.4499
0	0.4485
0	0.4477
0	0.4481
0	0.4473
0	0.447
0	0.4485
0	0.4479
0	0.4486
0	0.4526
0	0.4567
0	0.4568
0	0.4551
0	0.4543
0	0.4545
0	0.4557
0	0.4547
0	0.4565
0	0.4576
0	0.4574
0	0.4589
0	0.4582
0	0.4593
0	0.4597
0	0.462
0	0.4624
0	0.4599
0	0.4593
0	0.4581
0	0.4568
0	0.4572
0	0.4557
0	0.457
0	0.4577
0	0.4557
0	0.4557
0	0.455
0	0.4539
0	0.4529
0	0.4528
0	0.4545
0	0.4533
0	0.4521
0	0.4502
0	0.4478
0	0.4467
0	0.4475
0	0.4473
0	0.4462
0	0.4466
0	0.4464
0	0.446
0	0.4466
0	0.4442
0	0.4469
0	0.4474
0	0.4472
0	0.4477
0	0.4489
0	0.4476
0	0.4473
0	0.446
0	0.4467
0	0.4476
0	0.4483
0	0.4477
0	0.4463
0	0.4463
0	0.4451
0	0.4438
0	0.445
0	0.4457
0	0.4447
0	0.4465
0	0.4485
0	0.4495
0	0.4502
0	0.4503
0	0.4501
0	0.4494
0	0.4496
0	0.4479
0	0.4493
0	0.4513
0	0.4502
0	0.4478
0	0.4461
0	0.4456
0	0.4451
0	0.4445
0	0.4443
0	0.4455
0	0.4489
0	0.4522
0	0.4551
0	0.452
0	0.4531
0	0.4539
0	0.4558
0	0.4542
0	0.4552
0	0.4565
0	0.4545
0	0.4531
0	0.4526
0	0.4509
0	0.4522
0	0.4559
0	0.4568
0	0.4551
0	0.456
0	0.4593
0	0.4581
0	0.46
0	0.4651
0	0.4631
0	0.4682
0	0.4665
0	0.4671
0	0.4659
0	0.4636
0	0.4644
0	0.4669
0	0.4669
0	0.4678
0	0.4654
0	0.4644
0	0.4669
0	0.4737
0	0.4776
0	0.4794
0	0.4866
0	0.4825
0	0.4813
0	0.4844
0	0.4816
0	0.4809
0	0.4817
0	0.481
0	0.4757
0	0.4755
0	0.4629
0	0.4604
0	0.4646
0	0.4612
0	0.4577
0	0.4632
0	0.4622
0	0.4598
0	0.4581
0	0.4567
0	0.4587
0	0.4622
0	0.4612
0	0.4635
0	0.4682
0	0.4694
0	0.4701
0	0.4718
0	0.4724
0	0.469
0	0.4679
0	0.4685
0	0.4707
0	0.4721
0	0.474
0	0.4721
0	0.4787
0	0.4767
0	0.4766
0	0.4726
0	0.4739
0	0.4761
0	0.477
0	0.4788
0	0.4777
0	0.4784
0	0.479
0	0.4809
0	0.4808
0	0.48
0	0.4726
0	0.4701
0	0.4752
0	0.4807
0	0.4793
0	0.4788
0	0.4763
0	0.4802
0	0.4797
0	0.4767
0	0.4728
0	0.472
0	0.4733
0	0.476
0	0.4761
0	0.4784
0	0.4859
0	0.4894
0	0.4842
0	0.4863
0	0.486
0	0.4846
0	0.4872
0	0.487
0	0.4888
0	0.4874
0	0.4879
0	0.4878
0	0.4834
0	0.4831
0	0.4796
0	0.4848
0	0.4846
0	0.4821
0	0.4849
0	0.4844
0	0.4814
0	0.4829
0	0.4821
0	0.4837
0	0.487
0	0.4894
0	0.4915
0	0.4987
0	0.497
0	0.5032
0	0.498
0	0.499
0	0.4981
0	0.4967
0	0.496
0	0.4971
0	0.4971
0	0.4993
0	0.4988
0	0.5019
0	0.502
0	0.499
0	0.4986
0	0.4973
0	0.4979
0	0.4952
0	0.4965
0	0.499
0	0.5013
0	0.502
0	0.5017
0	0.4978
0	0.5011
0	0.5007
0	0.5077
0	0.5076
0	0.5215
0	0.5194
0	0.5214
0	0.5226
0	0.5201
0	0.52
0	0.5225
0	0.5214
0	0.5243
0	0.5269
0	0.5236
0	0.5282
0	0.53
0	0.5276
0	0.525
0	0.5225
0	0.5217
0	0.5195
0	0.5177
0	0.5143
0	0.5144
0	0.518
0	0.5227
0	0.5211
0	0.5218
0	0.5194
0	0.517
0	0.5187
0	0.5215
0	0.5223
0	0.5238
0	0.5244
0	0.5265
0	0.526
0	0.5344
0	0.5355
0	0.5355
0	0.5362
0	0.5382
0	0.5349
0	0.5363
0	0.535
0	0.5333
0	0.5363
0	0.538
0	0.54
0	0.5459
0	0.5463
0	0.5437
0	0.5452
0	0.5507
0	0.5517
0	0.5579
0	0.5771
0	0.5698
0	0.5665
0	0.5708
0	0.5707
0	0.5737
0	0.582
0	0.5739
0	0.5667
0	0.5714
0	0.5723
0	0.5696
0	0.571
0	0.5693
0	0.571
0	0.5704
0	0.5513
0	0.5554
0	0.5562
0	0.5523
0	0.5504
0	0.5454
0	0.5492
0	0.5521
0	0.5544
0	0.5498
0	0.5466
0	0.5447
0	0.5383
0	0.5423
0	0.5411
0	0.5443
0	0.5389
0	0.5429
0	0.538
0	0.5403
0	0.5473
0	0.5489
0	0.5473
0	0.5511
0	0.5496
0	0.5489
0	0.5517
0	0.5522
0	0.5538
0	0.5488
0	0.5508
0	0.5525
0	0.5492
0	0.5454
0	0.5488
0	0.55
0	0.5491
0	0.5505
0	0.5503
0	0.5485
0	0.5414
0	0.5426
0	0.5468
0	0.5451
0	0.5461
0	0.5447
0	0.5446
0	0.5425
0	0.5471
0	0.5475
0	0.5453
0	0.5361
0	0.5281
0	0.5344
0	0.5315
0	0.5296
0	0.5338
0	0.5393
0	0.5472
0	0.5407
0	0.5281
0	0.5326
0	0.5332
0	0.5336
0	0.5321
0	0.5294
0	0.5294
0	0.5297
0	0.5305
0	0.5265
0	0.5284
0	0.5311
0	0.5379
0	0.537
0	0.5352
0	0.5354
0	0.5359
0	0.5395
0	0.5416
0	0.5376
0	0.5377
0	0.5341
0	0.5325
0	0.5312
0	0.5289
0	0.5311
0	0.5288
0	0.53
0	0.5336
0	0.5342
0	0.5403
0	0.5488
0	0.546
0	0.5451
0	0.5462
0	0.5494
0	0.5413
0	0.5397
0	0.5397
0	0.5413
0	0.542
0	0.5439
0	0.5409
0	0.5403
0	0.5377
0	0.5406
0	0.5408
0	0.5406
0	0.5402
0	0.534
0	0.5342
0	0.5328
0	0.5376
0	0.5346
0	0.5348
0	0.532
0	0.5299
0	0.5301
0	0.533
0	0.5338
0	0.5328
0	0.5343
0	0.5364
0	0.5385
0	0.5375
0	0.5381
0	0.536
0	0.5389
0	0.5374
0	0.5357
0	0.5345
0	0.5338
0	0.5357
0	0.536
0	0.5393
0	0.5392
0	0.5418
0	0.5405
0	0.5375
0	0.5344
0	0.5334
0	0.5355
0	0.5348
0	0.5319
0	0.531
0	0.5335
0	0.5351
0	0.5328
0	0.533
0	0.5343
0	0.533
0	0.5328
0	0.5329
0	0.5313
0	0.5297
0	0.5303
0	0.5296
0	0.5312
0	0.5338
0	0.5327
0	0.5356
0	0.5388
0	0.5364
0	0.5394
0	0.5445
0	0.5447
0	0.5463
0	0.5434
0	0.5431
0	0.5458
0	0.5434
0	0.5442
0	0.5411
0	0.5386
0	0.5351
0	0.5339
0	0.5346
0	0.5359
0	0.5351
0	0.5341
0	0.5321
0	0.5312
0	0.5329
0	0.5342
0	0.5316
0	0.5316
0	0.5305
0	0.5313
0	0.5313
0	0.5294
0	0.5313
0	0.5305
0	0.5283
0	0.5292
0	0.5322
0	0.5311
0	0.5318
0	0.5322
0	0.535
0	0.5332
0	0.5317
0	0.5313
0	0.5341
0	0.532
0	0.5327
0	0.5301
0	0.5294
0	0.5304
0	0.5307
0	0.5359
0	0.5307
0	0.532
0	0.5309
0	0.5328
0	0.5329
0	0.5323
0	0.5329
0	0.5341
0	0.5347
0	0.5326
0	0.5332
0	0.5324
0	0.5338
0	0.5356
0	0.5355
0	0.5347
0	0.5423
0	0.5444
0	0.5416
0	0.5375
0	0.5401
0	0.5413
0	0.5411
0	0.5409
0	0.5417
0	0.5389
0	0.5382
0	0.5414
0	0.5386
0	0.5374
0	0.5363
0	0.5352
0	0.5325
0	0.5332
0	0.5329
0	0.5331
0	0.5327
0	0.5349
0	0.535
0	0.5336
0	0.5325
0	0.5334
0	0.5333
0	0.5327
0	0.533
0	0.532
0	0.5326
0	0.5338
0	0.5336
0	0.5327
0	0.5323
0	0.529
0	0.5303
0	0.5312
0	0.5297
0	0.51
0	0.5159
0	0.5189
0	0.5123
0	0.5143
0	0.5116
0	0.509
0	0.5066
0	0.5028
0	0.505
0	0.5015
0	0.5047
0	0.5065
0	0.5067
0	0.5054
0	0.5034
0	0.5057
0	0.506
0	0.5081
0	0.5083
0	0.5132
0	0.5198
0	0.5153
0	0.5142
0	0.5164
0	0.5148
0	0.5142
0	0.5106
0	0.5122
0	0.511
0	0.5119
0	0.5117
0	0.511
0	0.5103
0	0.5098
0	0.512
0	0.5119
0	0.5104
0	0.5117
0	0.5108
0	0.5081
0	0.5091
0	0.5063
0	0.5082
0	0.5105
0	0.5115
0	0.5111
0	0.5123
0	0.5118
0	0.51
0	0.5106
0	0.5102
0	0.5071
0	0.5061
0	0.5082
0	0.509
0	0.5092
0	0.5097
0	0.5086
0	0.5089
0	0.5094
0	0.5097
0	0.511
0	0.5092
0	0.511
0	0.5108
0	0.5114
0	0.5112
0	0.5091
0	0.5092
0	0.5095
0	0.51
0	0.5072
0	0.5041
0	0.5023
0	0.5058
0	0.5058
0	0.5053
0	0.5042
0	0.5034
0	0.5048
0	0.5071
0	0.5199
0	0.5139
0	0.5131
0	0.5138
0	0.5127
0	0.5142
0	0.5134
0	0.5142
0	0.5137
0	0.5139
0	0.5142
0	0.5164
0	0.5159
0	0.5181
0	0.5189
0	0.518
0	0.5162
0	0.5159
0	0.5148
0	0.5144
0	0.5139
0	0.514
0	0.5166
0	0.5152
0	0.5133
0	0.5134
0	0.5137
0	0.5163
0	0.5151
0	0.5146
0	0.5151
0	0.5159
0	0.5157
0	0.5155
0	0.5142
0	0.5153
0	0.5148
0	0.5136
0	0.5084
0	0.5111
0	0.5116
0	0.5101
0	0.5196
0	0.5239
0	0.5217
0	0.5254
0	0.5232
0	0.5204
0	0.5191
0	0.5178
0	0.5213
0	0.5206
0	0.5219
0	0.5199
0	0.5236
0	0.5253
0	0.5247
0	0.527
0	0.5283
0	0.5253
0	0.5241
0	0.523
0	0.5249
0	0.5263
0	0.5249
0	0.523
0	0.5236
0	0.5182
0	0.5192
0	0.5181
0	0.5169
0	0.5168
0	0.5182
0	0.5194
0	0.5191
0	0.5203
0	0.5204
0	0.5201
0	0.5175
0	0.5166
0	0.5203
0	0.5178
0	0.5197
0	0.5176
0	0.518
0	0.5196
0	0.5214
0	0.5203
0	0.5185
0	0.5195
0	0.5202
0	0.5141
0	0.5068
0	0.5109
0	0.5083
0	0.5097
0	0.5082
0	0.5095
0	0.5108
0	0.5119
0	0.5122
0	0.5129
0	0.5115
0	0.5098
0	0.5113
0	0.5095
0	0.5102
0	0.5108
0	0.5092
0	0.5076
0	0.5089
0	0.509
0	0.5108
0	0.5124
0	0.5129
0	0.5117
0	0.5138
0	0.5151
0	0.5176
0	0.517
0	0.5168
0	0.5155
0	0.5149
0	0.514
0	0.5138
0	0.5132
0	0.5146
0	0.5159
0	0.5146
0	0.5135
0	0.5143
0	0.5148
0	0.5151
0	0.5152
0	0.5135
0	0.5109
0	0.5127
0	0.5123
0	0.5144
0	0.5126
0	0.5136
0	0.512
0	0.5123
0	0.5101
0	0.5073
0	0.5082
0	0.5083
0	0.5077
0	0.5086
0	0.5086
0	0.5072
0	0.5079
0	0.5065
0	0.5064
0	0.5058
0	0.5072
0	0.5066
0	0.5054
0	0.5098
0	0.5122
0	0.511
0	0.5114
0	0.5117
0	0.5126
0	0.5096
0	0.4946
0	0.4923
0	0.4955
0	0.4907
0	0.4902
0	0.4921
0	0.4944
0	0.4957
0	0.4974
0	0.4997
0	0.4994
0	0.4987
0	0.4987
0	0.4989
0	0.4971
0	0.4959
0	0.4952
0	0.4964
0	0.4929
0	0.4891
0	0.4914
0	0.4922
0	0.4889
0	0.4904
0	0.4934
0	0.4937
0	0.4931
0	0.4944
0	0.4976
0	0.4974
0	0.4961
0	0.4952
0	0.4966
0	0.4965
0	0.4954
0	0.496
0	0.4957
0	0.4976
0	0.4983
0	0.4992
0	0.499
0	0.4972
0	0.5004
0	0.5
0	0.501
0	0.5002
0	0.4975
0	0.4963
0	0.4952
0	0.4958
0	0.4973
0	0.4967
0	0.4938
0	0.4953
0	0.4957
0	0.4965
0	0.4957
0	0.4972
0	0.4977
0	0.4959
0	0.4987
0	0.497
0	0.4974
0	0.4986
0	0.4972
0	0.4991
0	0.4989
0	0.5003
0	0.5011
0	0.5048
0	0.5009
0	0.5004
0	0.5011
0	0.5001
0	0.5015
0	0.4996
0	0.4983
0	0.4972
0	0.4982
0	0.4981
0	0.4964
0	0.4995
0	0.4999
0	0.5001
0	0.4998
0	0.4995
0	0.5007
0	0.5023
0	0.5014
0	0.5027
0	0.5043
0	0.5044
0	0.5038
0	0.5032
0	0.5053
0	0.5051
0	0.5052
0	0.5063
0	0.5073
0	0.5072
0	0.507
0	0.504
0	0.5047
0	0.5056
0	0.5065
0	0.5042
0	0.5052
0	0.5039
0	0.5036
0	0.5026
0	0.5031
0	0.5026
0	0.5001
0	0.5008
0	0.505
0	0.5062
0	0.5052
0	0.5043
0	0.5023
0	0.5033
0	0.5054
0	0.5055
0	0.5032
0	0.504
0	0.5027
0	0.5037
0	0.505
0	0.5062
0	0.5057
0	0.5046
0	0.5051
0	0.5045
0	0.5051
0	0.5062
0	0.5078
0	0.5124
0	0.5141
0	0.5138
0	0.5172
0	0.5217
0	0.5207
0	0.5249
0	0.5225
0	0.5223
0	0.5197
0	0.52
0	0.518
0	0.5188
0	0.5172
0	0.5165
0	0.5147
0	0.5144
0	0.5158
0	0.5151
0	0.5138
0	0.5152
0	0.5162
0	0.5157
0	0.5159
0	0.5151
0	0.5149
0	0.5132
0	0.5118
0	0.5133
0	0.5121
0	0.5106
0	0.5099
0	0.5107
0	0.5071
0	0.5056
0	0.5069
0	0.5072
0	0.5047
0	0.5035
0	0.5029
0	0.503
0	0.5001
0	0.4999
0	0.5014
0	0.5003
0	0.5024
0	0.503
0	0.5048
0	0.5061
0	0.5069
0	0.5049
0	0.5072
0	0.5065
0	0.5066
0	0.509
0	0.5089
0	0.5078
0	0.5081
0	0.5069
0	0.5062
0	0.5044
0	0.5051
0	0.5067
0	0.5067
0	0.5078
0	0.5078
0	0.5086
0	0.5086
0	0.5071
0	0.5069
0	0.5053
0	0.5056
0	0.5055
0	0.5037
0	0.5032
0	0.5007
0	0.4992
0	0.5006
0	0.4981
0	0.4984
0	0.5004
0	0.5028
0	0.5021
0	0.5019
0	0.501
0	0.5021
0	0.5022
0	0.5031
0	0.5028
0	0.5031
0	0.5015
0	0.5018
0	0.5016
0	0.5013
0	0.5031
0	0.5024
0	0.5024
0	0.503
0	0.5043
0	0.5038
0	0.5032
0	0.5016
0	0.5007
0	0.4995
0	0.4979
0	0.4989
0	0.4989
0	0.4993
0	0.499
0	0.4987
0	0.5006
0	0.4996
0	0.4972
0	0.4966
0	0.4969
0	0.4949
0	0.4954
0	0.4975
0	0.4974
0	0.4984
0	0.4993
0	0.4974
0	0.4994
0	0.4978
0	0.4982
0	0.4993
0	0.4989
0	0.4984
0	0.4995
0	0.5007
0	0.5028
0	0.5022
0	0.5019
0	0.5038
0	0.5056
0	0.5059
0	0.5062
0	0.5077
0	0.506
0	0.5063
0	0.5046
0	0.506
0	0.5074
0	0.5069
0	0.5091
0	0.5082
0	0.5087
0	0.5057
0	0.5047
0	0.5052
0	0.5073
0	0.5087
0	0.5071
0	0.5081
0	0.5077
0	0.5072
0	0.5037
0	0.503
0	0.5034
0	0.5021
0	0.5027
0	0.5034
0	0.5018
0	0.5027
0	0.5023
0	0.504
0	0.5046
0	0.5026
0	0.5028
0	0.5012
0	0.5004
0	0.5029
0	0.5034
0	0.5028
0	0.5026
0	0.5021
0	0.5011
0	0.5003
0	0.5004
0	0.499
0	0.4998
0	0.5005
0	0.5001
0	0.5023
0	0.502
0	0.5026
0	0.5033
0	0.5026
0	0.5019
0	0.5024
0	0.5018
0	0.5024
0	0.5062
0	0.5122
0	0.5099
0	0.5037
0	0.5051
0	0.5076
0	0.5078
0	0.506
0	0.5074
0	0.5085
0	0.5106
0	0.5099
0	0.5083
0	0.5089
0	0.5105
0	0.5116
0	0.5106
0	0.5097
0	0.5111
0	0.509
0	0.5075
0	0.5066
0	0.5069
0	0.5051
0	0.5041
0	0.5054
0	0.5064
0	0.5063
0	0.5058
0	0.5075
0	0.5071
0	0.5074
0	0.5066
0	0.5075
0	0.5078
0	0.5075
0	0.5078
0	0.5075
0	0.5062
0	0.5073
0	0.5081
0	0.508
0	0.5071
0	0.5061
0	0.5067
0	0.5077
0	0.5105
0	0.5094
0	0.5098
0	0.5106
0	0.5128
0	0.5119
0	0.513
0	0.5111
0	0.5117
0	0.5121
0	0.5124
0	0.5125
0	0.5122
0	0.5113
0	0.5107
0	0.5115
0	0.5128
0	0.512
0	0.5122
0	0.5117
0	0.511
0	0.512
0	0.5129
0	0.5135
0	0.513
0	0.5135
0	0.5126
0	0.5115
0	0.5101
0	0.5086
0	0.508
0	0.5084
0	0.5093
0	0.5104
0	0.5103
0	0.5102
0	0.511
0	0.5107
0	0.5104
0	0.5102
0	0.511
0	0.5115
0	0.5117
0	0.5117
0	0.511
0	0.5109
0	0.5106
0	0.5127
0	0.5119
0	0.5122
0	0.5124
0	0.5126
0	0.5115
0	0.5112
0	0.5109
0	0.5106
0	0.5111
0	0.5118
0	0.5105
0	0.5103
0	0.5104
0	0.5098
0	0.5093
0	0.5102
0	0.5099
0	0.5101
0	0.511
0	0.5107
0	0.5103
0	0.5103
0	0.5103
0	0.5103
0	0.5102
0	0.5102
0	0.5102
0	0.5098
0	0.5093
0	0.5092
0	0.5091
0	0.5095
0	0.5089
0	0.5091
0	0.5097
0	0.5093
0	0.5097
0	0.5101
0	0.5097
0	0.5097
0	0.509
0	0.5091
0	0.509
0	0.5086
0	0.5087
0	0.5085
0	0.5085
0	0.5097
0	0.5086
0	0.5083
0	0.5061
0	0.5069
0	0.5064
0	0.5059
0	0.5043
0	0.5048
0	0.5045
0	0.5046
0	0.5059
0	0.5062
0	0.5065
0	0.5069
0	0.505
0	0.5052
0	0.505
0	0.5045
0	0.5058
0	0.5051
0	0.5035
0	0.5043
0	0.5056
0	0.5059
0	0.5056
0	0.5052
0	0.5048
0	0.5062
0	0.5066
0	0.5073
0	0.5079
0	0.5085
0	0.5082
0	0.5083
0	0.5077
0	0.5077
0	0.5078
0	0.5074
0	0.5067
0	0.5061
0	0.507
0	0.507
0	0.5063
0	0.5066
0	0.5069
0	0.5071
0	0.5069
0	0.5077
0	0.5073
0	0.5068
0	0.5057
0	0.5042
0	0.504
0	0.5039
0	0.5036
0	0.5028
0	0.5032
0	0.503
0	0.503
0	0.5024
0	0.5035
0	0.5028
0	0.5029
0	0.5034
0	0.5026
0	0.5028
0	0.5034
0	0.5029
0	0.5028
0	0.5026
0	0.5025
0	0.5026
0	0.5026
0	0.5032
0	0.5032
0	0.5036
0	0.5048
0	0.5042
0	0.5038
0	0.5032
0	0.5032
0	0.5036
0	0.5029
0	0.5033
0	0.5003
0	0.5003
0	0.5009
0	0.5014
0	0.5016
0	0.5019
0	0.5019
0	0.5018
0	0.5022
0	0.5026
0	0.5016
0	0.5015
0	0.5008
0	0.5007
0	0.5016
0	0.5019
0	0.5023
0	0.5026
0	0.5038
0	0.5047
0	0.5062
0	0.5049
0	0.5056
0	0.5041
0	0.504
0	0.5048
0	0.5055
0	0.5053
0	0.5064
0	0.507
0	0.5081
0	0.507
0	0.5079
0	0.5073
0	0.5064
0	0.5057
0	0.5058
0	0.505
0	0.5054
0	0.507
0	0.5065
0	0.506
0	0.5048
0	0.5013
0	0.5006
0	0.5009
0	0.5016
0	0.5024
0	0.5024
0	0.502
0	0.5021
0	0.5027
0	0.5032
0	0.5044
0	0.5044
0	0.5048
0	0.504
0	0.5033
0	0.5031
0	0.5031
0	0.5034
0	0.5042
0	0.5038
0	0.5044
0	0.5043
0	0.5049
0	0.5044
0	0.5045
0	0.5051
0	0.5048
0	0.5061
0	0.5062
0	0.5057
0	0.506
0	0.5056
0	0.5056
0	0.5058
0	0.5057
0	0.505
0	0.5041
0	0.5032
0	0.5031
0	0.5035
0	0.5045
0	0.505
0	0.5049
0	0.5048
0	0.5048
0	0.5042
0	0.5047
0	0.5048
0	0.504
0	0.5037
0	0.5022
0	0.5029
0	0.5032
0	0.5028
0	0.5035
0	0.5035
0	0.5048
0	0.5049
0	0.505
0	0.5045
0	0.5036
0	0.5037
0	0.5053
0	0.5091
0	0.5096
0	0.5105
0	0.5095
0	0.5109
0	0.5111
0	0.5114
0	0.5115
0	0.512
0	0.5119
0	0.5109
0	0.5119
0	0.5129
0	0.5115
0	0.5113
0	0.511
0	0.5114
0	0.5121
0	0.5131
0	0.5129
0	0.5123
0	0.5149
0	0.5142
0	0.5159
0	0.5156
0	0.5197
0	0.5174
0	0.5176
0	0.5176
0	0.5165
0	0.5145
0	0.5154
0	0.5153
0	0.5136
0	0.5131
0	0.5133
0	0.5158
0	0.5164
0	0.5158
0	0.5161
0	0.5169
0	0.5143
0	0.515
1	0.5163
1	0.5157
1	0.5156
1	0.5157
1	0.5158
1	0.5164
1	0.5172
1	0.5175
1	0.5234
1	0.5238
1	0.5243
1	0.5244
1	0.5232
1	0.5249
1	0.5251
1	0.5259
-1	0.5235
-1	0.523
-1	0.5212
-1	0.5211
-1	0.5211
-1	0.5202
-1	0.519
-1	0.5206
-1	0.5206
-1	0.5219
-1	0.5221
-1	0.522
-1	0.5212
-1	0.5218
-1	0.5219
-1	0.5213
-1	0.5199
-1	0.5201
-1	0.5214
-1	0.5196
-1	0.5207
-1	0.5224
-1	0.523
-1	0.5234
-1	0.5221
-1	0.5228
-1	0.5216
-1	0.5224
-1	0.5189
-1	0.5183
-1	0.5189
-1	0.5178
-1	0.5184
-1	0.5191
-1	0.5191
-1	0.5173
-1	0.5155
-1	0.5135
-1	0.5141
-1	0.5152
-1	0.5144
-1	0.5145
-1	0.5147
-1	0.5149
-1	0.5157
-1	0.5162
-1	0.5162
-1	0.5177
-1	0.515
-1	0.5164
-1	0.5169
-1	0.5163
-1	0.5159
-1	0.5159
-1	0.5157
-1	0.5152
-1	0.5154
-1	0.5157
-1	0.5166
-1	0.5176
-1	0.5173
-1	0.5169
-1	0.5175
-1	0.517
-1	0.5172
-1	0.5167
-1	0.517
-1	0.5171
-1	0.5151
-1	0.513
-1	0.515
-1	0.516
-1	0.5134
-1	0.5121
-1	0.5077
-1	0.5052
-1	0.5058
-1	0.5067
-1	0.5055
-1	0.5068
-1	0.5071
-1	0.5079
-1	0.5069
-1	0.5082
-1	0.5088
-1	0.5095
-1	0.5076
-1	0.507
-1	0.5067
-1	0.5069
-1	0.5067
-1	0.5074
-1	0.5086
-1	0.5088
-1	0.5088
-1	0.5099
-1	0.5076
-1	0.5063
-1	0.5044
-1	0.5017
-1	0.5032
-1	0.5023
-1	0.5036
-1	0.5038
-1	0.5039
-1	0.5037
-1	0.5023
-1	0.5036
-1	0.5031
-1	0.5021
1	0.5021
1	0.5018
1	0.5011
1	0.5026
1	0.5027
1	0.5028
1	0.5061
1	0.5046
1	0.506
1	0.5051
1	0.5041
1	0.5029
1	0.5051
1	0.5064
1	0.5057
1	0.5044
1	0.5012
1	0.5024
1	0.5023
1	0.5024
1	0.5022
1	0.5019
1	0.501
1	0.5017
1	0.5027
1	0.5034
1	0.5037
1	0.5032
1	0.5042
1	0.5034
1	0.5037
1	0.5028
1	0.5013
1	0.5002
1	0.5022
1	0.5027
1	0.5034
1	0.504
1	0.5042
1	0.5034
1	0.5034
1	0.5037
1	0.5048
1	0.5052
1	0.5047
1	0.5052
1	0.5056
1	0.5041
1	0.5047
1	0.5062
1	0.505
1	0.5049
1	0.5037
1	0.5038
1	0.5044
1	0.5027
1	0.5022
1	0.5023
1	0.5031
1	0.5033
1	0.5039
1	0.5043
1	0.5049
1	0.5049
1	0.5053
1	0.5058
1	0.5063
1	0.5052
1	0.5051
1	0.5052
1	0.5056
1	0.5048
1	0.5047
1	0.5052
1	0.5067
1	0.5056
1	0.5065
1	0.5054
1	0.5056
1	0.5053
1	0.5062
1	0.5067
1	0.5069
1	0.5074
1	0.5076
1	0.5071
1	0.5084
1	0.5103
1	0.5123
1	0.5117
1	0.5113
1	0.5106
1	0.5083
1	0.5093
1	0.5094
1	0.5089
1	0.5092
1	0.509
1	0.5091
1	0.5086
1	0.5088
1	0.5079
1	0.5083
1	0.5102
1	0.5086
1	0.5099
1	0.5093
1	0.5086
1	0.5092
1	0.5093
1	0.5105
1	0.5111
1	0.5094
1	0.5102
1	0.5096
1	0.5096
1	0.5091
1	0.5092
1	0.5085
1	0.5081
1	0.5093
1	0.5099
1	0.51
1	0.51
1	0.5103
1	0.51
1	0.5104
1	0.5123
1	0.5126
1	0.5116
1	0.5129
1	0.5124
1	0.5131
1	0.5137
1	0.5134
1	0.5125
1	0.5119
1	0.5121
1	0.5122
1	0.511
1	0.5122
1	0.5124
1	0.5129
1	0.5123
1	0.5121
1	0.5122
1	0.5127
1	0.5125
1	0.5115
1	0.5124
1	0.5176
1	0.5181
1	0.5189
1	0.5175
1	0.5178
1	0.5172
1	0.5176
1	0.5191
1	0.5194
1	0.5187
1	0.5193
1	0.5212
1	0.5227
1	0.521
1	0.522
1	0.5236
1	0.5225
1	0.5219
1	0.5233
1	0.5241
1	0.5235
1	0.5325
1	0.5411
1	0.5392
-1	0.5342
-1	0.5342
-1	0.5314
-1	0.5333
-1	0.5293
-1	0.5276
-1	0.5296
-1	0.5249
-1	0.5274
-1	0.529
-1	0.5307
-1	0.5314
-1	0.5313
-1	0.5311
-1	0.5308
-1	0.532
-1	0.533
-1	0.534
-1	0.5334
-1	0.533
-1	0.5321
-1	0.532
-1	0.5322
-1	0.5329
-1	0.5316
-1	0.5249
-1	0.5274
-1	0.5277
-1	0.5287
-1	0.5286
-1	0.5265
-1	0.5262
-1	0.5257
-1	0.525
-1	0.5174
1	0.5178
1	0.5167
1	0.5147
1	0.5158
1	0.5147
1	0.5131
1	0.5151
1	0.5178
1	0.5189
1	0.5184
1	0.5193
1	0.521
1	0.5204
1	0.5192
1	0.5197
1	0.5198
1	0.5215
1	0.5226
1	0.5233
-1	0.523
-1	0.5236
-1	0.5267
-1	0.5262
-1	0.5248
-1	0.5256
-1	0.5248
-1	0.5248
-1	0.5258
-1	0.525
-1	0.5261
-1	0.5261
-1	0.5256
-1	0.5239
-1	0.5225
-1	0.5227
-1	0.5208
-1	0.5233
-1	0.5192
-1	0.519
-1	0.518
-1	0.5176
-1	0.5193
-1	0.5179
-1	0.5188
-1	0.5195
-1	0.5194
-1	0.5188
-1	0.5201
-1	0.5198
-1	0.5191
-1	0.5192
-1	0.5181
-1	0.5177
-1	0.5181
-1	0.5199
-1	0.5216
-1	0.5206
-1	0.5201
-1	0.5201
-1	0.5187
-1	0.5193
-1	0.519
-1	0.5196
-1	0.5205
-1	0.5209
-1	0.5213
-1	0.5217
-1	0.5209
-1	0.5207
-1	0.5206
-1	0.5206
-1	0.5212
-1	0.5217
-1	0.522
-1	0.522
-1	0.5223
-1	0.5219
-1	0.5226
-1	0.5236
-1	0.5241
-1	0.526
-1	0.5248
-1	0.5231
-1	0.5237
-1	0.5235
-1	0.5245
-1	0.5248
-1	0.5249
-1	0.5233
-1	0.5224
-1	0.5213
-1	0.5216
-1	0.5226
-1	0.5228
-1	0.522
-1	0.5232
-1	0.5231
-1	0.5227
-1	0.5211
-1	0.5208
-1	0.5219
-1	0.5212
-1	0.5222
-1	0.5208
-1	0.5194
-1	0.5194
-1	0.5184
-1	0.5192
-1	0.52
-1	0.5202
-1	0.5205
-1	0.5196
-1	0.5187
-1	0.5174
-1	0.5197
-1	0.5188
-1	0.5194
-1	0.5189
-1	0.518
-1	0.5171
-1	0.5182
-1	0.5192
-1	0.5186
-1	0.5201
-1	0.5211
-1	0.5202
-1	0.5211
-1	0.5214
-1	0.5208
-1	0.52
-1	0.5192
-1	0.5195
-1	0.5203
-1	0.5225
-1	0.5217
-1	0.5179
-1	0.5192
-1	0.5188
-1	0.5193
-1	0.5191
-1	0.5181
-1	0.5193
-1	0.5197
-1	0.5197
-1	0.5187
-1	0.5185
-1	0.516
-1	0.5173
-1	0.518
-1	0.5191
-1	0.5194
-1	0.5188
-1	0.5193
-1	0.5193
-1	0.5197
-1	0.5192
-1	0.5195
-1	0.5198
-1	0.5193
-1	0.5187
-1	0.5195
-1	0.5193
-1	0.5198
-1	0.5193
-1	0.5199
-1	0.5216
-1	0.5208
-1	0.5197
-1	0.5211
-1	0.5203
-1	0.5191
-1	0.5195
-1	0.5193
-1	0.5184
-1	0.5186
-1	0.5188
-1	0.5185
-1	0.5176
-1	0.5172
-1	0.5187
-1	0.5181
-1	0.5182
-1	0.519
-1	0.5188
-1	0.5192
-1	0.5195
-1	0.5189
-1	0.5188
-1	0.5187
-1	0.5197
-1	0.5198
-1	0.5197
-1	0.5199
-1	0.5203
-1	0.5197
-1	0.5187
-1	0.5189
-1	0.5195
-1	0.5212
-1	0.5216
-1	0.522
-1	0.5214
-1	0.521
-1	0.5212
-1	0.5218
-1	0.5219
-1	0.5236
-1	0.5233
-1	0.5235
-1	0.5229
-1	0.5208
-1	0.5202
-1	0.5216
-1	0.5218
-1	0.5215
-1	0.5208
-1	0.521
-1	0.522
-1	0.5227
-1	0.5223
-1	0.5212
-1	0.5217
-1	0.5217
-1	0.5217
-1	0.5208
-1	0.52
-1	0.5209
-1	0.5208
-1	0.5178
-1	0.5133
-1	0.5111
-1	0.5126
-1	0.5138
-1	0.5136
-1	0.5129
-1	0.5131
-1	0.5143
-1	0.516
-1	0.5147
-1	0.5146
-1	0.5142
-1	0.5141
-1	0.5131
-1	0.5147
-1	0.5132
-1	0.5132
-1	0.5137
-1	0.5139
-1	0.5151
-1	0.5152
-1	0.5158
-1	0.5151
-1	0.5148
-1	0.513
-1	0.5118
-1	0.5132
-1	0.5142
-1	0.5132
-1	0.5128
-1	0.5121
-1	0.5129
-1	0.5135
-1	0.5143
-1	0.515
-1	0.5148
-1	0.5142
-1	0.5129
-1	0.5128
-1	0.513
-1	0.5143
-1	0.5147
-1	0.514
-1	0.5132
-1	0.5122
-1	0.5127
-1	0.5139
-1	0.5139
-1	0.5137
-1	0.5134
-1	0.5114
-1	0.5103
-1	0.5113
-1	0.5124
-1	0.5124
-1	0.5122
-1	0.5112
-1	0.5125
-1	0.5118
-1	0.5107
-1	0.508
1	0.508
1	0.5087
1	0.5079
1	0.5087
1	0.5079
1	0.5093
1	0.5089
1	0.5094
1	0.5099
1	0.511
1	0.5119
1	0.5103
1	0.5114
1	0.5108
1	0.5104
1	0.5109
1	0.5102
1	0.5102
1	0.5099
1	0.5111
1	0.5111
1	0.5105
1	0.5102
1	0.5113
1	0.5114
1	0.5123
1	0.5121
1	0.5124
1	0.5128
1	0.5119
1	0.5115
1	0.5101
1	0.5109
1	0.5124
1	0.5129
1	0.5117
1	0.5121
1	0.5108
1	0.5112
1	0.5119
1	0.5105
1	0.51
1	0.5106
1	0.5117
1	0.5113
1	0.5118
1	0.5122
1	0.5125
1	0.5126
1	0.5131
1	0.5143
1	0.5148
1	0.5138
1	0.5157
1	0.5162
1	0.5157
1	0.5155
1	0.5159
1	0.5142
1	0.5148
1	0.5159
1	0.5159
1	0.5172
1	0.5156
1	0.5157
1	0.5161
1	0.5148
1	0.5145
1	0.5131
1	0.5132
1	0.5154
1	0.5167
1	0.5164
1	0.5159
1	0.5163
1	0.5156
1	0.5158
1	0.5162
1	0.5176
1	0.5196
1	0.5202
1	0.5224
1	0.5233
1	0.5209
1	0.5217
1	0.5191
1	0.5207
1	0.5211
1	0.5213
1	0.52
1	0.5183
1	0.5209
1	0.5205
1	0.5192
1	0.5188
1	0.5211
1	0.5204
1	0.5219
1	0.5201
1	0.5197
1	0.5191
1	0.5203
1	0.519
1	0.518
1	0.5179
1	0.5173
1	0.5193
1	0.5193
1	0.5186
1	0.52
1	0.5205
1	0.5212
1	0.5214
1	0.5216
1	0.5225
1	0.5229
1	0.5238
1	0.524
1	0.522
1	0.5222
1	0.5234
1	0.5233
1	0.5237
1	0.5249
1	0.529
1	0.5375
-1	0.5337
-1	0.531
-1	0.5324
-1	0.5315
-1	0.5294
-1	0.5271
-1	0.5281
-1	0.5281
-1	0.5288
-1	0.5279
-1	0.5254
-1	0.5251
-1	0.5257
-1	0.5247
-1	0.5259
-1	0.5269
-1	0.5271
-1	0.5253
-1	0.5262
-1	0.5271
-1	0.5283
-1	0.5286
-1	0.5298
-1	0.5305
-1	0.53
-1	0.5303
-1	0.532
-1	0.5299
-1	0.5255
-1	0.5247
-1	0.5229
-1	0.5239
-1	0.5252
-1	0.5233
-1	0.5215
-1	0.5108
-1	0.4919
-1	0.4914
-1	0.4881
-1	0.4935
-1	0.4889
1	0.4894
1	0.4883
1	0.4901
1	0.4909
1	0.4906
1	0.4923
1	0.4939
1	0.4958
1	0.4977
1	0.4978
1	0.4953
1	0.4962
1	0.4965
1	0.4971
1	0.4961
1	0.4972
1	0.4962
1	0.497
1	0.4998
1	0.4992
1	0.5019
-1	0.5012
-1	0.4997
-1	0.5008
-1	0.4976
-1	0.4967
-1	0.4982
-1	0.4985
-1	0.4971
-1	0.4966
-1	0.4948
-1	0.4935
-1	0.4937
-1	0.4956
-1	0.4959
-1	0.4948
-1	0.4932
-1	0.4948
-1	0.4956
-1	0.4961
-1	0.4953
-1	0.4949
-1	0.4955
-1	0.494
-1	0.4943
-1	0.4941
-1	0.4943
-1	0.4897
-1	0.491
-1	0.4949
-1	0.4957
-1	0.4938
-1	0.4956
-1	0.4963
-1	0.4939
-1	0.4883
-1	0.4891
-1	0.4911
-1	0.4922
-1	0.4948
-1	0.4949
-1	0.4947
-1	0.4926
-1	0.4916
-1	0.4935
-1	0.4936
-1	0.4928
-1	0.4945
-1	0.4941
-1	0.49
-1	0.4917
-1	0.4932
-1	0.4944
-1	0.4943
-1	0.4949
-1	0.4975
-1	0.4967
-1	0.4962
-1	0.497
-1	0.4966
-1	0.4952
-1	0.4959
-1	0.4982
-1	0.4977
-1	0.4975
-1	0.4958
-1	0.4952
-1	0.4948
-1	0.493
-1	0.4926
-1	0.495
-1	0.4952
-1	0.4927
-1	0.4923
-1	0.4938
-1	0.4941
-1	0.4947
-1	0.4926
-1	0.4916
-1	0.4912
-1	0.4912
-1	0.4909
-1	0.4901
-1	0.4909
-1	0.4907
-1	0.4882
-1	0.4898
-1	0.4914
-1	0.4922
-1	0.4937
-1	0.4931
-1	0.4911
-1	0.4907
-1	0.4915
-1	0.4927
-1	0.4912
-1	0.4903
-1	0.49
-1	0.4891
-1	0.4877
-1	0.4826
-1	0.4811
-1	0.4755
-1	0.4769
-1	0.4768
-1	0.4701
-1	0.4698
-1	0.4729
-1	0.4723
-1	0.4697
-1	0.4725
-1	0.4687
1	0.471
1	0.4716
1	0.4693
1	0.4686
1	0.4714
1	0.4709
1	0.4694
1	0.4713
1	0.4715
1	0.4711
1	0.4711
1	0.4712
1	0.4718
1	0.4721
1	0.4729
1	0.4728
1	0.4718
1	0.4729
1	0.474
1	0.4735
1	0.4738
1	0.4752
1	0.4768
1	0.473
1	0.4743
1	0.4747
1	0.4731
1	0.4727
1	0.4736
1	0.4728
1	0.4737
1	0.4709
1	0.4704
1	0.4712
1	0.4738
1	0.4754
1	0.4747
1	0.4766
1	0.4785
-1	0.4779
-1	0.4747
-1	0.4748
-1	0.4747
-1	0.4742
-1	0.475
-1	0.4732
-1	0.4738
-1	0.4752
-1	0.4712
-1	0.4672
-1	0.4701
-1	0.4665
-1	0.4698
-1	0.4716
-1	0.4694
-1	0.4718
-1	0.4707
-1	0.471
-1	0.4703
-1	0.4707
-1	0.472
-1	0.4714
-1	0.4714
-1	0.472
-1	0.4701
-1	0.4688
-1	0.4673
1	0.4673
1	0.4667
1	0.4672
1	0.4657
1	0.4681
-1	0.4669
-1	0.468
-1	0.468
-1	0.4674
-1	0.4697
-1	0.4666
-1	0.4654
-1	0.4674
-1	0.4659
-1	0.4649
-1	0.4637
-1	0.4628
-1	0.4643
-1	0.4607
1	0.4613
1	0.4595
1	0.4619
1	0.4614
1	0.4622
1	0.4572
1	0.4564
1	0.456
1	0.4577
1	0.4588
1	0.4569
1	0.4561
1	0.445
1	0.4477
1	0.4475
1	0.4448
1	0.4463
1	0.4468
1	0.4442
1	0.4414
1	0.4441
1	0.445
1	0.4449
1	0.4423
1	0.4442
1	0.4424
1	0.445
1	0.4459
1	0.4465
1	0.4478
1	0.4487
1	0.4491
1	0.4519
-1	0.4492
-1	0.4483
-1	0.4468
-1	0.4459
-1	0.447
-1	0.4493
-1	0.4494
-1	0.4494
-1	0.4495
-1	0.4485
-1	0.4487
-1	0.4488
-1	0.4495
-1	0.4503
-1	0.4517
-1	0.451
-1	0.4513
-1	0.4514
-1	0.4512
-1	0.4507
-1	0.4511
-1	0.4527
-1	0.4555
-1	0.4526
-1	0.452
-1	0.4528
-1	0.4524
-1	0.4517
-1	0.4522
-1	0.4517
-1	0.4506
-1	0.4506
-1	0.4508
-1	0.4514
-1	0.4509
-1	0.4515
-1	0.4529
-1	0.4543
-1	0.4536
-1	0.4526
-1	0.4536
-1	0.4533
-1	0.4549
-1	0.4547
0	0.4545
0	0.454
0	0.4538
0	0.4535
0	0.4537
0	0.4554
0	0.4581
0	0.4624
0	0.46
0	0.4584
0	0.4601
0	0.4609
0	0.4642
0	0.4722
0	0.4727
0	0.4693
0	0.469
0	0.4678
0	0.4676
0	0.4712
0	0.4708
0	0.4716
0	0.4696
0	0.4714
0	0.4717
0	0.4721
0	0.4745
0	0.472
0	0.4704
0	0.4703
0	0.4706
0	0.4718
0	0.4719
0	0.471
0	0.4693
0	0.4689
0	0.4696
0	0.4702
0	0.4697
0	0.4695
0	0.4718
0	0.4714
0	0.4706
0	0.4735
0	0.4719
0	0.471
0	0.4714
0	0.4718
0	0.4725
0	0.4724
0	0.4719
0	0.4698
0	0.4686
0	0.465
0	0.4654
0	0.4686
0	0.4675
0	0.4653
0	0.4657
0	0.4656
0	0.4649
0	0.4655
0	0.4652
0	0.466
0	0.4675
0	0.4669
0	0.4672
0	0.4673
0	0.4674
0	0.4677
0	0.4691
0	0.4685
0	0.4688
0	0.4703
0	0.4703
0	0.4707
0	0.4701
0	0.4697
0	0.4701
0	0.469
0	0.4696
0	0.4708
0	0.4716
0	0.4706
0	0.4694
0	0.4706
0	0.4706
0	0.4701
0	0.4696
0	0.4688
0	0.469
0	0.4687
0	0.4657
0	0.4669
0	0.4657
0	0.4667
0	0.4665
0	0.4672
0	0.4691
0	0.4683
0	0.4686
0	0.468
0	0.4675
0	0.4665
0	0.4671
0	0.4686
0	0.468
0	0.4682
0	0.4688
0	0.4698
0	0.4651
0	0.4639
0	0.4593
0	0.46
0	0.4608
0	0.4585
0	0.4615
0	0.463
0	0.4618
0	0.4622
0	0.4611
0	0.4609
0	0.4588
0	0.4572
0	0.4564
0	0.4573
0	0.4551
0	0.4561
0	0.4566
0	0.4603
0	0.4605
0	0.4619
0	0.4628
0	0.462
0	0.4611
0	0.4609
0	0.4598
0	0.4601
0	0.4624
0	0.4593
0	0.4613
0	0.4636
0	0.4628
0	0.4633
0	0.4636
0	0.4641
0	0.4647
0	0.4651
0	0.4628
0	0.4658
0	0.4817
0	0.4796
0	0.4777
0	0.4779
0	0.4751
0	0.4718
0	0.471
0	0.4688
0	0.4677
0	0.4695
0	0.4676
0	0.4703
0	0.4716
0	0.4703
0	0.4689
0	0.4713
0	0.4707
0	0.4725
0	0.4728
0	0.4722
0	0.4716
0	0.4727
0	0.4724
0	0.4698
0	0.4663
0	0.4643
0	0.4643
0	0.4622
0	0.4608
0	0.4631
0	0.458
0	0.4586
0	0.4604
0	0.461
0	0.4617
0	0.4622
0	0.4628
0	0.463
0	0.4634
0	0.4635
0	0.4643
0	0.4658
0	0.4655
0	0.466
0	0.4654
0	0.4639
0	0.4642
0	0.4647
0	0.4638
0	0.4632
0	0.4619
0	0.4664
0	0.4649
0	0.4647
0	0.4635
0	0.4594
0	0.4612
0	0.4604
0	0.4594
0	0.4585
0	0.4578
0	0.4584
0	0.4559
0	0.4563
0	0.4498
0	0.4527
0	0.4544
0	0.456
0	0.4565
0	0.4544
0	0.4575
0	0.4562
0	0.4583
0	0.4591
0	0.4592
0	0.4604
0	0.4605
0	0.4621
0	0.4619
0	0.4615
0	0.4623
0	0.4614
0	0.4617
0	0.4599
0	0.4601
0	0.4615
0	0.4628
0	0.4624
0	0.4613
0	0.4623
0	0.4633
0	0.4624
0	0.4611
0	0.462
0	0.4615
0	0.4605
0	0.4589
0	0.4596
0	0.4595
0	0.4587
0	0.458
0	0.4623
0	0.4604
0	0.4593
0	0.46
0	0.4588
0	0.4602
0	0.4602
0	0.4595
0	0.46
0	0.4603
0	0.4594
0	0.4591
0	0.4572
0	0.458
0	0.4594
0	0.4602
0	0.46
0	0.4614
0	0.4594
0	0.4575
0	0.4583
0	0.4565
0	0.4537
0	0.4549
0	0.4541
0	0.4533
0	0.4531
0	0.4565
0	0.4567
0	0.4562
0	0.4569
0	0.4563
0	0.456
0	0.4549
0	0.4555
0	0.4549
0	0.4568
0	0.4554
0	0.4568
0	0.4567
0	0.4566
0	0.4565
0	0.4562
0	0.4567
0	0.4577
0	0.4571
0	0.4571
0	0.4574
0	0.4561
0	0.4556
0	0.4539
0	0.4547
0	0.4578
0	0.4567
0	0.4546
0	0.4541
0	0.454
0	0.455
0	0.456
0	0.4565
0	0.4563
0	0.4566
0	0.4599
0	0.4621
0	0.4631
0	0.4625
0	0.4614
0	0.4613
0	0.4611
0	0.4628
0	0.4632
0	0.4637
0	0.4677
0	0.4691
0	0.4691
0	0.4698
0	0.4709
0	0.4716
0	0.4688
0	0.4699
0	0.4692
0	0.4698
0	0.4702
0	0.4687
0	0.4691
0	0.4702
0	0.4697
0	0.4695
0	0.4697
0	0.4702
0	0.4684
0	0.467
0	0.4661
0	0.4673
0	0.4679
0	0.4683
0	0.4682
0	0.4694
0	0.4695
0	0.4701
0	0.4693
0	0.4685
0	0.4677
0	0.4667
0	0.4679
0	0.4691
0	0.4698
0	0.4686
0	0.469
0	0.4698
0	0.4697
0	0.4711
0	0.4703
0	0.4677
0	0.4674
0	0.4691
0	0.4705
0	0.4696
0	0.4705
0	0.4674
0	0.4683
0	0.4697
0	0.4701
0	0.4713
0	0.471
0	0.4729
0	0.4729
0	0.474
0	0.4715
0	0.4711
0	0.4735
0	0.4738
0	0.4727
0	0.4739
0	0.474
0	0.473
0	0.4743
0	0.4791
0	0.4821
0	0.4822
0	0.4794
0	0.4807
0	0.4772
0	0.479
0	0.4782
0	0.4765
0	0.4763
0	0.4772
0	0.4786
0	0.4772
0	0.4761
0	0.4778
0	0.4775
0	0.4769
0	0.4761
0	0.4772
0	0.4769
0	0.4769
0	0.4776
0	0.4764
0	0.4772
0	0.4781
0	0.4776
0	0.4774
0	0.4766
0	0.4671
0	0.4536
0	0.4484
0	0.4468
0	0.4454
0	0.4526
0	0.4551
0	0.4532
0	0.455
0	0.4555
0	0.4595
0	0.4586
0	0.4586
0	0.4571
0	0.4586
0	0.4608
0	0.4611
0	0.4614
0	0.4618
0	0.4626
0	0.469
0	0.467
0	0.4675
0	0.4661
0	0.4633
0	0.4614
0	0.4617
0	0.4638
0	0.4627
0	0.4631
0	0.4638
0	0.4625
0	0.4635
0	0.4631
0	0.4623
0	0.4623
0	0.4621
0	0.463
0	0.4643
0	0.4641
0	0.4648
0	0.4647
0	0.4635
0	0.4631
0	0.4634
0	0.4632
0	0.4608
0	0.4611
0	0.4611
0	0.4612
0	0.4606
0	0.4596
0	0.4606
0	0.4595
0	0.4577
0	0.4572
0	0.4574
0	0.4599
0	0.458
0	0.4578
0	0.4577
0	0.4589
0	0.4581
0	0.4598
0	0.4599
0	0.4588
0	0.4595
0	0.4597
0	0.4587
0	0.4577
0	0.4585
0	0.4579
0	0.4576
0	0.4575
0	0.4578
0	0.4583
0	0.4578
0	0.4586
0	0.4582
0	0.4591
0	0.4611
0	0.4591
0	0.46
0	0.4586
0	0.4591
0	0.4591
0	0.4602
0	0.461
0	0.4617
0	0.4636
0	0.4635
0	0.464
0	0.4655
0	0.4691
0	0.4667
0	0.465
0	0.466
0	0.4676
0	0.4668
0	0.4653
0	0.4661
0	0.4673
0	0.4675
0	0.4681
0	0.4672
0	0.4665
0	0.4663
0	0.466
0	0.4677
0	0.4677
0	0.4647
0	0.4662
0	0.4663
0	0.4666
0	0.4667
0	0.4652
0	0.4642
0	0.4644
0	0.4661
0	0.4654
0	0.4657
0	0.4674
0	0.4662
0	0.4642
0	0.4651
0	0.4654
0	0.4672
0	0.4663
0	0.4663
0	0.468
0	0.4679
0	0.473
0	0.4737
0	0.4781
0	0.4741
0	0.4773
0	0.482
0	0.4789
0	0.4769
0	0.4781
0	0.4758
0	0.4746
0	0.4738
0	0.4737
0	0.4741
0	0.4743
0	0.4762
0	0.4754
0	0.4734
0	0.4701
0	0.4717
0	0.4728
0	0.4724
0	0.4715
0	0.471
0	0.4713
0	0.4721
0	0.4729
0	0.4709
0	0.4702
0	0.4704
0	0.4704
0	0.4707
0	0.4717
0	0.4727
0	0.4727
0	0.4704
0	0.4711
0	0.4721
0	0.467
0	0.4683
0	0.4696
0	0.4696
0	0.4683
0	0.4679
0	0.4673
0	0.4686
0	0.4689
0	0.4697
0	0.4705
0	0.4694
0	0.4692
0	0.471
0	0.4714
0	0.473
0	0.4742
0	0.4742
0	0.4737
0	0.4732
0	0.4745
0	0.4761
0	0.4756
0	0.4765
0	0.4762
0	0.4751
0	0.4757
0	0.4767
0	0.477
0	0.4771
0	0.4789
0	0.4779
0	0.479
0	0.4785
0	0.4767
0	0.4772
0	0.478
0	0.4773
0	0.4773
0	0.4761
0	0.479
0	0.4796
0	0.479
0	0.4839
0	0.4796
0	0.4794
0	0.478
0	0.4784
0	0.4794
0	0.4788
0	0.4796
0	0.4807
0	0.4811
0	0.481
0	0.4817
0	0.4809
0	0.4806
0	0.4807
0	0.481
0	0.4812
0	0.4812
0	0.481
0	0.4805
0	0.479
0	0.4782
0	0.4792
0	0.4792
0	0.4781
0	0.4784
0	0.478
0	0.4783
0	0.478
0	0.4786
0	0.4782
0	0.4777
0	0.4768
0	0.4778
0	0.4782
0	0.4774
0	0.4781
0	0.4783
0	0.478
0	0.4778
0	0.477
0	0.4774
0	0.4776
0	0.4783
0	0.4782
0	0.4814
0	0.4806
0	0.4804
0	0.4802
0	0.4799
0	0.4789
0	0.4796
0	0.4811
0	0.4801
0	0.481
0	0.4811
0	0.4813
0	0.4812
0	0.4802
0	0.4795
0	0.4805
0	0.4802
0	0.4782
0	0.4789
0	0.4775
0	0.4782
0	0.4789
0	0.4785
0	0.4779
0	0.4757
0	0.4752
0	0.4765
0	0.4766
0	0.477
0	0.4774
0	0.478
0	0.4787
0	0.4788
0	0.4784
0	0.4788
0	0.4786
0	0.4778
0	0.4777
0	0.4779
0	0.478
0	0.4786
0	0.4787
0	0.4783
0	0.478
0	0.4784
0	0.4779
0	0.4768
0	0.4772
0	0.4776
0	0.478
0	0.4767
0	0.4766
0	0.4757
0	0.4747
0	0.4752
0	0.4747
0	0.4744
0	0.474
0	0.4741
0	0.4743
0	0.4752
0	0.476
0	0.4754
0	0.4741
0	0.4745
0	0.4743
0	0.4748
0	0.4749
0	0.4754
0	0.4755
0	0.4758
0	0.4755
0	0.4755
0	0.4769
0	0.4772
0	0.4764
0	0.4767
0	0.4766
0	0.4763
0	0.4761
0	0.4756
0	0.4757
0	0.4756
0	0.4762
0	0.4766
0	0.4761
0	0.4758
0	0.4756
0	0.4764
0	0.4766
0	0.4769
0	0.4765
0	0.4757
0	0.4757
0	0.4755
0	0.475
0	0.4745
0	0.4751
0	0.475
0	0.4752
0	0.4746
0	0.4746
0	0.4748
0	0.476
0	0.476
0	0.4764
0	0.4761
0	0.4752
0	0.4773
0	0.478
0	0.4795
0	0.4801
0	0.4809
0	0.4789
0	0.4795
0	0.4788
0	0.4795
0	0.4795
0	0.4799
0	0.4806
0	0.48
0	0.4788
0	0.4792
0	0.4795
0	0.479
0	0.4788
0	0.4769
0	0.4752
0	0.4759
0	0.4756
0	0.4706
0	0.4718
0	0.4719
0	0.4731
0	0.474
0	0.4742
0	0.4738
0	0.4738
0	0.4734
0	0.4729
0	0.4727
0	0.4733
0	0.4742
0	0.4739
0	0.4742
0	0.4705
0	0.472
0	0.4722
0	0.4717
0	0.4711
0	0.4703
0	0.4702
0	0.461
0	0.4633
0	0.4642
0	0.4634
0	0.4625
0	0.4606
0	0.4621
0	0.4638
0	0.4643
0	0.4648
0	0.4651
0	0.4637
0	0.4652
0	0.4653
0	0.4653
0	0.4648
0	0.4647
0	0.4654
0	0.4649
0	0.4651
0	0.4646
0	0.4634
0	0.4642
0	0.465
0	0.4651
0	0.4631
0	0.4636
0	0.4645
0	0.4639
0	0.4648
0	0.4649
0	0.4649
0	0.4646
0	0.4649
0	0.4652
0	0.4646
0	0.465
0	0.465
0	0.4647
0	0.4652
0	0.4653
0	0.4651
0	0.4654
0	0.4652
0	0.4666
0	0.4662
0	0.466
0	0.4655
0	0.4636
0	0.4635
0	0.4637
0	0.4635
0	0.4626
0	0.4625
0	0.4608
0	0.4588
0	0.4591
0	0.4603
0	0.4578
0	0.4578
0	0.459
0	0.4607
0	0.4603
0	0.4579
0	0.4593
0	0.459
0	0.459
0	0.4598
0	0.4583
0	0.4602
0	0.4593
0	0.4601
0	0.4598
0	0.4597
0	0.4628
0	0.4622
0	0.4615
0	0.4599
0	0.4616
0	0.4628
0	0.4626
0	0.4628
0	0.4626
0	0.4626
0	0.4638
0	0.4641
0	0.465
0	0.4647
0	0.4646
0	0.4649
0	0.4644
0	0.465
0	0.4643
0	0.4633
0	0.4629
0	0.462
0	0.4626
0	0.4612
0	0.462
0	0.461
0	0.4608
0	0.4611
0	0.4602
0	0.459
0	0.4638
0	0.4638
0	0.4624
0	0.4629
0	0.4639
0	0.4636
0	0.465
0	0.465
0	0.4652
0	0.4645
0	0.4653
0	0.4641
0	0.4647
0	0.4652
0	0.4647
0	0.4636
0	0.4632
0	0.4635
0	0.4642
0	0.4634
0	0.462
0	0.4635
0	0.4635
0	0.4629
0	0.4638
0	0.4632
0	0.4631
0	0.4606
0	0.4608
0	0.4603
0	0.4614
0	0.4605
0	0.4608
0	0.4608
0	0.4612
0	0.4619
0	0.4633
0	0.462
0	0.4616
0	0.4615
0	0.4613
0	0.4607
0	0.4604
0	0.4632
0	0.4632
0	0.4617
0	0.4631
0	0.4629
0	0.4634
0	0.4624
0	0.4606
0	0.461
0	0.4601
0	0.4592
0	0.4602
0	0.4601
0	0.461
0	0.4611
0	0.462
0	0.4623
0	0.4631
0	0.4638
0	0.4642
0	0.4647
0	0.4642
0	0.4633
0	0.4637
0	0.4646
0	0.4657
0	0.464
0	0.4645
0	0.4649
0	0.4652
0	0.4651
0	0.465
0	0.465
0	0.4652
0	0.4649
0	0.4638
0	0.4646
0	0.465
0	0.4645
0	0.4643
0	0.4644
0	0.4634
0	0.4629
0	0.4622
0	0.4623
0	0.4618
0	0.4621
0	0.4608
0	0.462
0	0.4637
0	0.4637
0	0.4639
0	0.464
0	0.4629
0	0.4621
0	0.4605
0	0.4603
0	0.4596
0	0.4601
0	0.4591
0	0.4594
0	0.4581
0	0.4577
0	0.4586
0	0.459
0	0.4599
0	0.46
0	0.4603
0	0.4604
0	0.4592
0	0.4582
0	0.4582
0	0.4591
0	0.4595
0	0.4601
0	0.4602
0	0.4597
0	0.4584
0	0.4574
0	0.4575
0	0.4563
0	0.456
0	0.457
0	0.4571
0	0.457
0	0.4559
0	0.4552
0	0.4528
0	0.4526
0	0.4512
0	0.4513
0	0.4529
0	0.4524
0	0.4531
0	0.4535
0	0.4519
0	0.4524
0	0.4525
0	0.4521
0	0.4525
0	0.4519
0	0.4521
0	0.453
0	0.4523
0	0.4529
0	0.4513
0	0.4517
0	0.451
0	0.4526
0	0.4555
0	0.4535
0	0.4553
0	0.4547
0	0.4555
0	0.4568
0	0.4548
0	0.4551
0	0.4553
0	0.455
0	0.4569
0	0.4568
0	0.456
0	0.4568
0	0.4578
0	0.461
0	0.4631
0	0.4633
0	0.4638
0	0.4642
0	0.4646
0	0.4648
0	0.4642
0	0.4638
0	0.4626
0	0.4632
0	0.4614
0	0.4611
0	0.4612
0	0.4613
0	0.462
0	0.4608
0	0.4611
0	0.4612
0	0.4609
0	0.4623
0	0.4632
0	0.4633
0	0.4628
0	0.4619
0	0.4622
0	0.4642
0	0.4633
0	0.4636
0	0.464
0	0.4638
0	0.464
0	0.4642
0	0.4643
0	0.464
0	0.4629
0	0.4619
0	0.4609
0	0.4627
0	0.4613
0	0.4625
0	0.4618
0	0.4615
0	0.4612
0	0.4606
0	0.4602
0	0.4608
0	0.4606
0	0.4594
0	0.459
0	0.459
0	0.4598
0	0.4603
0	0.4609
0	0.461
0	0.4616
0	0.4612
0	0.4613
0	0.46
0	0.4606
0	0.4603
0	0.4595
0	0.4592
0	0.4607
0	0.4594
0	0.4568
0	0.458
0	0.4575
0	0.4576
0	0.4565
0	0.4572
0	0.4584
0	0.4575
0	0.4567
0	0.4559
0	0.4559
0	0.4563
0	0.4563
0	0.4562
0	0.4567
0	0.4567
0	0.4582
0	0.4582
0	0.4581
0	0.458
0	0.4586
0	0.4587
0	0.4581
0	0.4573
0	0.459
0	0.4591
0	0.4592
0	0.4588
0	0.4593
0	0.4599
0	0.4599
0	0.4597
0	0.4591
0	0.4594
0	0.4594
0	0.4601
0	0.4597
0	0.4601
0	0.4606
0	0.4612
0	0.4604
0	0.4608
0	0.4611
0	0.4618
0	0.462
0	0.4625
0	0.4619
0	0.4615
0	0.464
0	0.4636
0	0.4626
0	0.463
0	0.4639
0	0.4635
0	0.464
0	0.4643
0	0.4643
0	0.4637
0	0.4645
0	0.4645
0	0.4635
0	0.4638
0	0.4617
0	0.4625
0	0.4626
0	0.4623
0	0.4629
0	0.4632
0	0.4637
0	0.4635
0	0.4626
0	0.4621
0	0.4612
0	0.4607
0	0.4612
0	0.4621
0	0.4605
0	0.4595
0	0.46
0	0.4589
0	0.4589
0	0.4596
0	0.4593
0	0.4599
0	0.4592
0	0.4606
0	0.4619
0	0.4606
0	0.4607
0	0.4609
0	0.4616
0	0.4608
0	0.4587
0	0.459
0	0.4595
0	0.4599
0	0.4621
0	0.4611
0	0.4623
0	0.4605
0	0.463
0	0.462
0	0.4608
0	0.4621
0	0.4619
0	0.463
0	0.4652
0	0.4653
0	0.4645
0	0.4652
0	0.4647
0	0.4643
0	0.4653
0	0.4656
0	0.4682
0	0.4674
0	0.4657
0	0.4654
0	0.4655
0	0.4668
0	0.4682
0	0.4671
0	0.4672
0	0.4669
0	0.467
0	0.4663
0	0.4675
0	0.4674
0	0.467
0	0.4666
0	0.4674
0	0.4661
0	0.4674
0	0.4675
0	0.467
0	0.4674
0	0.4666
0	0.4671
0	0.466
0	0.4661
0	0.4676
0	0.4667
0	0.4652
0	0.465
0	0.4652
0	0.4647
0	0.4635
0	0.4633
0	0.4637
0	0.4638
0	0.4634
0	0.4629
0	0.4629
0	0.4631
0	0.464
0	0.4634
0	0.4633
0	0.4631
0	0.4643
0	0.4637
0	0.4633
0	0.4634
0	0.4644
0	0.4639
0	0.4636
0	0.4633
0	0.4629
0	0.4632
0	0.4622
0	0.4622
0	0.4608
0	0.4611
0	0.4612
0	0.462
0	0.4618
0	0.4614
0	0.4616
0	0.4608
0	0.4614
0	0.4609
0	0.4615
0	0.4613
0	0.4613
0	0.4608
0	0.4618
0	0.4616
0	0.4615
0	0.4601
0	0.4594
0	0.4595
0	0.4586
0	0.4576
0	0.4574
0	0.4578
0	0.4549
0	0.455
0	0.4546
0	0.4536
0	0.4544
0	0.4547
0	0.4549
0	0.4543
0	0.4548
0	0.455
0	0.4544
0	0.4549
0	0.4548
0	0.4558
0	0.4564
0	0.4565
0	0.4575
0	0.459
0	0.4592
0	0.4581
0	0.4582
0	0.4578
