0	1
0	1.00105
0	1.0014
0	1.0007
0	1.00245
0	1.00315
0	1.0042
0	1.00525
0	1.00315
0	1.00315
0	1.00841
0	1.00841
0	1.00771
0	1.00806
0	1.00981
0	1.00981
0	1.00911
0	1.00946
0	1.00841
0	1.00946
0	1.01156
0	1.01156
0	1.01121
0	1.01156
0	1.00665
0	1.00665
0	1.00701
0	1.00771
0	1.00841
0	1.00771
0	1.00525
0	1.00455
0	1.0063
0	1.00841
0	1.00771
0	1.00876
0	1.00841
0	1.00841
0	1.00771
0	1.00911
0	1.00911
0	1.00911
0	1.00806
0	1.00806
0	1.00665
0	1.0063
0	1.00665
0	1.01086
0	1.01121
0	1.00946
0	1.01086
0	1.01121
0	1.01156
0	1.01086
0	1.01331
0	1.01086
0	1.00981
0	1.00946
0	1.01016
0	1.01051
0	1.01051
0	1.00771
0	1.00911
0	1.00806
0	1.00841
0	1.00841
0	1.00841
0	1.00665
0	1.00701
0	1.00736
0	1.00736
0	1.00841
0	1.00736
0	1.00701
0	1.0056
0	1.00595
0	1.0063
0	1.00595
0	1.00595
0	1.0049
0	1.00385
0	1.0021
0	1.0021
0	1.0042
0	1.0049
0	1.0042
0	1.0007
0	1.0021
0	1.0007
0	1.00105
0	1
0	1.00245
0	1.00315
0	1.0035
0	1.00455
0	1.0035
0	1.0035
0	1.0042
0	1.00175
0	1.0007
0	1.00315
0	1.00385
0	1.0035
0	0.997548
0	1.00385
0	1.0049
0	1.0063
0	1.0049
0	1.0021
0	1.0056
0	1.0063
0	1.0063
0	1.01051
0	1.01366
0	1.01506
0	1.01506
0	1.01331
0	1.00911
0	1.00911
0	1.00981
0	1.00911
0	1.00841
0	1.0063
0	1.0049
0	1.00455
0	1.00665
0	1.0056
0	1.0028
0	1.0042
0	1.00595
0	1.00595
0	1.00175
0	1.00525
0	1.0056
0	1.00736
0	1.00911
0	1.00981
0	1.01261
0	1.01331
0	1.01506
0	1.01471
0	1.01366
0	1.01436
0	1.01401
0	1.01331
0	1.01331
0	1.01121
0	1.01401
0	1.01401
0	1.01611
0	1.01611
0	1.01646
0	1.01401
0	1.01401
0	1.01436
0	1.01506
0	1.01296
0	1.01366
0	1.01331
0	1.01051
0	1.00595
0	1.0021
0	1
0	1.00245
0	1.00315
0	1.00245
0	1.0042
0	1.0028
0	1.00245
0	1.0028
0	1.00105
0	1.00105
0	1.0028
0	1.00455
0	1.00385
0	1.0056
0	1.0042
0	1.00525
0	1.0056
0	1.0056
0	1.00595
0	1.00841
0	1.00841
0	1.00701
0	1.00841
0	1.00806
0	1.00841
0	1.00876
0	1.00701
0	1.00806
0	1.00981
0	1.0056
0	1.00806
0	1.00806
0	1.0028
0	1.00175
0	1.0063
0	1.00701
0	1.00701
0	1.01261
0	1.01506
0	1.02067
0	1.02522
0	1.02592
0	1.02417
0	1.02207
0	1.02522
0	1.02277
0	1.02277
0	1.02382
0	1.02067
0	1.02032
0	1.01576
0	1.01261
0	1.01506
0	1.01506
0	1.01506
0	1.01646
0	1.01436
0	1.01401
0	1.01471
0	1.01996
0	1.02207
0	1.02207
0	1.02207
0	1.01821
0	1.01681
0	1.01471
0	1.01296
0	1.00911
0	1.00665
0	1.00981
0	1.00841
0	1.0049
0	1.0056
0	1.00701
0	1.00946
0	1.00771
0	1.00876
0	1.01296
0	1.01401
0	1.01401
0	1.01576
0	1.01611
0	1.02032
0	1.01821
0	1.01681
0	1.01471
0	1.01471
0	1.01401
0	1.01436
0	1.01506
0	1.01436
0	1.01471
0	1.01541
0	1.01716
0	1.01541
0	1.01331
0	1.01226
0	1.01471
0	1.01331
0	1.01541
0	1.01681
0	1.01646
0	1.01471
0	1.01296
0	1.01261
0	1.01331
0	1.01051
0	1.00876
0	1.01086
0	1.01121
0	1.00736
0	1.00736
0	1.00911
0	1.00981
0	1.00876
0	1.00806
0	1.00911
0	1.01121
0	1.00946
0	1.01156
0	1.01401
0	1.01226
0	1.01191
0	1.01051
0	1.01051
0	1.01121
0	1.01016
0	1.01471
0	1.01611
0	1.01611
0	1.01716
0	1.01541
0	1.01541
0	1.01436
0	1.01506
0	1.01541
0	1.01331
0	1.01471
0	1.01366
0	1.01051
0	1.00841
0	1.00771
0	1.00806
0	1.00595
0	1.00701
0	1.00595
0	1.00455
0	0.998249
0	0.994746
0	0.990193
0	0.985639
0	0.983538
0	0.981086
0	0.97373
0	0.970578
0	0.966725
0	0.952715
0	0.956567
0	0.964273
0	0.963923
0	0.964623
0	0.970578
0	0.969177
0	0.969877
0	0.967426
0	0.969177
0	0.969177
0	0.968827
0	0.970578
0	0.966025
0	0.964974
0	0.960771
0	0.960771
0	0.95937
0	0.95937
0	0.96042
0	0.963923
0	0.964623
0	0.959019
0	0.96042
0	0.96042
0	0.95972
0	0.961471
0	0.961471
0	0.95937
0	0.955867
0	0.953765
0	0.954116
0	0.952364
0	0.952715
0	0.956567
0	0.959019
0	0.95937
0	0.956918
0	0.957618
0	0.955166
0	0.951313
0	0.950963
0	0.954466
0	0.955517
0	0.957268
0	0.955166
0	0.954816
0	0.951313
0	0.952014
0	0.948161
0	0.948161
0	0.938704
0	0.938354
0	0.937303
0	0.93275
0	0.930998
0	0.93275
0	0.936602
0	0.93275
0	0.929597
0	0.936602
0	0.935552
0	0.940806
0	0.941856
0	0.945709
0	0.944658
0	0.94676
0	0.959019
0	0.961121
0	0.951664
0	0.956918
0	0.947811
0	0.952014
0	0.952364
0	0.954466
0	0.957268
0	0.961471
0	0.960771
0	0.966725
0	0.964273
0	0.964273
0	0.96007
0	0.96042
0	0.963573
0	0.962522
0	0.965674
0	0.962872
0	0.964623
0	0.962522
0	0.966375
0	0.965324
0	0.967075
0	0.970228
0	0.971278
0	0.970928
0	0.967426
0	0.968126
0	0.966375
0	0.964974
0	0.964623
0	0.969877
0	0.971629
0	0.970228
0	0.968476
0	0.970228
0	0.972329
0	0.970928
0	0.971979
0	0.971629
0	0.971979
0	0.974781
0	0.97303
0	0.970928
0	0.976182
0	0.97373
0	0.982487
0	0.983538
0	0.976883
0	0.975482
0	0.977583
0	0.978284
0	0.976883
0	0.976532
0	0.977933
0	0.976883
0	0.974431
0	0.980035
0	0.977233
0	0.977583
0	0.978984
0	0.978284
0	0.977233
0	0.978634
0	0.976883
0	0.974431
0	0.97338
0	0.97373
0	0.97303
0	0.970578
0	0.955517
0	0.953065
0	0.954466
0	0.95972
0	0.968476
0	0.962172
0	0.966025
0	0.963923
0	0.964273
0	0.965674
0	0.967075
0	0.968126
0	0.967426
0	0.962522
0	0.962172
0	0.964273
0	0.96042
0	0.962872
0	0.963923
0	0.966375
0	0.964623
0	0.961121
0	0.96042
0	0.960771
0	0.958319
0	0.956567
0	0.957618
0	0.957968
0	0.957968
0	0.955867
0	0.954816
0	0.956567
0	0.956217
0	0.953415
0	0.953415
0	0.949562
0	0.948862
0	0.949912
0	0.951664
0	0.953765
0	0.955166
0	0.955867
0	0.954466
0	0.956918
0	0.955166
0	0.953765
0	0.953765
0	0.954816
0	0.953415
0	0.954466
0	0.955166
0	0.955517
0	0.96042
0	0.95937
0	0.95937
0	0.959019
0	0.96042
0	0.961821
0	0.963222
0	0.963222
0	0.96007
0	0.95937
0	0.95937
0	0.960771
0	0.963573
0	0.966725
0	0.961821
0	0.961471
0	0.961821
0	0.965324
0	0.969177
0	0.968827
0	0.965324
0	0.967776
0	0.965674
0	0.965674
0	0.967075
0	0.970228
0	0.971278
0	0.969177
0	0.969177
0	0.968827
0	0.968476
0	0.967426
0	0.969177
0	0.969177
0	0.970928
0	0.971979
0	0.972329
0	0.969877
0	0.971629
0	0.97268
0	0.970928
0	0.968827
0	0.968827
0	0.968126
0	0.967426
0	0.966025
0	0.965674
0	0.964623
0	0.964273
0	0.964273
0	0.964974
0	0.966375
0	0.966025
0	0.964623
0	0.964974
0	0.965324
0	0.964974
0	0.965674
0	0.966375
0	0.968126
0	0.968476
0	0.967776
0	0.962872
0	0.964623
0	0.963573
0	0.963573
0	0.965324
0	0.964974
0	0.964623
0	0.962522
0	0.961121
0	0.961471
0	0.962172
0	0.96007
0	0.961821
0	0.96007
0	0.958669
0	0.959019
0	0.96007
0	0.961471
0	0.961821
0	0.963573
0	0.963923
0	0.975482
0	0.976182
0	0.977233
0	0.975131
0	0.979335
0	0.985989
0	0.982837
0	0.985289
0	0.977233
0	0.975832
0	0.97303
0	0.976532
0	0.978984
0	0.982137
0	0.984588
0	0.983187
0	0.981436
0	0.981436
0	0.985289
0	0.981086
0	0.999299
0	1.00105
0	0.996497
0	1.00175
0	1.00385
0	1.00736
0	1.00911
0	1.00806
0	1.01296
0	1.01961
0	1.01821
0	1.01296
0	1.01471
0	1.01401
0	1.01226
0	1.01191
0	1.0056
0	1.0063
0	1.0056
0	1.0049
0	1.00455
0	1.0049
0	1.0042
0	1.03222
0	1.062
0	1.06235
0	1.04834
0	1.05184
0	1.05184
0	1.0648
0	1.06375
0	1.06095
0	1.05674
0	1.05744
0	1.05989
0	1.0606
0	1.0641
0	1.06445
0	1.0676
0	1.06585
0	1.06865
0	1.0641
0	1.05604
0	1.05674
0	1.04483
0	1.03292
0	1.03012
0	1.03643
0	1.03888
0	1.03748
0	1.03958
0	1.03888
0	1.03783
0	1.03433
0	1.03993
0	1.03748
0	1.03923
0	1.03292
0	1.03713
0	1.05289
0	1.04974
0	1.04553
0	1.05289
0	1.0634
0	1.06935
0	1.0732
0	1.07636
0	1.08231
0	1.09457
0	1.08301
0	1.08161
0	1.08336
0	1.07986
0	1.08091
0	1.07986
0	1.07531
0	1.07531
0	1.07846
0	1.07601
0	1.07671
0	1.07776
0	1.07916
0	1.07811
0	1.07636
0	1.0732
0	1.07636
0	1.07461
0	1.07356
0	1.07426
0	1.07496
0	1.07426
0	1.07986
0	1.07601
0	1.07916
0	1.07776
0	1.08441
0	1.08231
0	1.08196
0	1.08301
0	1.08091
0	1.07426
0	1.07706
0	1.07846
0	1.07636
0	1.07741
0	1.07671
0	1.07391
0	1.07145
0	1.07531
0	1.07426
0	1.07636
0	1.07566
0	1.07356
0	1.0718
0	1.0697
0	1.07075
0	1.0704
0	1.07356
0	1.0725
0	1.07145
0	1.07005
0	1.06725
0	1.06935
0	1.07741
0	1.07075
0	1.0676
0	1.0711
0	1.07075
0	1.0725
0	1.07005
0	1.07145
0	1.07426
0	1.0697
0	1.06725
0	1.06515
0	1.05884
0	1.06515
0	1.06375
0	1.06515
0	1.06445
0	1.06235
0	1.06445
0	1.0641
0	1.0655
0	1.06865
0	1.0683
0	1.07215
0	1.07566
0	1.07005
0	1.0718
0	1.07215
0	1.07145
0	1.06865
0	1.08827
0	1.10228
0	1.10998
0	1.10158
0	1.10368
0	1.10368
0	1.10683
0	1.11208
0	1.10753
0	1.11068
0	1.11664
0	1.10788
0	1.10928
0	1.11208
0	1.11173
0	1.10053
0	1.10228
0	1.10928
0	1.10788
0	1.10543
0	1.10473
0	1.10648
0	1.09807
0	1.10613
0	1.10368
0	1.09142
0	1.08336
0	1.07706
0	1.08056
0	1.08932
0	1.08687
0	1.08651
0	1.08126
0	1.08196
0	1.07461
0	1.07426
0	1.07636
0	1.07496
0	1.07951
0	1.07846
0	1.08301
0	1.08266
0	1.07986
0	1.07986
0	1.08196
0	1.08021
0	1.07636
0	1.07426
0	1.07636
0	1.08161
0	1.08687
0	1.08827
0	1.08792
0	1.08827
0	1.08651
0	1.08651
0	1.08827
0	1.08687
0	1.08932
0	1.08371
0	1.08476
0	1.08511
0	1.08371
0	1.08792
0	1.08792
0	1.09177
0	1.09422
0	1.09387
0	1.09037
0	1.08581
0	1.08476
0	1.08651
0	1.08897
0	1.08827
0	1.08687
0	1.09072
0	1.09457
0	1.09457
0	1.09317
0	1.09072
0	1.09002
0	1.08897
0	1.08757
0	1.08476
0	1.07986
0	1.08021
0	1.08161
0	1.07776
0	1.08161
0	1.07776
0	1.07075
0	1.06585
0	1.0725
0	1.07881
0	1.07776
0	1.07671
0	1.07706
0	1.08301
0	1.08651
0	1.08546
0	1.08231
0	1.07671
0	1.07951
0	1.07776
0	1.06935
0	1.07881
0	1.07916
0	1.07356
0	1.0683
0	1.06865
0	1.06655
0	1.0655
0	1.05849
0	1.05464
0	1.06445
0	1.06375
0	1.05954
0	1.0634
0	1.05989
0	1.06725
0	1.0711
0	1.07075
0	1.06795
0	1.07285
0	1.0669
0	1.0704
0	1.0697
0	1.07285
0	1.07706
0	1.07461
0	1.07461
0	1.0732
0	1.07566
0	1.07461
0	1.07776
0	1.07461
0	1.07285
0	1.07005
0	1.07075
0	1.07145
0	1.07075
0	1.07285
0	1.07215
0	1.0725
0	1.06445
0	1.06305
0	1.06655
0	1.06585
0	1.062
0	1.0648
0	1.0704
0	1.07215
0	1.08651
0	1.09632
0	1.08757
0	1.08581
0	1.08687
0	1.08511
0	1.08581
0	1.08511
0	1.08196
0	1.08231
0	1.08196
0	1.08757
0	1.08897
0	1.09177
0	1.09632
0	1.09457
0	1.09807
0	1.10473
0	1.11664
0	1.12294
0	1.12294
0	1.12539
0	1.11664
0	1.11874
0	1.12014
0	1.12084
0	1.10998
0	1.10858
0	1.11734
0	1.11454
0	1.10963
0	1.10648
0	1.11243
0	1.11208
0	1.10753
0	1.10788
0	1.10578
0	1.10578
0	1.09352
0	1.09212
0	1.08441
0	1.08651
0	1.08722
0	1.08336
0	1.08651
0	1.08967
0	1.08546
0	1.13905
0	1.1366
0	1.14011
0	1.1331
0	1.13905
0	1.14291
0	1.14466
0	1.14396
0	1.14221
0	1.14746
0	1.14991
0	1.14466
0	1.14886
0	1.15377
0	1.15096
0	1.15166
0	1.15482
0	1.15342
0	1.15377
0	1.15166
0	1.15201
0	1.15306
0	1.15447
0	1.14991
0	1.14956
0	1.15271
0	1.14571
0	1.15236
0	1.15657
0	1.16252
0	1.16182
0	1.16357
0	1.15972
0	1.15762
0	1.15867
0	1.15447
0	1.15236
0	1.15447
0	1.15377
0	1.15096
0	1.14851
0	1.14536
0	1.14676
0	1.14921
0	1.15797
0	1.15937
0	1.16217
0	1.15937
0	1.15692
0	1.15061
0	1.15552
0	1.16077
0	1.15727
0	1.15797
0	1.16077
0	1.16392
0	1.16007
0	1.15902
0	1.15692
0	1.15692
0	1.15657
0	1.15517
0	1.15587
0	1.15692
0	1.15832
0	1.16427
0	1.16532
0	1.15972
0	1.15622
0	1.15587
0	1.15482
0	1.16077
0	1.16182
0	1.16217
0	1.16357
0	1.16427
0	1.16743
0	1.16567
0	1.17093
0	1.16848
0	1.17163
0	1.17548
0	1.17478
0	1.16883
0	1.16743
0	1.17233
0	1.17198
0	1.16602
0	1.16427
0	1.15832
0	1.16462
0	1.16848
0	1.16953
0	1.16918
0	1.17058
0	1.16708
0	1.15762
0	1.15622
0	1.15482
0	1.15447
0	1.15166
0	1.15657
0	1.16007
0	1.16357
0	1.16462
0	1.16532
0	1.16532
0	1.16743
0	1.16252
0	1.16287
0	1.16427
0	1.15937
0	1.15762
0	1.16042
0	1.16427
0	1.16848
0	1.16813
0	1.17408
0	1.17443
0	1.17443
0	1.17303
0	1.16953
0	1.17408
0	1.17583
0	1.17583
0	1.18144
0	1.17968
0	1.17898
0	1.18179
0	1.18529
0	1.17933
0	1.18494
0	1.18284
0	1.18459
0	1.18704
0	1.18739
0	1.18949
0	1.1972
0	1.20455
0	1.2063
0	1.2063
0	1.2028
0	1.2028
0	1.20035
0	1.2021
0	1.20315
0	1.1979
0	1.1937
0	1.19755
0	1.20105
0	1.2035
0	1.20175
0	1.20595
0	1.2056
0	1.20245
0	1.2049
0	1.20876
0	1.20806
0	1.21086
0	1.20385
0	1.20105
0	1.19965
0	1.2049
0	1.20665
0	1.20665
0	1.20911
0	1.20595
0	1.1951
0	1.1979
0	1.1944
0	1.19895
0	1.2021
0	1.1993
0	1.2007
0	1.2007
0	1.2
0	1.19895
0	1.20105
0	1.2007
0	1.20105
0	1.2014
0	1.19965
0	1.2028
0	1.19965
0	1.1993
0	1.20175
0	1.2049
0	1.20455
0	1.2028
0	1.1965
0	1.1958
0	1.19159
0	1.18284
0	1.17548
0	1.17023
0	1.16567
0	1.16112
0	1.15657
0	1.16462
0	1.17023
0	1.16743
0	1.17093
0	1.17653
0	1.17408
0	1.16567
0	1.17093
0	1.17303
0	1.17583
0	1.17723
0	1.17933
0	1.17828
0	1.17933
0	1.18109
0	1.18004
0	1.17758
0	1.17618
0	1.17898
0	1.18354
0	1.18109
0	1.18109
0	1.18144
0	1.17583
0	1.17583
0	1.17443
0	1.17443
0	1.16602
0	1.16322
0	1.16567
0	1.15832
0	1.15867
0	1.15937
0	1.16743
0	1.16637
0	1.17408
0	1.17303
0	1.17233
0	1.17373
0	1.17338
0	1.17128
0	1.16848
0	1.17128
0	1.17163
0	1.17268
0	1.17233
0	1.16778
0	1.16743
0	1.16883
0	1.16883
0	1.16637
0	1.16462
0	1.16427
0	1.16743
0	1.17058
0	1.17093
0	1.16883
0	1.17023
0	1.17198
0	1.17128
0	1.17023
0	1.16988
0	1.17268
0	1.17198
0	1.17618
0	1.17478
0	1.17548
0	1.17373
0	1.17408
0	1.17373
0	1.17023
0	1.17443
0	1.17478
0	1.17548
0	1.17828
0	1.17583
0	1.17303
0	1.17408
0	1.17758
0	1.17793
0	1.18074
0	1.18529
0	1.18284
0	1.18844
0	1.19124
0	1.18669
0	1.18844
0	1.18704
0	1.18879
0	1.18809
0	1.19229
0	1.18844
0	1.18914
0	1.18949
0	1.18809
0	1.18844
0	1.18879
0	1.18284
0	1.17863
0	1.18809
0	1.18844
0	1.18564
0	1.18004
0	1.18564
0	1.18214
0	1.18284
0	1.18529
0	1.18704
0	1.18914
0	1.19229
0	1.19299
0	1.18949
0	1.18984
0	1.18809
0	1.18494
0	1.18039
0	1.18074
0	1.18424
0	1.18529
0	1.18319
0	1.17863
0	1.18459
0	1.18109
0	1.18459
0	1.18564
0	1.18564
0	1.18634
0	1.18179
0	1.17933
0	1.17583
0	1.17653
0	1.17583
0	1.17268
0	1.17583
0	1.17793
0	1.18039
0	1.18074
0	1.18039
0	1.17933
0	1.17093
0	1.17723
0	1.17513
0	1.16778
0	1.16988
0	1.16743
0	1.17128
0	1.17058
0	1.16918
0	1.17233
0	1.17303
0	1.17268
0	1.17058
0	1.17093
0	1.17478
0	1.17128
0	1.16637
0	1.16813
0	1.17408
0	1.17373
0	1.17408
0	1.17233
0	1.17513
0	1.17968
0	1.17898
0	1.18249
0	1.18004
0	1.18179
0	1.17863
0	1.18179
0	1.18249
0	1.18494
0	1.18284
0	1.18144
0	1.18389
0	1.18634
0	1.18214
0	1.18109
0	1.18249
0	1.18424
0	1.18564
0	1.18564
0	1.18529
0	1.18389
0	1.17828
0	1.17583
0	1.17828
0	1.18109
0	1.18179
0	1.18354
0	1.18109
0	1.18354
0	1.18389
0	1.18214
0	1.17863
0	1.17758
0	1.17933
0	1.17373
0	1.18004
0	1.18109
0	1.18179
0	1.18004
0	1.18144
0	1.18599
0	1.18669
0	1.18599
0	1.18459
0	1.17583
0	1.17898
0	1.17688
0	1.17723
0	1.17723
0	1.17268
0	1.17338
0	1.17303
0	1.17128
0	1.16673
0	1.17338
0	1.17583
0	1.17583
0	1.17968
0	1.17793
0	1.17268
0	1.16988
0	1.16357
0	1.16462
0	1.16357
0	1.17058
0	1.16953
0	1.16743
0	1.16602
0	1.16988
0	1.17618
0	1.17408
0	1.16953
0	1.17023
0	1.17373
0	1.17338
0	1.17198
0	1.16953
0	1.16953
0	1.17303
0	1.17373
0	1.17373
0	1.17303
0	1.17338
0	1.17268
0	1.17233
0	1.16673
0	1.16252
0	1.15937
0	1.16077
0	1.16287
0	1.16042
0	1.14641
0	1.15096
0	1.15061
0	1.15131
0	1.15131
0	1.15447
0	1.15937
0	1.16217
0	1.16427
0	1.16217
0	1.16743
0	1.16532
0	1.16673
0	1.17058
0	1.17163
0	1.17303
0	1.17093
0	1.17198
0	1.17268
0	1.17303
0	1.17303
0	1.17163
0	1.17338
0	1.18039
0	1.18004
0	1.18144
0	1.17688
0	1.17933
0	1.17653
0	1.17443
0	1.17828
0	1.17373
0	1.17723
0	1.17758
0	1.18074
0	1.18284
0	1.18319
0	1.18634
0	1.18739
0	1.18214
0	1.18354
0	1.18319
0	1.17933
0	1.17828
0	1.17548
0	1.17688
0	1.17898
0	1.18109
0	1.18319
0	1.18494
0	1.18459
0	1.18354
0	1.18249
0	1.18319
0	1.18389
0	1.18249
0	1.17723
0	1.17968
0	1.17828
0	1.18004
0	1.17793
0	1.17793
0	1.17233
0	1.17478
0	1.17233
0	1.17408
0	1.17268
0	1.17128
0	1.16953
0	1.16988
0	1.16252
0	1.16357
0	1.16287
0	1.16708
0	1.16813
0	1.17233
0	1.17268
0	1.17618
0	1.17443
0	1.17303
0	1.17653
0	1.17618
0	1.17408
0	1.17408
0	1.17513
0	1.17723
0	1.17793
0	1.18144
0	1.18074
0	1.18179
0	1.18144
0	1.18109
0	1.17898
0	1.17968
0	1.18424
0	1.18669
0	1.18669
0	1.18669
0	1.18074
0	1.17968
0	1.18214
0	1.18214
0	1.18179
0	1.17373
0	1.16953
0	1.16953
0	1.16287
0	1.15447
0	1.15867
0	1.14396
0	1.14396
0	1.14711
0	1.14326
0	1.14186
0	1.13555
0	1.1352
0	1.13905
0	1.14186
0	1.13975
0	1.14116
0	1.14081
0	1.14501
0	1.14291
0	1.14361
0	1.14851
0	1.14921
0	1.14886
0	1.14956
0	1.15166
0	1.15201
0	1.15236
0	1.14816
0	1.14326
0	1.14711
0	1.14676
0	1.14641
0	1.14291
0	1.14046
0	1.14571
0	1.14746
0	1.14886
0	1.14816
0	1.14676
0	1.14501
0	1.12855
0	1.1345
0	1.12049
0	1.10998
0	1.11594
0	1.12084
0	1.12539
0	1.1282
0	1.1303
0	1.12995
0	1.12259
0	1.12294
0	1.12224
0	1.12154
0	1.12189
0	1.12609
0	1.1275
0	1.1282
0	1.12504
0	1.12469
0	1.12259
0	1.12715
0	1.12644
0	1.12469
0	1.12189
0	1.12154
0	1.11979
0	1.11839
0	1.12014
0	1.11909
0	1.12049
0	1.12294
0	1.12399
0	1.12189
0	1.12364
0	1.12259
0	1.12504
0	1.12644
0	1.12539
0	1.12259
0	1.12259
0	1.12399
0	1.12855
0	1.13065
0	1.1324
0	1.13485
0	1.13345
0	1.1324
0	1.13205
0	1.131
0	1.1338
0	1.13485
0	1.13555
0	1.13415
0	1.1338
0	1.13625
0	1.13765
0	1.14011
0	1.1394
0	1.14081
0	1.14116
0	1.138
0	1.13905
0	1.13835
0	1.1338
0	1.13555
0	1.1359
0	1.1394
0	1.13905
0	1.13555
0	1.13415
0	1.1331
0	1.1331
0	1.13065
0	1.13135
0	1.13135
0	1.13135
0	1.12855
0	1.12855
0	1.14396
0	1.15026
0	1.15201
0	1.15166
0	1.15797
0	1.15482
0	1.15517
0	1.15271
0	1.15447
0	1.15306
0	1.15026
0	1.15342
0	1.15306
0	1.15412
0	1.15131
0	1.14991
0	1.14641
0	1.14956
0	1.14851
0	1.15377
0	1.15552
0	1.15166
0	1.15026
0	1.15166
0	1.15271
0	1.15236
0	1.15271
0	1.15271
0	1.15342
0	1.15306
0	1.15061
0	1.15166
0	1.14991
0	1.15342
0	1.15342
0	1.15412
0	1.15377
0	1.15447
0	1.15447
0	1.15552
0	1.15236
0	1.15271
0	1.15201
0	1.15201
0	1.15096
0	1.15096
0	1.14886
0	1.14746
0	1.14606
0	1.14571
0	1.14711
0	1.14711
0	1.14606
0	1.14711
0	1.14536
0	1.14466
0	1.14326
0	1.14291
0	1.14326
0	1.14291
0	1.14151
0	1.13975
0	1.13975
0	1.1394
0	1.1394
0	1.14011
0	1.14011
0	1.1387
0	1.138
0	1.13485
0	1.1338
0	1.1338
0	1.131
0	1.1296
0	1.13555
0	1.1303
0	1.1282
0	1.1282
0	1.13065
0	1.1324
0	1.131
0	1.1317
0	1.13415
0	1.13415
0	1.13415
0	1.13415
0	1.13415
0	1.13415
0	1.13415
0	1.1317
0	1.1289
0	1.1282
0	1.12154
0	1.12189
0	1.12049
0	1.12434
0	1.12469
0	1.12504
0	1.12434
0	1.12364
0	1.12154
0	1.11874
0	1.11594
0	1.11454
0	1.11594
0	1.11874
0	1.12224
0	1.12294
0	1.12609
0	1.1268
0	1.12785
0	1.1282
0	1.12925
0	1.1275
0	1.12294
0	1.12399
0	1.12119
0	1.11839
0	1.12154
0	1.12364
0	1.12504
0	1.12574
0	1.1268
0	1.1268
0	1.1275
0	1.12855
0	1.1282
0	1.1282
0	1.1282
0	1.1296
0	1.13135
0	1.1317
0	1.1331
0	1.13275
0	1.1303
0	1.13135
0	1.13275
0	1.13695
0	1.13345
0	1.1331
0	1.1331
0	1.1324
0	1.131
0	1.13415
0	1.13415
0	1.1366
0	1.1352
0	1.13485
0	1.13555
0	1.13485
0	1.13135
0	1.131
0	1.13205
0	1.1324
0	1.13415
0	1.13345
0	1.13485
0	1.13415
0	1.13485
0	1.13345
0	1.13345
0	1.13205
0	1.1303
0	1.13205
0	1.12995
0	1.1303
0	1.1317
0	1.1352
0	1.13485
0	1.1331
0	1.1345
0	1.13415
0	1.1338
0	1.13485
0	1.1352
0	1.1345
0	1.1359
0	1.1338
0	1.1352
0	1.1345
0	1.13275
0	1.13345
0	1.1359
0	1.13485
0	1.1345
0	1.13415
0	1.1345
0	1.13205
0	1.13135
0	1.13275
0	1.13415
0	1.1352
0	1.1352
0	1.1359
0	1.1345
0	1.13345
0	1.1345
0	1.1296
0	1.131
0	1.1317
0	1.1338
0	1.1331
0	1.1296
0	1.12715
0	1.12084
0	1.11944
0	1.12224
0	1.11979
0	1.12364
0	1.12609
0	1.1282
0	1.1268
0	1.1282
0	1.1289
0	1.1282
0	1.1282
0	1.13065
0	1.12995
0	1.12925
0	1.12715
0	1.12855
0	1.12715
0	1.1289
0	1.12925
0	1.12855
0	1.12715
0	1.131
0	1.13135
0	1.13135
0	1.1324
0	1.1338
0	1.1338
0	1.1338
0	1.1331
0	1.13205
0	1.13345
0	1.1338
0	1.13345
0	1.13275
0	1.13275
0	1.1324
0	1.1331
0	1.1331
0	1.13345
0	1.13415
0	1.13135
0	1.13415
0	1.13415
0	1.1345
0	1.13345
0	1.1338
0	1.1345
0	1.13485
0	1.13485
0	1.1345
0	1.13485
0	1.13625
0	1.13625
0	1.14046
0	1.14046
0	1.14291
0	1.14186
0	1.14186
0	1.14361
0	1.14326
0	1.14361
0	1.14361
0	1.14431
0	1.14501
0	1.14291
0	1.14361
0	1.14606
0	1.14501
0	1.14326
0	1.14431
0	1.14361
0	1.14291
0	1.14291
0	1.14711
0	1.14956
0	1.14711
0	1.14501
0	1.14221
0	1.14221
0	1.14361
0	1.14536
0	1.14361
0	1.14431
0	1.14431
0	1.14396
0	1.14326
0	1.14151
0	1.14361
0	1.14536
0	1.14641
0	1.14711
0	1.14851
0	1.14676
0	1.14781
0	1.14676
0	1.14676
0	1.14606
0	1.14571
0	1.14921
0	1.15061
0	1.14641
0	1.14431
0	1.14606
0	1.14606
0	1.14641
0	1.14746
0	1.14746
0	1.15201
0	1.15096
0	1.15096
0	1.15131
0	1.15166
0	1.15236
0	1.15306
0	1.15096
0	1.15061
0	1.15271
0	1.15096
0	1.15096
0	1.14851
0	1.14816
0	1.14746
0	1.14676
0	1.14886
0	1.14991
0	1.14956
0	1.14921
0	1.14886
0	1.14816
0	1.14921
0	1.14851
0	1.14991
0	1.14991
0	1.14921
0	1.15026
0	1.14886
0	1.14921
0	1.14921
0	1.14676
0	1.14606
0	1.14676
0	1.14641
0	1.14536
0	1.14536
0	1.14396
0	1.14291
0	1.14221
0	1.14361
0	1.14501
0	1.14571
0	1.14711
0	1.14641
0	1.14816
0	1.14921
0	1.14956
0	1.14956
0	1.14886
0	1.14886
0	1.14921
0	1.14991
0	1.15131
0	1.15026
0	1.15096
0	1.15236
0	1.15166
0	1.14956
0	1.14886
0	1.14991
0	1.15096
0	1.14921
0	1.14676
0	1.14641
0	1.14256
0	1.14431
0	1.11629
0	1.10403
0	1.10823
0	1.10053
0	1.10053
0	1.09702
0	1.09737
0	1.09142
0	1.09352
0	1.09072
0	1.08616
0	1.07986
0	1.07391
0	1.08126
0	1.07881
0	1.07636
0	1.07601
0	1.07846
0	1.08336
0	1.07636
0	1.07285
0	1.07391
0	1.07566
0	1.07601
0	1.07356
0	1.07461
0	1.07636
0	1.07741
0	1.08091
0	1.08056
0	1.07916
0	1.08021
0	1.08126
0	1.08196
0	1.08336
0	1.08757
0	1.08792
0	1.08862
0	1.09072
0	1.08722
0	1.08546
0	1.08231
0	1.08546
0	1.09142
0	1.09142
0	1.08792
0	1.08476
0	1.08616
0	1.08441
0	1.08371
0	1.08371
0	1.08056
0	1.07741
0	1.07601
0	1.07776
0	1.07881
0	1.08126
0	1.08511
0	1.08336
0	1.08336
0	1.08651
0	1.08897
0	1.08757
0	1.08651
0	1.08827
0	1.08581
0	1.08687
0	1.08581
0	1.08231
0	1.08441
0	1.08371
0	1.08722
0	1.08722
0	1.08651
0	1.08722
0	1.08581
0	1.08196
0	1.08371
0	1.08126
0	1.07916
0	1.07881
0	1.08231
0	1.08476
0	1.08546
0	1.09072
0	1.08827
0	1.08161
0	1.08757
0	1.08862
0	1.08616
0	1.08581
0	1.08757
0	1.08651
0	1.09037
0	1.09317
0	1.09282
0	1.09317
0	1.09212
0	1.09107
0	1.08897
0	1.09107
0	1.08897
0	1.08827
0	1.08862
0	1.08827
0	1.08862
0	1.08897
0	1.08616
0	1.08616
0	1.08651
0	1.08827
0	1.09177
0	1.10158
0	1.09982
0	1.09842
0	1.09772
0	1.10193
0	1.10088
0	1.10088
0	1.09912
0	1.09632
0	1.09527
0	1.09667
0	1.09772
0	1.09632
0	1.09527
0	1.09387
0	1.09212
0	1.09352
0	1.09457
0	1.09667
0	1.09667
0	1.09702
0	1.09702
0	1.09912
0	1.09807
0	1.09702
0	1.10053
0	1.10053
0	1.09947
0	1.09877
0	1.09877
0	1.09982
0	1.09877
0	1.09842
0	1.09807
0	1.09877
0	1.09772
0	1.09807
0	1.09772
0	1.09912
0	1.10193
0	1.10333
0	1.10193
0	1.10088
0	1.09772
0	1.09667
0	1.09737
0	1.10718
0	1.10823
0	1.10718
0	1.10543
0	1.10823
0	1.10858
0	1.10858
0	1.11454
0	1.11664
0	1.11629
0	1.11804
0	1.11769
0	1.11629
0	1.11489
0	1.11419
0	1.11173
0	1.11419
0	1.11313
0	1.11138
0	1.11243
0	1.11454
0	1.11243
0	1.11278
0	1.10963
0	1.10998
0	1.10683
0	1.10893
-1	1.10788
-1	1.10613
-1	1.10928
-1	1.10998
-1	1.11033
-1	1.10508
-1	1.10473
-1	1.10193
-1	1.10368
-1	1.10683
-1	1.10893
-1	1.10858
-1	1.10683
-1	1.10753
-1	1.10648
-1	1.10403
-1	1.10788
-1	1.10823
-1	1.10578
-1	1.10753
-1	1.10648
-1	1.10683
-1	1.10788
-1	1.10788
-1	1.10718
-1	1.10613
-1	1.10683
-1	1.10753
-1	1.10683
-1	1.10788
-1	1.10613
-1	1.10578
-1	1.10333
-1	1.10438
-1	1.10193
-1	1.10088
-1	1.09912
-1	1.10018
-1	1.09912
-1	1.09982
-1	1.10088
-1	1.10053
-1	1.09947
-1	1.09877
-1	1.09877
-1	1.10053
-1	1.10053
-1	1.09562
-1	1.09387
-1	1.09737
-1	1.09527
-1	1.09632
-1	1.09877
-1	1.10438
-1	1.11208
-1	1.10963
-1	1.08897
1	1.09177
1	1.09527
1	1.09667
1	1.09702
1	1.09737
1	1.09667
1	1.09667
1	1.09597
1	1.09527
1	1.09702
1	1.09702
1	1.09877
1	1.09597
1	1.09562
1	1.09527
1	1.09492
1	1.09737
1	1.09982
1	1.10508
1	1.10578
1	1.10823
1	1.10718
1	1.10928
1	1.10333
1	1.10263
1	1.10543
1	1.10858
1	1.11068
1	1.10718
1	1.10858
1	1.11068
1	1.11138
1	1.11138
1	1.11208
1	1.11138
1	1.10753
1	1.10788
1	1.11278
1	1.11173
-1	1.11173
-1	1.11243
-1	1.10963
-1	1.10928
-1	1.10368
-1	1.10718
-1	1.10788
-1	1.10613
-1	1.10858
-1	1.10578
-1	1.10718
-1	1.10613
-1	1.10088
-1	1.10368
-1	1.10298
-1	1.10368
-1	1.10648
-1	1.10403
-1	1.10018
-1	1.09947
-1	1.10018
-1	1.10228
-1	1.10263
-1	1.10403
-1	1.10648
-1	1.10753
-1	1.10683
-1	1.10718
-1	1.10613
-1	1.10823
-1	1.10963
-1	1.11068
-1	1.11068
-1	1.10963
-1	1.10823
-1	1.10963
-1	1.11138
-1	1.11138
-1	1.11103
-1	1.10578
-1	1.10858
-1	1.10998
-1	1.10823
-1	1.10823
-1	1.10858
-1	1.11068
-1	1.10788
-1	1.11033
-1	1.11173
-1	1.11173
-1	1.10963
-1	1.10963
-1	1.10928
-1	1.11103
-1	1.10998
-1	1.10893
-1	1.10963
-1	1.11068
-1	1.10998
-1	1.10893
-1	1.10753
-1	1.10718
-1	1.10893
-1	1.10928
-1	1.10753
-1	1.10753
-1	1.10823
-1	1.10508
-1	1.10403
-1	1.10753
-1	1.10858
-1	1.10893
-1	1.10508
-1	1.10158
-1	1.10053
-1	1.09947
1	1.10123
1	1.10333
1	1.10613
1	1.10613
1	1.10788
1	1.10648
1	1.10683
1	1.10823
1	1.10893
1	1.10963
1	1.10928
1	1.10788
1	1.10858
1	1.10683
1	1.10788
1	1.10683
1	1.10438
1	1.10543
1	1.10893
1	1.10963
1	1.10998
1	1.11173
1	1.11559
1	1.11454
1	1.11699
1	1.11489
1	1.11804
1	1.11734
-1	1.11489
-1	1.11068
-1	1.10823
-1	1.10858
-1	1.10998
-1	1.10858
-1	1.10858
-1	1.11243
-1	1.11313
-1	1.11138
-1	1.11033
-1	1.11033
-1	1.10928
-1	1.10998
-1	1.11033
-1	1.10963
-1	1.11068
-1	1.11103
-1	1.11068
-1	1.10893
-1	1.10823
-1	1.10578
-1	1.10718
-1	1.10508
-1	1.10648
-1	1.10893
-1	1.10928
-1	1.10893
-1	1.10963
-1	1.11208
-1	1.11208
-1	1.11033
-1	1.11173
-1	1.11033
-1	1.10998
-1	1.10998
-1	1.11208
-1	1.11138
-1	1.11033
-1	1.10998
-1	1.11068
-1	1.11138
-1	1.11033
-1	1.11208
-1	1.11349
-1	1.11173
-1	1.10998
-1	1.11103
-1	1.10893
-1	1.10648
-1	1.10648
-1	1.10368
-1	1.10438
-1	1.10543
-1	1.10718
-1	1.10788
-1	1.10718
-1	1.10578
-1	1.10613
-1	1.10683
-1	1.10578
-1	1.10193
-1	1.10298
-1	1.10333
-1	1.10193
-1	1.10473
-1	1.10298
-1	1.10053
-1	1.10228
-1	1.10368
-1	1.10333
-1	1.10228
-1	1.10298
-1	1.10298
-1	1.10368
-1	1.10333
-1	1.10263
-1	1.10263
-1	1.10263
-1	1.10298
-1	1.10228
-1	1.10263
-1	1.10193
-1	1.10123
-1	1.10018
-1	1.10088
-1	1.10088
-1	1.10123
-1	1.10228
-1	1.10263
-1	1.10158
-1	1.10228
-1	1.10263
-1	1.10088
-1	1.10053
-1	1.09877
-1	1.09982
-1	1.10088
-1	1.09982
-1	1.09877
-1	1.09982
-1	1.09982
-1	1.09947
-1	1.09842
-1	1.10158
-1	1.10263
-1	1.10263
-1	1.10228
-1	1.10158
-1	1.10158
-1	1.10193
-1	1.10263
-1	1.10263
-1	1.10158
-1	1.10088
-1	1.10123
-1	1.10228
-1	1.10368
-1	1.10263
-1	1.10123
-1	1.10298
-1	1.10368
-1	1.10263
-1	1.10368
-1	1.10333
-1	1.10473
-1	1.10578
-1	1.10438
-1	1.10438
-1	1.10333
-1	1.10193
-1	1.10298
-1	1.10368
-1	1.10333
-1	1.10228
-1	1.10053
-1	1.10158
-1	1.10158
-1	1.10263
-1	1.10018
-1	1.10123
-1	1.10263
-1	1.10368
-1	1.10368
-1	1.10438
-1	1.10543
-1	1.10543
-1	1.10578
-1	1.10543
-1	1.10543
-1	1.10578
-1	1.10508
-1	1.10578
-1	1.10648
-1	1.10683
-1	1.10683
-1	1.10613
-1	1.10543
-1	1.10613
-1	1.10718
-1	1.10648
-1	1.10578
-1	1.10543
-1	1.10438
-1	1.10368
-1	1.10473
-1	1.10333
-1	1.10298
-1	1.10298
-1	1.10368
-1	1.10368
-1	1.10368
-1	1.10333
-1	1.10298
-1	1.10333
-1	1.10298
-1	1.10298
-1	1.10298
-1	1.10333
-1	1.10263
-1	1.10333
-1	1.10158
-1	1.10193
-1	1.10158
-1	1.09912
-1	1.10088
-1	1.10088
-1	1.09982
-1	1.09912
-1	1.10088
-1	1.10088
-1	1.09912
-1	1.09527
-1	1.09352
-1	1.09597
-1	1.09702
-1	1.09737
-1	1.09457
-1	1.09562
-1	1.09667
-1	1.09842
-1	1.09807
-1	1.10018
-1	1.09877
-1	1.09912
-1	1.09807
-1	1.09702
-1	1.09562
-1	1.09597
-1	1.09597
-1	1.09142
-1	1.09177
-1	1.09352
-1	1.09457
-1	1.09527
-1	1.09632
-1	1.09772
-1	1.09702
-1	1.09702
-1	1.09597
-1	1.09212
-1	1.09387
-1	1.09282
-1	1.09597
-1	1.09737
-1	1.09842
-1	1.09842
-1	1.09877
-1	1.09947
-1	1.09947
-1	1.09667
-1	1.09807
-1	1.09807
-1	1.09492
-1	1.08792
-1	1.08722
-1	1.08511
-1	1.08371
-1	1.08546
-1	1.08511
-1	1.08546
-1	1.08511
-1	1.08441
-1	1.08476
-1	1.08406
-1	1.08371
-1	1.08336
-1	1.08511
-1	1.08511
-1	1.08406
1	1.08406
1	1.08266
1	1.08301
1	1.08196
1	1.08301
1	1.08546
1	1.08546
1	1.08792
1	1.08722
1	1.08897
1	1.09352
1	1.09772
1	1.09737
1	1.09772
-1	1.09772
-1	1.09667
-1	1.09667
-1	1.09632
-1	1.09562
-1	1.09527
-1	1.09457
-1	1.09422
-1	1.09317
-1	1.09387
-1	1.09352
-1	1.09282
-1	1.09422
-1	1.09282
-1	1.09072
-1	1.09352
-1	1.09422
-1	1.09562
-1	1.09422
-1	1.09247
-1	1.09177
-1	1.09317
-1	1.08897
-1	1.08406
-1	1.08476
-1	1.08827
-1	1.08616
-1	1.08757
-1	1.08511
-1	1.08441
-1	1.08301
-1	1.08091
-1	1.08196
-1	1.08126
-1	1.08511
-1	1.08406
-1	1.08301
-1	1.08581
-1	1.08827
-1	1.09177
-1	1.09072
-1	1.09177
-1	1.09352
-1	1.09212
-1	1.06305
-1	1.06095
-1	1.0641
-1	1.05779
1	1.05954
1	1.06655
1	1.0669
1	1.0711
1	1.07215
1	1.07741
1	1.07531
1	1.07636
1	1.08231
1	1.08126
1	1.08196
1	1.08161
1	1.08336
1	1.08406
1	1.08231
1	1.08196
1	1.08266
1	1.08616
1	1.08266
1	1.07986
1	1.08196
1	1.08336
1	1.08441
1	1.08336
1	1.08546
1	1.08511
1	1.08441
1	1.08476
1	1.08476
1	1.08546
1	1.08336
1	1.08371
1	1.08301
1	1.08511
1	1.08476
1	1.08511
1	1.08441
1	1.08476
1	1.08546
1	1.08687
1	1.08827
1	1.08687
1	1.08511
1	1.08511
1	1.08476
1	1.08616
1	1.08687
1	1.08651
1	1.08581
1	1.08687
1	1.08827
1	1.08827
1	1.08616
1	1.08546
1	1.08581
1	1.08511
1	1.08687
1	1.08616
1	1.08722
1	1.08967
1	1.08932
1	1.09072
1	1.09107
1	1.09037
1	1.09212
1	1.09142
1	1.08967
1	1.08897
1	1.09002
1	1.08967
1	1.09142
1	1.09002
1	1.09037
1	1.08932
1	1.08932
1	1.09002
1	1.08862
1	1.08967
1	1.09002
1	1.08827
1	1.08862
1	1.08967
1	1.08967
1	1.08967
1	1.08932
1	1.08932
1	1.09037
1	1.08862
1	1.08932
1	1.08862
1	1.09037
1	1.09072
1	1.09072
1	1.08932
1	1.09072
1	1.09142
1	1.09107
1	1.08967
1	1.08967
1	1.09002
1	1.09107
1	1.08932
1	1.08967
1	1.08932
1	1.08967
1	1.08862
1	1.08792
1	1.08862
1	1.08757
1	1.08897
1	1.09247
1	1.09772
1	1.09772
1	1.09842
1	1.09807
1	1.09772
1	1.09982
1	1.09982
1	1.09737
1	1.09772
1	1.09737
1	1.09737
1	1.10018
1	1.10193
1	1.10158
1	1.10053
1	1.10053
1	1.09982
1	1.10018
1	1.10298
1	1.10403
1	1.10508
-1	1.10508
-1	1.10508
-1	1.10333
-1	1.10473
-1	1.10368
-1	1.10228
-1	1.10228
-1	1.10228
-1	1.09982
-1	1.10193
-1	1.10193
-1	1.10263
-1	1.10263
-1	1.10193
-1	1.10228
-1	1.10298
-1	1.10298
-1	1.10263
-1	1.10298
-1	1.10333
-1	1.10333
-1	1.10438
-1	1.10543
-1	1.10578
-1	1.10683
-1	1.10613
-1	1.10473
-1	1.10683
-1	1.10543
-1	1.10543
-1	1.10263
-1	1.10368
-1	1.09772
-1	1.09737
-1	1.09772
-1	1.09492
-1	1.09282
-1	1.09212
-1	1.09387
-1	1.09352
-1	1.09142
-1	1.09107
-1	1.09177
-1	1.09177
-1	1.09387
-1	1.09422
-1	1.09352
-1	1.09352
-1	1.09352
-1	1.09212
-1	1.09317
-1	1.09387
-1	1.09422
-1	1.09807
-1	1.09947
-1	1.09912
-1	1.09982
-1	1.10018
-1	1.10088
-1	1.09947
-1	1.10158
-1	1.10088
-1	1.10123
-1	1.10158
-1	1.10123
-1	1.10088
-1	1.10228
-1	1.10193
-1	1.10123
-1	1.10193
-1	1.10053
-1	1.09947
-1	1.09772
-1	1.09772
-1	1.09527
-1	1.09457
-1	1.09562
-1	1.09282
-1	1.09352
-1	1.09457
-1	1.09527
-1	1.09632
-1	1.09597
-1	1.09457
-1	1.09632
-1	1.10368
-1	1.10053
-1	1.09982
-1	1.09912
-1	1.09982
-1	1.10053
-1	1.10088
-1	1.10018
-1	1.09912
-1	1.09772
-1	1.09842
-1	1.09807
-1	1.09772
-1	1.09912
-1	1.09947
-1	1.09912
-1	1.09807
-1	1.09807
-1	1.09317
-1	1.09457
-1	1.09422
-1	1.09527
-1	1.09527
-1	1.09422
-1	1.09527
-1	1.09352
-1	1.09177
-1	1.09212
-1	1.09177
-1	1.09072
-1	1.09072
-1	1.09142
-1	1.09177
-1	1.09212
-1	1.09317
-1	1.09282
-1	1.09352
-1	1.09352
-1	1.09247
-1	1.09352
-1	1.09352
-1	1.09282
-1	1.09422
-1	1.09387
-1	1.09352
-1	1.09317
-1	1.09422
-1	1.09527
-1	1.09597
-1	1.09667
-1	1.09632
-1	1.09632
-1	1.09632
-1	1.09737
-1	1.09562
-1	1.09562
-1	1.09632
-1	1.09527
-1	1.09562
-1	1.09562
-1	1.09667
-1	1.09492
-1	1.09387
-1	1.09492
-1	1.09562
-1	1.09492
-1	1.09527
-1	1.09527
-1	1.09562
-1	1.09562
-1	1.09352
-1	1.09457
-1	1.09457
-1	1.09352
-1	1.09352
-1	1.09352
-1	1.09352
-1	1.09422
-1	1.09422
-1	1.09492
-1	1.09422
-1	1.09317
-1	1.09387
-1	1.09282
-1	1.09352
-1	1.09422
-1	1.09527
-1	1.09527
-1	1.09387
-1	1.09387
-1	1.09282
-1	1.09282
-1	1.09212
-1	1.09177
-1	1.09142
-1	1.09177
-1	1.09142
-1	1.09212
-1	1.09212
-1	1.09177
-1	1.09247
-1	1.09212
-1	1.09072
-1	1.09072
-1	1.09107
-1	1.09142
-1	1.09177
-1	1.09072
-1	1.09072
-1	1.08932
-1	1.09037
-1	1.09072
-1	1.08967
-1	1.08757
-1	1.08687
-1	1.08687
-1	1.08827
-1	1.08687
-1	1.08651
-1	1.08722
-1	1.08651
-1	1.08722
-1	1.08722
-1	1.08687
-1	1.08757
-1	1.08827
-1	1.08862
-1	1.08722
-1	1.08757
-1	1.08687
-1	1.08757
-1	1.08792
-1	1.08792
-1	1.08792
-1	1.08722
-1	1.08687
-1	1.08616
-1	1.08792
-1	1.08792
-1	1.08827
-1	1.08967
-1	1.08932
-1	1.08827
-1	1.08897
-1	1.08897
-1	1.09002
-1	1.08932
-1	1.09037
-1	1.08897
-1	1.08792
-1	1.08757
-1	1.08967
-1	1.08932
-1	1.09002
-1	1.09002
-1	1.08932
-1	1.08967
-1	1.09002
-1	1.08932
-1	1.08932
-1	1.08897
-1	1.08862
-1	1.08827
-1	1.08827
-1	1.08827
-1	1.08827
-1	1.08862
-1	1.08897
-1	1.08862
-1	1.08827
-1	1.08792
-1	1.08792
-1	1.08792
-1	1.09037
-1	1.08897
-1	1.08862
-1	1.08792
-1	1.08687
-1	1.08687
-1	1.08651
-1	1.08687
-1	1.08757
-1	1.08827
-1	1.08862
-1	1.08827
-1	1.08897
-1	1.08862
-1	1.08827
-1	1.08862
-1	1.08862
-1	1.09002
-1	1.09002
-1	1.09177
-1	1.09177
-1	1.09177
-1	1.09212
-1	1.09177
-1	1.09142
-1	1.09142
-1	1.09212
-1	1.09282
-1	1.09282
-1	1.09352
-1	1.09387
-1	1.09387
-1	1.09247
-1	1.09317
-1	1.09282
-1	1.09317
-1	1.09352
-1	1.09282
-1	1.09352
-1	1.09352
-1	1.09352
-1	1.09212
-1	1.09282
-1	1.09352
-1	1.09352
-1	1.09212
-1	1.09282
-1	1.09282
-1	1.09317
-1	1.09352
-1	1.09317
-1	1.09352
-1	1.09212
-1	1.09177
-1	1.09247
-1	1.09177
-1	1.09142
-1	1.09142
-1	1.09177
-1	1.09142
-1	1.09142
-1	1.09177
-1	1.09177
-1	1.09282
-1	1.09317
-1	1.09317
-1	1.09317
-1	1.09317
-1	1.09387
-1	1.09352
-1	1.09387
-1	1.09352
-1	1.09352
-1	1.09492
-1	1.09457
-1	1.09457
-1	1.09387
-1	1.09317
-1	1.09212
-1	1.09142
-1	1.09002
-1	1.08897
-1	1.08897
-1	1.08862
-1	1.08862
-1	1.08827
-1	1.08862
-1	1.08932
-1	1.08862
-1	1.08792
-1	1.08792
-1	1.08932
-1	1.08827
-1	1.08827
-1	1.08862
-1	1.08687
-1	1.08792
-1	1.08792
-1	1.08827
-1	1.08862
-1	1.08722
-1	1.08757
-1	1.08827
-1	1.08932
-1	1.08967
-1	1.08967
-1	1.09037
-1	1.09002
-1	1.09072
-1	1.09072
-1	1.09072
-1	1.09142
-1	1.09072
-1	1.09002
-1	1.08967
-1	1.09072
-1	1.09107
-1	1.09002
-1	1.08967
-1	1.09002
-1	1.09037
-1	1.09002
-1	1.09002
-1	1.09072
-1	1.08967
-1	1.08932
-1	1.08722
-1	1.08651
-1	1.08616
-1	1.08546
-1	1.08546
-1	1.08616
-1	1.08511
-1	1.08546
-1	1.08581
-1	1.08511
-1	1.08476
-1	1.08581
-1	1.08616
-1	1.08616
-1	1.08546
-1	1.08546
-1	1.08581
-1	1.08651
-1	1.08616
-1	1.08616
-1	1.08651
-1	1.08651
-1	1.08687
-1	1.08722
-1	1.08757
-1	1.08862
-1	1.08897
-1	1.08897
-1	1.08792
-1	1.08687
-1	1.08827
-1	1.08827
-1	1.08862
-1	1.08651
1	1.08651
1	1.08722
1	1.08757
1	1.08722
1	1.08792
1	1.08722
1	1.08722
1	1.08827
1	1.08827
1	1.08757
1	1.08757
1	1.08687
1	1.08722
1	1.08827
1	1.08897
1	1.08897
1	1.08897
1	1.09072
1	1.09177
1	1.09282
1	1.09177
1	1.09247
1	1.09247
1	1.09212
1	1.09247
1	1.09317
1	1.09317
1	1.09387
1	1.09352
1	1.09457
1	1.09632
1	1.09772
1	1.09702
1	1.09667
1	1.09632
0	1.09632
0	1.09527
0	1.09562
0	1.09597
0	1.09457
0	1.09457
0	1.09422
0	1.09387
0	1.09282
0	1.09317
0	1.09457
0	1.09387
0	1.09422
0	1.09457
0	1.09422
0	1.09457
0	1.09492
0	1.09597
0	1.09597
0	1.09492
0	1.09597
0	1.09632
0	1.09492
0	1.09527
0	1.09527
0	1.09632
0	1.09527
0	1.09562
0	1.09527
0	1.09527
0	1.09527
0	1.09632
0	1.09597
0	1.09492
0	1.09597
0	1.09632
0	1.09632
0	1.09667
0	1.09597
0	1.09597
0	1.09562
0	1.09632
0	1.09597
0	1.09667
0	1.09597
0	1.09632
0	1.09632
0	1.09597
0	1.09597
0	1.09527
0	1.09527
0	1.09457
0	1.09422
0	1.09387
0	1.09387
0	1.09422
0	1.09352
0	1.09317
0	1.09212
0	1.09212
0	1.09212
0	1.09317
0	1.09212
0	1.09352
0	1.09352
0	1.09387
0	1.09352
0	1.09282
0	1.09282
0	1.09457
0	1.10053
0	1.10158
0	1.10228
0	1.10018
0	1.10018
0	1.09982
0	1.09982
0	1.09947
0	1.10018
0	1.10018
0	1.09877
0	1.09912
0	1.09947
0	1.09877
0	1.09842
0	1.09737
0	1.09632
0	1.09667
0	1.09772
0	1.09772
0	1.09772
0	1.10123
0	1.10158
0	1.10333
0	1.10508
0	1.11103
0	1.11208
0	1.11419
0	1.11559
0	1.11454
0	1.11313
0	1.11419
0	1.11664
0	1.11664
0	1.11804
0	1.12189
0	1.1282
0	1.13205
0	1.1317
0	1.1268
0	1.12574
0	1.12609
0	1.13975
0	1.14081
0	1.14676
0	1.14536
0	1.14571
0	1.14256
0	1.14641
0	1.14606
0	1.14466
0	1.14291
0	1.14431
0	1.14746
0	1.15447
0	1.15271
0	1.16427
0	1.16217
0	1.16287
0	1.16287
0	1.16112
0	1.15797
0	1.16007
0	1.15306
0	1.15517
0	1.15482
0	1.15377
0	1.15447
0	1.15552
0	1.15552
0	1.15692
0	1.15657
0	1.15692
0	1.15587
0	1.15517
0	1.15342
0	1.15377
0	1.15447
0	1.15026
0	1.15271
0	1.15271
0	1.15271
0	1.15447
0	1.15482
0	1.15762
0	1.15797
0	1.15972
0	1.15412
0	1.15517
0	1.15412
0	1.15412
0	1.15271
0	1.15236
0	1.15236
0	1.15061
0	1.14781
0	1.14081
0	1.1394
0	1.14186
0	1.14186
0	1.14431
0	1.14361
0	1.14186
0	1.14186
0	1.14186
0	1.14151
0	1.14396
0	1.1394
0	1.13835
0	1.1387
0	1.13765
0	1.1366
0	1.1387
0	1.13835
0	1.13765
0	1.1366
0	1.13695
0	1.1366
0	1.1373
0	1.13695
0	1.1359
0	1.13415
0	1.13135
0	1.12995
0	1.1289
0	1.13135
0	1.1324
0	1.1317
0	1.12925
0	1.1275
0	1.12715
0	1.12259
0	1.12329
0	1.11944
0	1.11594
0	1.11313
0	1.11208
0	1.11068
0	1.11173
0	1.11103
0	1.11138
0	1.11243
0	1.11489
0	1.11594
0	1.11699
0	1.11699
0	1.11629
0	1.11489
0	1.11559
0	1.11419
0	1.11384
0	1.11594
0	1.11664
0	1.11769
0	1.11909
0	1.11839
0	1.11769
0	1.11734
0	1.11629
0	1.11699
0	1.11489
0	1.11489
0	1.11559
0	1.11489
0	1.11629
0	1.11629
0	1.11699
0	1.11699
0	1.11734
0	1.11664
0	1.11454
0	1.11349
0	1.11419
0	1.11454
0	1.11419
0	1.12224
0	1.11909
0	1.12259
0	1.12294
0	1.12049
0	1.11839
0	1.12154
0	1.12469
0	1.12399
0	1.12294
0	1.11629
0	1.11769
0	1.11874
0	1.11874
0	1.11944
0	1.11944
0	1.11769
0	1.11769
0	1.12014
0	1.12084
0	1.12119
0	1.12084
0	1.12154
0	1.11909
0	1.11769
0	1.11664
0	1.11489
0	1.11419
0	1.11594
0	1.11664
0	1.11839
0	1.11839
0	1.11769
0	1.11839
0	1.11909
0	1.11979
0	1.12119
0	1.12049
0	1.11979
0	1.12014
0	1.12049
0	1.11874
0	1.12119
0	1.12189
0	1.12049
0	1.12049
0	1.12154
0	1.11944
0	1.12119
0	1.11944
0	1.11769
0	1.11699
0	1.11769
0	1.11874
0	1.11734
0	1.11804
0	1.11979
0	1.11979
0	1.12049
0	1.12084
0	1.12119
0	1.11979
0	1.12049
0	1.12014
0	1.11874
0	1.11909
0	1.11769
0	1.11629
0	1.11594
0	1.11594
0	1.11629
0	1.11594
0	1.11454
0	1.11349
0	1.11489
0	1.11629
0	1.11699
0	1.11839
0	1.11909
0	1.11979
0	1.12259
0	1.1268
0	1.13135
0	1.13135
0	1.1289
0	1.12925
0	1.12785
0	1.13065
0	1.1324
0	1.13485
0	1.1345
0	1.13695
0	1.1352
0	1.1338
0	1.1352
0	1.1345
0	1.1352
0	1.13765
0	1.13275
0	1.13205
0	1.12785
0	1.1289
0	1.13065
0	1.13135
0	1.13205
0	1.13415
0	1.13275
0	1.1338
0	1.1324
0	1.1331
0	1.1317
0	1.1324
0	1.13205
0	1.1331
0	1.13625
0	1.13555
0	1.13555
0	1.13555
0	1.1366
0	1.1352
0	1.13485
0	1.1352
0	1.13555
0	1.1345
0	1.13555
0	1.1366
0	1.13415
0	1.1345
0	1.1345
0	1.1338
0	1.13485
0	1.13555
0	1.1366
0	1.13695
0	1.1373
0	1.1373
0	1.1366
0	1.1359
0	1.1352
0	1.1352
0	1.1366
0	1.1373
0	1.1359
0	1.1366
0	1.14991
0	1.15166
0	1.15867
0	1.15727
0	1.16147
0	1.15832
0	1.15867
0	1.16182
0	1.15972
0	1.15236
0	1.15236
0	1.15622
0	1.15867
0	1.16077
0	1.16392
0	1.16602
0	1.16918
0	1.17093
0	1.17023
0	1.17023
0	1.17023
0	1.17233
0	1.17198
0	1.17443
0	1.17058
0	1.17023
0	1.16743
0	1.17128
0	1.17338
0	1.16953
0	1.16673
0	1.16392
0	1.16532
0	1.16637
0	1.16392
0	1.16497
0	1.16637
0	1.16497
0	1.16497
0	1.16602
0	1.16497
0	1.16392
0	1.16462
0	1.16462
0	1.16637
0	1.16743
0	1.16918
0	1.16988
0	1.17023
0	1.16182
0	1.16497
0	1.16497
0	1.16532
0	1.15762
0	1.15762
0	1.15201
0	1.15271
0	1.15306
0	1.14641
0	1.14361
0	1.14361
0	1.14116
0	1.14046
0	1.13765
0	1.13485
0	1.138
0	1.14256
0	1.14676
0	1.14536
0	1.14641
0	1.14991
0	1.15096
0	1.14781
0	1.14606
0	1.14571
0	1.14921
0	1.15166
0	1.15236
0	1.15166
0	1.15412
0	1.15517
0	1.15271
0	1.15166
0	1.15061
0	1.15061
0	1.15131
0	1.15166
0	1.15271
0	1.15412
0	1.15412
0	1.15377
0	1.15306
0	1.15026
0	1.15201
0	1.14921
0	1.15306
0	1.14956
0	1.14956
0	1.14781
0	1.14501
0	1.14851
0	1.14851
0	1.14991
0	1.14991
0	1.15061
0	1.15131
0	1.15201
0	1.15201
0	1.15131
0	1.15166
0	1.15061
0	1.14956
0	1.15026
0	1.15201
0	1.15447
0	1.15552
0	1.15552
0	1.15412
0	1.15131
0	1.15131
0	1.15201
0	1.15306
0	1.15342
0	1.15306
0	1.15622
0	1.15797
0	1.15832
0	1.15902
0	1.16042
0	1.15937
0	1.16252
0	1.16252
0	1.16567
0	1.16953
0	1.17093
0	1.16848
0	1.16532
0	1.16883
0	1.16848
0	1.16637
0	1.16673
0	1.16813
0	1.16813
0	1.16532
0	1.16532
0	1.16637
0	1.16988
0	1.16567
0	1.16392
0	1.16217
0	1.16497
0	1.16883
0	1.17268
0	1.17128
0	1.17233
0	1.17338
0	1.17338
0	1.17058
0	1.16708
0	1.16497
0	1.16708
0	1.16778
0	1.16637
0	1.16637
0	1.16357
0	1.16392
0	1.16287
0	1.16357
0	1.16532
0	1.16462
0	1.16357
0	1.16217
0	1.16147
0	1.16462
0	1.16532
0	1.16602
0	1.16567
0	1.16287
0	1.16252
0	1.16497
0	1.16497
0	1.16357
0	1.16673
0	1.16813
0	1.16918
0	1.16918
0	1.17163
0	1.16988
0	1.16708
0	1.16637
0	1.16673
0	1.16778
0	1.16743
0	1.16427
0	1.15937
0	1.16007
0	1.16147
0	1.16357
0	1.16392
0	1.16357
0	1.16497
0	1.16427
0	1.16462
0	1.16252
0	1.16252
0	1.16322
0	1.16287
0	1.16357
0	1.16497
0	1.16673
0	1.16743
0	1.16673
0	1.16813
0	1.16813
0	1.16743
0	1.16743
0	1.16708
0	1.16637
0	1.16708
0	1.16918
0	1.16883
0	1.16883
0	1.16848
0	1.16743
0	1.16883
0	1.17093
0	1.16883
0	1.16918
0	1.16883
0	1.16602
0	1.16708
0	1.16708
0	1.16918
0	1.17128
0	1.17373
0	1.17058
0	1.17023
0	1.17163
0	1.17653
0	1.18389
0	1.18634
0	1.18914
0	1.1993
0	1.20175
0	1.2
0	1.19755
0	1.19965
0	1.2021
0	1.21296
0	1.21366
0	1.21086
0	1.20841
0	1.20701
0	1.21121
0	1.20946
0	1.21261
0	1.21541
0	1.21191
0	1.21471
0	1.22417
0	1.21891
0	1.22102
0	1.21926
0	1.22032
0	1.21856
0	1.22452
0	1.22242
0	1.22137
0	1.21926
0	1.21751
0	1.22067
0	1.22277
0	1.22277
0	1.22032
0	1.21961
0	1.22242
0	1.22347
0	1.22277
0	1.22487
0	1.22452
0	1.22487
0	1.22487
0	1.22452
0	1.22067
0	1.21821
0	1.21786
0	1.21856
0	1.21226
0	1.20525
0	1.20245
0	1.20736
0	1.21086
0	1.21191
0	1.20876
0	1.21261
0	1.22207
0	1.22522
0	1.22382
0	1.22172
0	1.22067
0	1.22032
0	1.22137
0	1.21996
0	1.21506
0	1.21646
0	1.21576
0	1.21471
0	1.21226
0	1.21296
0	1.21751
0	1.21751
0	1.22032
0	1.21821
0	1.21366
0	1.21821
0	1.21366
0	1.20876
0	1.20736
0	1.2056
0	1.20806
0	1.20981
0	1.20911
0	1.20771
0	1.20315
0	1.20105
0	1.20035
0	1.1993
0	1.19615
0	1.1986
0	1.2007
0	1.1993
0	1.19475
0	1.19264
0	1.1979
0	1.19895
0	1.1986
0	1.1986
0	1.2
0	1.1965
0	1.1944
0	1.19755
0	1.19825
0	1.1986
0	1.1951
0	1.18809
0	1.19054
0	1.19264
0	1.18879
0	1.18389
0	1.18704
0	1.18879
0	1.18844
0	1.18949
0	1.19054
0	1.19089
0	1.19124
0	1.19194
0	1.19194
0	1.19299
0	1.1951
0	1.19615
0	1.19615
0	1.1979
0	1.2
0	1.1972
0	1.1972
0	1.19895
0	1.19685
0	1.19685
0	1.19545
0	1.19475
0	1.19124
0	1.19124
0	1.18949
0	1.19124
0	1.19299
0	1.1937
0	1.19335
0	1.19264
0	1.19124
0	1.18949
0	1.19089
0	1.19229
0	1.19019
0	1.19019
0	1.18809
0	1.18319
0	1.18319
0	1.18844
0	1.18984
0	1.18949
0	1.18984
0	1.19299
0	1.19194
0	1.19124
0	1.19054
0	1.19264
0	1.19054
0	1.18984
0	1.19124
0	1.19335
0	1.19405
0	1.19825
0	1.20665
0	1.20455
0	1.2056
0	1.20701
0	1.21086
0	1.20876
0	1.21086
0	1.20911
0	1.20981
0	1.20665
0	1.2063
0	1.20595
0	1.20385
0	1.2021
0	1.2028
0	1.20105
0	1.20245
0	1.2049
0	1.2056
0	1.20385
0	1.20595
0	1.20455
0	1.2035
0	1.2042
0	1.20455
0	1.21296
0	1.21191
0	1.20911
0	1.20806
0	1.2049
0	1.2056
0	1.2063
0	1.20701
0	1.20806
0	1.20701
0	1.20455
0	1.1993
0	1.2028
0	1.2021
0	1.20035
0	1.20105
0	1.20035
0	1.2
0	1.2014
0	1.1993
0	1.2
0	1.2007
0	1.20035
0	1.19895
0	1.19615
0	1.19335
0	1.19335
0	1.1986
0	1.1979
0	1.19615
0	1.1951
0	1.19475
0	1.19615
0	1.1958
0	1.1972
0	1.1993
0	1.2
0	1.2007
0	1.19895
0	1.19825
0	1.1972
0	1.1993
0	1.19895
0	1.1979
0	1.19825
0	1.20105
0	1.20035
0	1.20105
0	1.20315
0	1.20175
0	1.20105
0	1.20175
0	1.2028
0	1.2014
0	1.2028
0	1.20315
0	1.1986
0	1.19755
0	1.19755
0	1.19825
0	1.1979
0	1.1965
0	1.1958
0	1.19825
0	1.19545
0	1.1958
0	1.19405
0	1.19194
0	1.19299
0	1.19194
0	1.19299
0	1.1937
0	1.19335
0	1.1958
0	1.19405
0	1.18844
0	1.18424
0	1.17723
0	1.17863
0	1.18214
0	1.18144
0	1.17968
0	1.16112
0	1.14641
0	1.14396
0	1.14781
0	1.15096
0	1.15026
0	1.15096
0	1.15026
0	1.14991
0	1.14886
0	1.14606
0	1.14746
0	1.14711
0	1.14291
0	1.14501
0	1.14501
0	1.14221
0	1.14221
0	1.14256
0	1.14291
0	1.14291
0	1.14536
0	1.14466
0	1.14676
0	1.15306
0	1.15166
0	1.15447
0	1.15166
0	1.15096
0	1.15166
0	1.14746
0	1.14431
0	1.14746
0	1.14711
0	1.14711
0	1.14746
0	1.14536
0	1.14221
0	1.13975
0	1.14326
0	1.14501
0	1.14186
0	1.13905
0	1.14081
0	1.14046
0	1.14046
0	1.13975
0	1.13905
0	1.13975
0	1.1373
0	1.1387
0	1.14011
0	1.13695
0	1.13065
0	1.131
0	1.1373
0	1.13765
0	1.1345
0	1.13695
0	1.1373
0	1.1317
0	1.12469
0	1.12785
0	1.12925
0	1.1303
0	1.1359
0	1.13835
0	1.138
0	1.13625
0	1.1373
0	1.13975
0	1.138
0	1.1352
0	1.1352
0	1.1331
0	1.131
0	1.1317
0	1.1345
0	1.1345
0	1.1352
0	1.1366
0	1.13835
0	1.1394
0	1.138
0	1.1394
0	1.138
0	1.1366
0	1.13835
0	1.14081
0	1.14256
0	1.14151
0	1.14116
0	1.1387
0	1.13835
0	1.1387
0	1.1373
0	1.14081
0	1.14116
0	1.1394
0	1.13905
0	1.14046
0	1.14221
0	1.14291
0	1.14186
0	1.14116
0	1.1394
0	1.1394
0	1.1394
0	1.1373
0	1.13695
0	1.13625
0	1.13275
0	1.13625
0	1.1387
0	1.14081
0	1.14361
0	1.14361
0	1.14151
0	1.14081
0	1.14221
0	1.14256
0	1.14151
0	1.14046
0	1.13975
0	1.13905
0	1.13835
0	1.13485
0	1.13135
0	1.12434
0	1.1268
0	1.1275
0	1.11524
0	1.11524
0	1.11979
0	1.11699
0	1.11349
0	1.11524
0	1.10823
0	1.10823
0	1.11103
0	1.10823
0	1.10613
0	1.11138
0	1.11033
0	1.10893
0	1.11278
0	1.11454
0	1.11313
0	1.11313
0	1.11313
0	1.11313
0	1.11419
0	1.11769
0	1.11629
0	1.11313
0	1.11138
0	1.11349
0	1.11103
0	1.11208
0	1.11419
0	1.11699
0	1.11313
0	1.11699
0	1.11804
0	1.11594
0	1.11524
0	1.11454
0	1.11524
0	1.11594
0	1.11454
0	1.11489
0	1.11734
0	1.11874
0	1.11944
0	1.11874
0	1.11944
0	1.12049
0	1.12084
0	1.11734
0	1.11629
0	1.11664
0	1.11594
0	1.11489
0	1.11243
0	1.11278
0	1.11489
0	1.11033
0	1.10788
0	1.11138
0	1.10893
0	1.11629
0	1.15482
0	1.15377
0	1.15727
0	1.15131
0	1.14921
0	1.14711
0	1.14746
0	1.14956
0	1.15201
0	1.15447
0	1.15622
0	1.15587
0	1.15517
0	1.14851
0	1.14606
0	1.14186
0	1.14466
0	1.14396
0	1.14676
0	1.14606
0	1.14746
0	1.14781
0	1.14851
0	1.15131
0	1.14326
0	1.14606
0	1.14676
0	1.14431
0	1.14606
0	1.14641
0	1.14711
0	1.14746
0	1.14746
0	1.14396
0	1.14116
0	1.14326
0	1.14396
0	1.14326
0	1.1366
0	1.13905
0	1.13835
0	1.14081
0	1.14396
0	1.13975
0	1.13975
0	1.12434
0	1.11839
0	1.11909
0	1.11419
0	1.11524
0	1.11909
0	1.11734
0	1.11699
0	1.12049
0	1.12364
0	1.12294
0	1.11944
0	1.12294
0	1.12119
0	1.11944
0	1.12294
0	1.1268
0	1.1282
0	1.12644
0	1.12504
0	1.1296
0	1.12715
0	1.12399
0	1.12434
0	1.12154
0	1.12294
0	1.12504
0	1.12434
0	1.12504
0	1.12329
0	1.12259
0	1.12434
0	1.12504
0	1.12785
0	1.12855
0	1.1303
0	1.131
0	1.1324
0	1.1331
0	1.1331
0	1.13205
0	1.1331
0	1.13345
0	1.1338
0	1.1324
0	1.1303
0	1.1317
0	1.13135
0	1.13065
0	1.13135
0	1.12995
0	1.1289
0	1.12995
0	1.1303
0	1.13135
0	1.12995
0	1.13135
0	1.13205
0	1.1331
0	1.1331
0	1.13415
0	1.13345
0	1.1352
0	1.1373
0	1.14151
0	1.1394
0	1.14011
0	1.14151
0	1.14466
0	1.14641
0	1.14711
0	1.14921
0	1.14991
0	1.14746
0	1.14536
0	1.14676
0	1.14851
0	1.15166
0	1.15412
0	1.15447
0	1.15166
0	1.15271
0	1.14886
0	1.14851
0	1.15482
0	1.15412
0	1.15587
0	1.15587
0	1.15762
0	1.15797
0	1.15867
0	1.15797
0	1.15797
0	1.15762
0	1.15657
0	1.15727
0	1.15867
0	1.15727
0	1.15482
0	1.15482
0	1.15762
0	1.15797
0	1.15832
0	1.15797
0	1.15832
0	1.15972
0	1.16007
0	1.16217
0	1.16637
0	1.16497
0	1.16252
0	1.16357
0	1.16322
0	1.16287
0	1.16462
0	1.16357
0	1.16112
0	1.16147
0	1.15622
0	1.15832
0	1.16287
0	1.16077
0	1.15482
0	1.15517
0	1.15412
0	1.15412
0	1.15517
0	1.15587
0	1.15762
0	1.15937
0	1.15797
0	1.15727
0	1.15587
0	1.15797
0	1.15832
0	1.16042
0	1.15902
0	1.15832
0	1.15657
0	1.15762
0	1.15832
0	1.15867
0	1.15797
0	1.15727
0	1.15587
0	1.15447
0	1.15727
0	1.15832
0	1.15972
0	1.15762
0	1.15972
0	1.16077
0	1.16182
0	1.16077
0	1.15902
0	1.16042
0	1.16182
0	1.15972
0	1.15762
0	1.15622
0	1.15797
0	1.15832
0	1.15797
0	1.15972
0	1.16007
0	1.15937
0	1.15867
0	1.15832
0	1.15762
0	1.16007
0	1.16147
0	1.16147
0	1.16217
0	1.15972
0	1.15832
0	1.15727
0	1.15517
0	1.14921
0	1.15026
0	1.15096
0	1.15061
0	1.15552
0	1.15762
0	1.15517
0	1.15622
0	1.15552
0	1.15482
0	1.15342
0	1.15166
0	1.15236
0	1.15166
0	1.15026
0	1.14886
0	1.14781
0	1.15096
0	1.15026
0	1.14991
0	1.15201
0	1.15096
0	1.15096
0	1.15201
0	1.15271
0	1.15236
0	1.15482
0	1.15236
0	1.15482
0	1.15692
0	1.15762
0	1.15727
0	1.15727
0	1.15797
0	1.15832
0	1.15832
0	1.15412
0	1.15517
0	1.16427
0	1.16673
0	1.16392
0	1.16357
0	1.16287
0	1.16357
0	1.16252
0	1.16322
0	1.16287
0	1.16287
0	1.16077
0	1.16252
0	1.16287
0	1.16077
0	1.16077
0	1.16077
0	1.16042
0	1.16217
0	1.16497
0	1.16217
0	1.16182
0	1.16357
0	1.15937
0	1.15727
0	1.15342
0	1.15166
0	1.15306
0	1.15201
0	1.15377
0	1.15552
0	1.15271
0	1.15166
0	1.14991
0	1.15166
0	1.15412
0	1.15482
0	1.15517
0	1.15622
0	1.15727
0	1.15622
0	1.15622
0	1.15657
0	1.15517
0	1.15727
0	1.16042
0	1.16007
0	1.16182
0	1.16322
0	1.16392
0	1.16322
0	1.16112
0	1.16602
0	1.16532
0	1.16602
0	1.16637
0	1.16042
0	1.16182
0	1.16077
0	1.15552
0	1.15552
0	1.15482
0	1.15692
0	1.15517
0	1.15552
0	1.15096
0	1.15412
0	1.15587
0	1.15867
0	1.15972
0	1.16007
0	1.16007
0	1.15867
0	1.16182
0	1.16182
0	1.16217
0	1.16217
0	1.16287
0	1.16322
0	1.16357
0	1.16287
0	1.16252
0	1.16147
0	1.16077
0	1.16042
0	1.16042
0	1.16182
0	1.16322
0	1.16182
0	1.16077
0	1.16147
0	1.16182
0	1.16007
0	1.16007
0	1.16042
0	1.16007
0	1.16007
0	1.16007
0	1.16112
0	1.16392
0	1.16287
0	1.16147
0	1.16112
0	1.16147
0	1.16217
0	1.16112
0	1.15867
0	1.16042
0	1.15972
0	1.15832
0	1.16077
0	1.16182
0	1.16077
0	1.15832
0	1.15657
0	1.15552
0	1.15657
0	1.15797
0	1.15762
0	1.15832
0	1.15692
0	1.15482
0	1.15447
0	1.15342
0	1.15166
0	1.15306
0	1.15482
0	1.15482
0	1.15552
0	1.15482
0	1.15517
0	1.15587
0	1.15552
0	1.15412
0	1.15482
0	1.15692
0	1.15867
0	1.15867
0	1.15832
0	1.15762
0	1.15762
0	1.15867
0	1.15832
0	1.15902
0	1.15902
0	1.15867
0	1.15797
0	1.15762
0	1.15727
0	1.15587
0	1.15342
0	1.15377
0	1.15342
0	1.15692
0	1.15902
0	1.16147
0	1.16252
0	1.16427
0	1.16322
0	1.16182
0	1.16252
0	1.16252
0	1.16182
0	1.16182
0	1.16602
0	1.16637
0	1.16637
0	1.16637
0	1.16532
0	1.16637
0	1.16392
0	1.16392
0	1.16357
0	1.16602
0	1.17198
0	1.17303
0	1.17338
0	1.17583
0	1.18109
0	1.18109
0	1.17898
0	1.18144
0	1.17758
0	1.17933
0	1.18144
0	1.18074
0	1.18109
0	1.18914
0	1.18529
0	1.18529
0	1.18354
0	1.18879
0	1.18634
0	1.18424
0	1.18389
0	1.18494
0	1.18319
0	1.18179
0	1.18459
0	1.18529
0	1.18669
0	1.18599
0	1.18564
0	1.18494
0	1.18564
0	1.18494
0	1.18634
0	1.18669
0	1.18599
0	1.18424
0	1.18634
0	1.18599
0	1.18564
0	1.18634
0	1.18634
0	1.18249
0	1.18074
0	1.18109
0	1.18039
0	1.17933
0	1.17793
0	1.17828
0	1.18144
0	1.18704
0	1.18459
0	1.18739
0	1.18564
0	1.18599
0	1.18774
0	1.18739
0	1.18354
0	1.18564
0	1.18774
0	1.18669
0	1.18564
0	1.18564
0	1.18529
0	1.18424
0	1.18739
0	1.2028
0	1.20665
0	1.20701
0	1.20595
0	1.20315
0	1.1965
0	1.20175
0	1.1972
0	1.1958
0	1.19335
0	1.19545
0	1.1979
0	1.1972
0	1.1986
0	1.1986
0	1.1993
0	1.19825
0	1.19755
0	1.2
0	1.19895
0	1.19685
0	1.1972
0	1.19335
0	1.19475
0	1.19545
0	1.19405
0	1.1951
0	1.19124
0	1.17688
0	1.15902
0	1.14956
0	1.14886
0	1.14326
0	1.15517
0	1.16007
0	1.15482
0	1.15517
0	1.15096
0	1.15902
0	1.15902
0	1.15692
0	1.15517
0	1.15552
0	1.15762
0	1.15622
0	1.15727
0	1.15797
0	1.16182
0	1.17723
0	1.16953
0	1.17233
0	1.17023
0	1.16497
0	1.16427
0	1.16147
0	1.16743
0	1.16357
0	1.16567
0	1.16637
0	1.16357
0	1.16392
0	1.16357
0	1.16287
0	1.16427
0	1.16497
0	1.16743
0	1.16918
0	1.16778
0	1.16953
0	1.16953
0	1.17093
0	1.16743
0	1.16497
0	1.16462
0	1.16077
0	1.15902
0	1.15972
0	1.15972
0	1.15902
0	1.15622
0	1.16007
0	1.16007
0	1.15797
0	1.15797
0	1.15762
0	1.15902
0	1.15762
0	1.15797
0	1.15657
0	1.15762
0	1.15692
0	1.15937
0	1.15762
0	1.15692
0	1.15657
0	1.15762
0	1.15727
0	1.15306
0	1.15482
0	1.15447
0	1.15271
0	1.15201
0	1.15306
0	1.15517
0	1.15482
0	1.15797
0	1.15727
0	1.15902
0	1.16392
0	1.15762
0	1.16217
0	1.16007
0	1.16287
0	1.16287
0	1.16357
0	1.16357
0	1.16743
0	1.16953
0	1.16883
0	1.16988
0	1.17338
0	1.17688
0	1.17408
0	1.16953
0	1.17268
0	1.17548
0	1.17338
0	1.17023
0	1.17128
0	1.17373
0	1.17338
0	1.17478
0	1.17373
0	1.16988
0	1.17023
0	1.16953
0	1.16988
0	1.16918
0	1.16497
0	1.16392
0	1.16532
0	1.16252
0	1.15902
0	1.15377
0	1.14921
0	1.14851
0	1.15236
0	1.14641
0	1.14606
0	1.15131
0	1.14816
0	1.14641
0	1.14711
0	1.14501
0	1.14501
0	1.14466
0	1.14186
0	1.14291
0	1.14536
0	1.14641
0	1.14746
0	1.14851
0	1.14606
0	1.14326
0	1.14501
0	1.14396
0	1.14151
0	1.14571
0	1.14081
0	1.13555
0	1.14116
0	1.14256
0	1.14046
0	1.14081
0	1.14046
0	1.14431
0	1.13835
0	1.1289
0	1.12609
0	1.12259
0	1.12294
0	1.12399
0	1.11839
0	1.12259
0	1.11944
0	1.12189
0	1.12469
0	1.1268
0	1.12644
0	1.1268
0	1.1282
0	1.1317
0	1.131
0	1.13065
0	1.12995
0	1.12574
0	1.1296
0	1.12189
0	1.12925
0	1.1317
0	1.13065
0	1.12715
0	1.12469
0	1.12609
0	1.12609
0	1.12399
0	1.12504
0	1.12995
0	1.1282
0	1.1275
0	1.12995
0	1.1289
0	1.12855
0	1.12925
0	1.1289
0	1.1268
0	1.1282
0	1.12925
0	1.13135
0	1.1317
0	1.131
0	1.1331
0	1.13275
0	1.1338
0	1.13485
0	1.1345
0	1.13555
0	1.1366
0	1.1359
0	1.13415
0	1.13485
0	1.1359
0	1.13555
0	1.1359
0	1.13485
0	1.1359
0	1.1352
0	1.1352
0	1.1352
0	1.13345
0	1.13415
0	1.13275
0	1.1324
0	1.1275
0	1.12785
0	1.1303
0	1.1303
0	1.13065
0	1.13345
0	1.13415
0	1.13485
0	1.13345
0	1.13415
0	1.1345
0	1.13485
0	1.13485
0	1.1359
0	1.1345
0	1.13625
0	1.1331
0	1.1324
0	1.13135
0	1.13275
0	1.13275
0	1.1303
0	1.131
0	1.13135
0	1.13275
0	1.1324
0	1.13345
0	1.13275
0	1.131
0	1.1296
0	1.12855
0	1.1303
0	1.131
0	1.1317
0	1.13135
0	1.13205
0	1.1317
0	1.12995
0	1.13065
0	1.12995
0	1.13065
0	1.12995
0	1.13135
0	1.12995
0	1.12995
0	1.12925
0	1.12925
0	1.1289
0	1.1296
0	1.13275
0	1.1317
0	1.1338
0	1.13415
0	1.1338
0	1.1345
0	1.13205
0	1.131
0	1.13275
0	1.13135
0	1.13065
0	1.1296
0	1.1296
0	1.13135
0	1.13275
0	1.1324
0	1.13205
0	1.12855
0	1.12644
0	1.1296
0	1.12855
0	1.1275
0	1.12785
0	1.12785
0	1.1296
0	1.13065
0	1.131
0	1.1289
0	1.12995
0	1.12785
0	1.12855
0	1.1296
0	1.12855
0	1.1275
0	1.12785
0	1.12785
0	1.1282
0	1.1289
0	1.1289
0	1.12715
0	1.1275
0	1.1275
0	1.1275
0	1.12609
0	1.12644
0	1.12504
0	1.12434
0	1.12469
0	1.12399
0	1.12399
0	1.12259
0	1.12399
0	1.12434
0	1.12504
0	1.12644
0	1.12504
0	1.12504
0	1.12364
0	1.12329
0	1.12364
0	1.12399
0	1.12644
0	1.12785
0	1.12785
0	1.1268
0	1.1282
0	1.1289
0	1.12785
0	1.12785
0	1.1289
0	1.1282
0	1.1282
0	1.12785
0	1.12715
0	1.12644
0	1.12644
0	1.12785
0	1.1289
0	1.12785
0	1.12785
0	1.12785
0	1.12855
0	1.1282
0	1.12925
0	1.12925
0	1.1282
0	1.12855
0	1.1289
0	1.1282
0	1.12715
0	1.1268
0	1.12715
0	1.12644
0	1.12574
0	1.12644
0	1.1268
0	1.1275
0	1.1275
0	1.12855
0	1.1282
0	1.1289
0	1.13065
0	1.13205
0	1.13485
0	1.13835
0	1.13695
0	1.13555
0	1.15447
0	1.15727
0	1.15937
0	1.16497
0	1.16673
0	1.16813
0	1.16918
0	1.16112
0	1.16708
0	1.16883
0	1.17128
0	1.17478
0	1.17198
0	1.17233
0	1.17408
0	1.17688
0	1.16813
0	1.17233
0	1.17548
0	1.17583
0	1.17723
0	1.17898
0	1.17968
0	1.18319
0	1.18039
0	1.17898
0	1.18144
0	1.18284
0	1.18354
0	1.18039
0	1.18039
0	1.18214
0	1.18284
0	1.18634
0	1.18774
0	1.18669
0	1.18424
0	1.18284
0	1.17058
0	1.16778
0	1.16708
0	1.17023
0	1.16883
0	1.16883
0	1.17023
0	1.17198
0	1.17373
0	1.17163
0	1.17618
0	1.17233
0	1.17163
0	1.17163
0	1.16953
0	1.16497
0	1.16497
0	1.16708
0	1.16532
0	1.16637
0	1.16813
0	1.16918
0	1.16673
0	1.16988
0	1.17093
0	1.16953
0	1.17093
0	1.17128
0	1.16883
0	1.16988
0	1.17058
0	1.17198
0	1.17268
0	1.17478
0	1.17548
0	1.17583
0	1.17583
0	1.17023
0	1.17373
0	1.17583
0	1.17443
0	1.17338
0	1.17443
0	1.17618
0	1.17618
0	1.17478
0	1.17268
0	1.17338
0	1.17128
0	1.17198
0	1.17093
0	1.16988
0	1.16708
0	1.16848
0	1.16673
0	1.16007
0	1.15972
0	1.15762
0	1.15342
0	1.15342
0	1.15692
0	1.15937
0	1.15762
0	1.15447
0	1.15306
0	1.15517
0	1.15377
0	1.15552
0	1.14956
0	1.14991
0	1.14676
0	1.14781
0	1.14536
0	1.14501
0	1.14816
0	1.14991
0	1.14991
0	1.14431
0	1.14711
0	1.14851
0	1.14991
0	1.15061
0	1.14921
0	1.15061
0	1.15271
0	1.15096
0	1.15236
0	1.15061
0	1.15096
0	1.15061
0	1.14886
0	1.15026
0	1.14991
0	1.14501
0	1.14466
0	1.14676
0	1.14781
0	1.14606
0	1.14361
0	1.14396
0	1.14501
0	1.14326
0	1.14256
0	1.14011
0	1.14081
0	1.14116
0	1.14081
0	1.13835
0	1.1359
0	1.1352
0	1.1331
0	1.1324
0	1.13415
0	1.13695
0	1.13765
0	1.13485
0	1.1338
0	1.13485
0	1.13555
0	1.13625
0	1.13485
0	1.13345
0	1.1338
0	1.13345
0	1.1331
0	1.1338
0	1.13415
0	1.13345
0	1.1345
0	1.13625
0	1.1352
0	1.13415
0	1.1352
0	1.1366
0	1.1373
0	1.13835
0	1.13835
0	1.13765
0	1.13695
0	1.1366
0	1.13905
0	1.138
0	1.1352
0	1.13555
0	1.1331
0	1.13205
0	1.13065
0	1.1373
0	1.14046
0	1.13835
0	1.1359
0	1.1366
0	1.1394
0	1.13765
0	1.1373
0	1.13905
0	1.1366
0	1.1359
0	1.13695
0	1.13555
0	1.1373
0	1.1394
0	1.1394
0	1.1387
0	1.14011
0	1.14046
0	1.14116
0	1.14046
0	1.14081
0	1.1394
0	1.13765
0	1.1359
0	1.13555
0	1.1331
0	1.1317
0	1.1303
0	1.12925
0	1.1282
0	1.12715
0	1.12785
0	1.12925
0	1.13065
0	1.1275
0	1.12855
0	1.1282
0	1.12609
0	1.131
0	1.1345
0	1.13415
0	1.13625
0	1.13345
0	1.13345
0	1.13625
0	1.1359
0	1.13415
0	1.1359
0	1.1366
0	1.13695
0	1.13485
0	1.13765
0	1.1366
0	1.1359
0	1.13485
0	1.13485
0	1.1324
0	1.1324
0	1.1317
0	1.1317
0	1.1303
0	1.1303
0	1.12925
0	1.12995
0	1.1317
0	1.1331
0	1.1324
0	1.13205
0	1.131
0	1.13135
0	1.13065
0	1.13275
0	1.1331
0	1.1324
0	1.13135
0	1.1303
0	1.131
0	1.13275
0	1.1338
0	1.1331
0	1.1338
0	1.13205
0	1.1317
0	1.1317
0	1.12995
0	1.12785
0	1.1275
0	1.12715
0	1.12609
0	1.12469
0	1.1282
0	1.12925
0	1.13135
0	1.12995
0	1.1289
0	1.1289
0	1.12715
0	1.1268
0	1.1289
0	1.13065
0	1.12925
0	1.131
0	1.12995
0	1.1317
0	1.1303
0	1.1324
0	1.13135
0	1.1338
0	1.13625
0	1.13275
0	1.13695
0	1.1366
0	1.1366
0	1.13695
0	1.1345
0	1.13415
0	1.13345
0	1.13205
0	1.1366
0	1.13625
0	1.13135
0	1.1345
0	1.13835
0	1.14116
0	1.14221
0	1.14151
0	1.14291
0	1.14676
0	1.14466
0	1.14431
0	1.14291
0	1.14151
0	1.14046
0	1.14151
0	1.14186
0	1.14081
0	1.13905
0	1.14046
0	1.14221
0	1.14186
0	1.14291
0	1.14536
0	1.14396
0	1.14186
0	1.14186
0	1.14256
0	1.14151
0	1.14221
0	1.14186
0	1.14256
0	1.14431
0	1.14361
0	1.14431
0	1.14396
0	1.14326
0	1.14361
0	1.14396
0	1.14466
0	1.14361
0	1.14361
0	1.14361
0	1.14396
0	1.14186
0	1.14151
0	1.14081
0	1.13975
0	1.13975
0	1.14151
0	1.14081
0	1.14186
0	1.14186
0	1.14151
0	1.14081
0	1.14186
0	1.14221
0	1.14361
0	1.14571
0	1.14501
0	1.14361
0	1.14221
0	1.14256
0	1.14151
0	1.14221
0	1.14361
0	1.14116
0	1.14256
0	1.14256
0	1.13905
0	1.1366
0	1.13835
0	1.13835
0	1.13765
0	1.1373
0	1.1352
0	1.13905
0	1.138
0	1.13625
0	1.1373
0	1.1387
0	1.13975
0	1.138
0	1.13765
0	1.1373
0	1.1366
0	1.1359
0	1.1359
0	1.13695
0	1.1338
0	1.13485
0	1.1359
0	1.13485
0	1.13555
0	1.13555
0	1.1352
0	1.13485
0	1.13485
0	1.13485
0	1.1352
0	1.13555
0	1.1338
0	1.1331
0	1.13345
0	1.1338
0	1.13345
0	1.13275
0	1.1324
0	1.1331
0	1.1345
0	1.1331
0	1.13415
0	1.13485
0	1.13555
0	1.1366
0	1.1373
0	1.13555
0	1.1359
0	1.14221
0	1.14046
0	1.13975
0	1.13975
0	1.14151
0	1.14011
0	1.14081
0	1.14081
0	1.14081
0	1.13905
0	1.14221
0	1.14081
0	1.14186
0	1.14151
0	1.13975
0	1.14046
0	1.14011
0	1.13835
0	1.13835
0	1.14011
0	1.14011
0	1.13835
0	1.13765
0	1.13765
0	1.13695
0	1.13625
0	1.1373
0	1.1359
0	1.13765
0	1.1359
0	1.1366
0	1.1366
0	1.1373
0	1.138
0	1.13765
0	1.1387
0	1.13765
0	1.13835
0	1.13905
0	1.1387
0	1.138
0	1.14011
0	1.13975
0	1.14011
0	1.13695
0	1.1359
0	1.13695
0	1.13765
0	1.14046
0	1.14186
0	1.14256
0	1.14291
0	1.14501
0	1.14291
0	1.14256
0	1.14501
0	1.14361
0	1.14536
0	1.15026
0	1.14886
0	1.14746
0	1.14816
0	1.15131
0	1.15026
0	1.15096
0	1.14851
0	1.14921
0	1.14921
0	1.14711
0	1.14676
0	1.14641
0	1.14536
0	1.14676
0	1.14816
0	1.14326
0	1.14466
0	1.14466
0	1.14536
0	1.14501
0	1.14536
0	1.14571
0	1.14396
0	1.14431
0	1.14466
0	1.14536
0	1.14571
0	1.14396
0	1.14466
0	1.14396
0	1.14361
0	1.14291
0	1.14536
0	1.14886
0	1.14851
0	1.14641
0	1.14501
0	1.14641
0	1.14326
0	1.14186
0	1.14151
0	1.14116
0	1.14186
0	1.14046
0	1.14011
0	1.14046
0	1.14046
0	1.14186
0	1.14046
0	1.1387
0	1.13765
0	1.1387
0	1.1394
0	1.138
0	1.13905
0	1.14046
0	1.1394
0	1.13975
0	1.1387
0	1.13835
0	1.13905
0	1.13905
0	1.1387
0	1.13555
0	1.1359
0	1.1359
0	1.1373
0	1.1366
0	1.1366
0	1.13695
0	1.13555
0	1.13625
0	1.13485
0	1.138
0	1.138
0	1.138
0	1.13765
0	1.1387
0	1.1387
0	1.13765
0	1.13765
0	1.13415
0	1.13415
0	1.13275
0	1.13205
0	1.12995
0	1.131
0	1.12644
0	1.12434
0	1.12469
0	1.12259
0	1.12329
0	1.12294
0	1.12399
0	1.12224
0	1.12259
0	1.12504
0	1.12504
0	1.12785
0	1.1268
0	1.1289
0	1.12785
0	1.12855
0	1.12995
0	1.1324
0	1.13345
0	1.1324
0	1.13205
0	323.3
