0	0.998356
0	0.999178
0	1.00055
0	1.00027
0	1.00247
0	1.0011
0	1.00274
0	1.00301
0	1.00192
0	1.00438
0	1.00685
0	1.00603
0	1.00548
0	1.00685
0	1.01014
0	1.00959
0	1.00987
0	1.01151
0	1.01178
0	1.01288
0	1.01562
0	1.01644
0	1.02001
0	1.02247
0	1.02055
0	1.01918
0	1.01864
0	1.02055
0	1.01699
0	1.01918
0	1.01727
0	1.01918
0	1.02083
0	1.01946
0	1.01699
0	1.01918
0	1.01754
0	1.01754
0	1.01727
0	1.01507
0	1.01398
0	1.0137
0	1.01261
0	1.01288
0	1.01124
0	1.01014
0	1.00904
0	1.01452
0	1.0148
0	1.01124
0	1.00603
0	1.00877
0	1.01151
0	1.01096
0	1.00904
0	1.00932
0	1.00959
0	1.00877
0	1.00904
0	1.01425
0	1.01124
0	1.01014
0	1.00987
0	1.01014
0	1.0137
0	1.01398
0	1.01589
0	1.01864
0	1.01781
0	1.02001
0	1.02055
0	1.01562
0	1.01178
0	1.0148
0	1.01315
0	1.01124
0	1.01014
0	1.01261
0	1.01178
0	1.01178
0	1.00932
0	1.01041
0	1.01233
0	1.01507
0	1.01699
0	1.01754
0	1.01315
0	1.01425
0	1.01233
0	1.01727
0	1.01617
0	1.02384
0	1.02192
0	1.02329
0	1.02549
0	1.02658
0	1.02603
0	1.02686
0	1.0222
0	1.0222
0	1.02658
0	1.03371
0	1.03097
0	1.04303
0	1.0422
0	1.03919
0	1.03782
0	1.03672
0	1.03152
0	1.03316
0	1.03261
0	1.03015
0	1.03563
0	1.03426
0	1.03508
0	1.03316
0	1.03919
0	1.03919
0	1.04056
0	1.04138
0	1.04385
0	1.04385
0	1.0422
0	1.03974
0	1.0433
0	1.04522
0	1.04686
0	1.04029
0	1.04385
0	1.05097
0	1.04905
0	1.04604
0	1.04275
0	1.04248
0	1.04494
0	1.04138
0	1.04029
0	1.04357
0	1.04166
0	1.04604
0	1.05262
0	1.04796
0	1.04494
0	1.03946
0	1.037
0	1.03754
0	1.03206
0	1.03261
0	1.03316
0	1.0348
0	1.03316
0	1.0359
0	1.03837
0	1.04303
0	1.03782
0	1.03946
0	1.04193
0	1.04138
0	1.04275
0	1.03782
0	1.03508
0	1.0296
0	1.02138
0	1.02494
0	1.03152
0	1.02823
0	1.03042
0	1.03015
0	1.02932
0	1.03426
0	1.03124
0	1.03289
0	1.03617
0	1.03754
0	1.03782
0	1.04248
0	1.04001
0	1.04385
0	1.05125
0	1.0507
0	1.05755
0	1.05481
0	1.05399
0	1.05892
0	1.06029
0	1.06632
0	1.06056
0	1.06139
0	1.06084
0	1.06796
0	1.0729
0	1.08633
0	1.09153
0	1.08934
0	1.08331
0	1.08084
0	1.07536
0	1.06961
0	1.07125
0	1.08523
0	1.08276
0	1.08249
0	1.0877
0	1.08797
0	1.08331
0	1.07865
0	1.08578
0	1.08468
0	1.08879
0	1.09153
0	1.08194
0	1.07454
0	1.07235
0	1.07098
0	1.07591
0	1.07619
0	1.07838
0	1.08276
0	1.08468
0	1.08167
0	1.08852
0	1.08907
0	1.0855
0	1.08742
0	1.08907
0	1.07865
0	1.07564
0	1.07317
0	1.07399
0	1.07235
0	1.06084
0	1.06385
0	1.07619
0	1.06632
0	1.06577
0	1.05974
0	1.06385
0	1.06796
0	1.0792
0	1.07372
0	1.06769
0	1.07016
0	1.07482
0	1.06632
0	1.07207
0	1.06988
0	1.06961
0	1.06769
0	1.07317
0	1.06851
0	1.06522
0	1.06577
0	1.06687
0	1.06248
0	1.05892
0	1.06358
0	1.06303
0	1.06084
0	1.06002
0	1.06659
0	1.06687
0	1.06961
0	1.06577
0	1.06632
0	1.06769
0	1.06851
0	1.07016
0	1.06961
0	1.07427
0	1.07865
0	1.07509
0	1.07399
0	1.0718
0	1.07646
0	1.08194
0	1.0792
0	1.08167
0	1.08112
0	1.07865
0	1.08139
0	1.07783
0	1.0781
0	1.07728
0	1.07591
0	1.07591
0	1.0803
0	1.08276
0	1.08249
0	1.07975
0	1.08112
0	1.08194
0	1.08249
0	1.08578
0	1.08221
0	1.0781
0	1.07701
0	1.07893
0	1.08057
0	1.07728
0	1.07756
0	1.07207
0	1.06742
0	1.06276
0	1.06166
0	1.05974
0	1.05919
0	1.06331
0	1.06193
0	1.06714
0	1.06111
0	1.06111
0	1.05371
0	1.04303
0	1.037
0	1.03809
0	1.02905
0	1.02878
0	1.01644
0	1
0	1.00548
0	1.01069
0	1.01178
0	1.00767
0	1.02055
0	1.02192
0	1.02603
0	1.02494
0	1.0222
0	1.01946
0	1.02055
0	1.01562
0	1.01096
0	1.01315
0	1.00877
0	1.00904
0	1.00767
0	1.00795
0	1.01343
0	1.01507
0	1.01014
0	1.00767
0	1.01206
0	1.0148
0	1.01946
0	1.0222
0	1.02521
0	1.02494
0	1.02658
0	1.02576
0	1.02384
0	1.01727
0	1.01781
0	1.01891
0	1.01727
0	1.02001
0	1.01672
0	1.01069
0	1.0085
0	1.00877
0	1.00767
0	1.01452
0	1.01343
0	1.01507
0	1.01343
0	1.00932
0	1.00877
0	1.01261
0	1.00932
0	1.00932
0	0.997808
0	0.999452
0	0.99726
0	0.987668
0	0.984105
0	0.989312
0	0.995615
0	0.990956
0	0.991505
0	0.990682
0	0.994519
0	0.99726
0	0.997808
0	0.999452
0	1
0	1.00247
0	1.01452
0	1.01727
0	1.0074
0	1.01206
0	0.999452
0	1.00658
0	1.00521
0	1.00521
0	1.00767
0	1.01096
0	1.01124
0	1.01507
0	1.01233
0	1.00767
0	1.00384
0	1.00301
0	1.00438
0	1.00027
0	1.00356
0	0.999726
0	1.00164
0	1.00027
0	1.00466
0	1.00164
0	1.00329
0	1.00932
0	1.01206
0	1.01233
0	1.01041
0	1.01233
0	1.01178
0	1.01014
0	1.00685
0	1.01343
0	1.01535
0	1.01644
0	1.01315
0	1.01562
0	1.01617
0	1.01535
0	1.01562
0	1.01398
0	1.01206
0	1.01206
0	1.01041
0	1.01315
0	1.01617
0	1.01672
0	1.02329
0	1.02083
0	1.01864
0	1.01644
0	1.01644
0	1.01425
0	1.01096
0	1.01151
0	1.01315
0	1.01069
0	1.00384
0	1.00548
0	1.00576
0	1.00795
0	1.01069
0	1.01206
0	1.01151
0	1.01315
0	1.01041
0	1.00932
0	1.00767
0	1.0085
0	1.00685
0	1.00877
0	0.992875
0	0.993697
0	0.990408
0	0.992875
0	1.00164
0	0.996437
0	0.996437
0	0.998904
0	0.996711
0	0.99726
0	0.996437
0	0.997808
0	0.995067
0	0.990956
0	0.98986
0	0.993697
0	0.988764
0	0.991505
0	0.990682
0	0.992601
0	0.991779
0	0.987668
0	0.986846
0	0.986298
0	0.986846
0	0.98712
0	0.98712
0	0.988764
0	0.990408
0	0.989586
0	0.986572
0	0.98986
0	0.991779
0	0.99123
0	0.989038
0	0.988216
0	0.98986
0	0.987668
0	0.986846
0	0.98986
0	0.992327
0	0.993423
0	0.99123
0	0.993149
0	0.991505
0	0.991779
0	0.990408
0	0.992327
0	0.992053
0	0.992053
0	0.99123
0	0.992327
0	0.996437
0	0.996437
0	0.994793
0	0.992601
0	0.993149
0	0.992601
0	0.993149
0	0.993149
0	0.992327
0	0.990956
0	0.99123
0	0.992601
0	0.995341
0	0.996985
0	0.996163
0	0.996711
0	0.994245
0	0.998904
0	0.997808
0	0.996711
0	0.994245
0	0.995889
0	0.992327
0	0.992327
0	0.992601
0	0.995889
0	0.995889
0	0.993423
0	0.995615
0	0.995067
0	0.992875
0	0.992327
0	0.994793
0	0.994245
0	0.994245
0	0.995341
0	0.994245
0	0.991779
0	0.992875
0	0.993423
0	0.992327
0	0.990682
0	0.989586
0	0.989586
0	0.98849
0	0.985475
0	0.982461
0	0.983283
0	0.981639
0	0.982187
0	0.983283
0	0.984927
0	0.983831
0	0.983009
0	0.983009
0	0.984379
0	0.985475
0	0.986024
0	0.986846
0	0.988216
0	0.989038
0	0.987942
0	0.981913
0	0.981913
0	0.980269
0	0.980269
0	0.979995
0	0.97835
0	0.977528
0	0.972869
0	0.970129
0	0.96684
0	0.967388
0	0.964374
0	0.967388
0	0.963826
0	0.961907
0	0.965744
0	0.962181
0	0.955878
0	0.957797
0	0.961633
0	0.961907
0	0.972321
0	0.975884
0	0.97972
0	0.975336
0	0.985201
0	0.989586
0	0.987668
0	0.990682
0	0.981913
0	0.979995
0	0.976706
0	0.982187
0	0.985475
0	0.988764
0	0.990134
0	0.987668
0	0.98849
0	0.987942
0	0.991779
0	0.987668
0	1.01041
0	1.00822
0	1.00384
0	1.00987
0	1.01178
0	1.01315
0	1.01781
0	1.00904
0	1.01864
0	1.02658
0	1.02165
0	1.01836
0	1.01644
0	1.01535
0	1.01425
0	1.01562
0	1.01069
0	1.01069
0	1.0085
0	1.0063
0	1.00466
0	1.00685
0	1.00384
0	1.00932
0	1.00904
0	1.00548
0	1.00658
0	1.00932
0	1.00822
0	1.0085
0	1.01041
0	1.00521
0	1.0074
0	1.00713
0	1.00658
0	1.00767
0	1.00904
0	1.00959
0	1.00713
0	1.00329
0	1.00438
0	1.00082
0	0.993971
0	0.996711
0	0.98849
0	0.981639
0	0.981365
0	0.982735
0	0.98849
0	0.989312
0	0.99123
0	0.98849
0	0.988216
0	0.984927
0	0.986846
0	0.983009
0	0.981913
0	0.980543
0	0.984105
0	0.990408
0	0.989038
0	0.985475
0	0.990682
0	1.00329
0	1.01178
0	1.01507
0	1.01781
0	1.02768
0	1.04001
0	1.02466
0	1.02247
0	1.02494
0	1.02055
0	1.02138
0	1.01727
0	1.0137
0	1.01754
0	1.01864
0	1.0148
0	1.01644
0	1.01973
0	1.02192
0	1.0211
0	1.02028
0	1.01754
0	1.02083
0	1.01864
0	1.01699
0	1.0148
0	1.01836
0	1.01809
0	1.0211
0	1.02001
0	1.01864
0	1.01946
0	1.02603
0	1.02576
0	1.02412
0	1.02439
0	1.02083
0	1.01644
0	1.02028
0	1.02055
0	1.0148
0	1.01562
0	1.0137
0	1.01261
0	1.01124
0	1.01452
0	1.0137
0	1.0148
0	1.01288
0	1.01178
0	1.01452
0	1.01343
0	1.01288
0	1.01315
0	1.01562
0	1.01644
0	1.01589
0	1.01562
0	1.0137
0	1.01644
0	1.0211
0	1.01315
0	1.00877
0	1.00877
0	1.00987
0	1.01343
0	1.01151
0	1.01261
0	1.0137
0	1.01096
0	1.00932
0	1.00822
0	1.00055
0	1.0074
0	1.0063
0	1.00438
0	1.00384
0	1.00164
0	1.00493
0	1.00576
0	1.00466
0	1.00658
0	1.00713
0	1.01014
0	1.00904
0	1.00795
0	1.0085
0	1.00767
0	1.00658
0	1.00521
0	1.02466
0	1.03782
0	1.04494
0	1.03426
0	1.03754
0	1.03891
0	1.03946
0	1.04905
0	1.04851
0	1.0507
0	1.057
0	1.04905
0	1.05289
0	1.05317
0	1.05426
0	1.04193
0	1.04659
0	1.04905
0	1.04714
0	1.04275
0	1.04193
0	1.04522
0	1.03563
0	1.04467
0	1.04193
0	1.03343
0	1.02521
0	1.02439
0	1.02576
0	1.03371
0	1.03179
0	1.03398
0	1.02631
0	1.02521
0	1.01562
0	1.01507
0	1.01699
0	1.01946
0	1.02247
0	1.01864
0	1.02192
0	1.02439
0	1.02329
0	1.02384
0	1.02494
0	1.02055
0	1.01781
0	1.01398
0	1.01644
0	1.02028
0	1.02192
0	1.02521
0	1.02521
0	1.02302
0	1.02247
0	1.02521
0	1.02603
0	1.02549
0	1.02549
0	1.0222
0	1.02412
0	1.02494
0	1.02494
0	1.02768
0	1.02603
0	1.02603
0	1.02932
0	1.0274
0	1.02439
0	1.0222
0	1.02028
0	1.02275
0	1.02439
0	1.0211
0	1.01781
0	1.02055
0	1.02329
0	1.02466
0	1.02384
0	1.02165
0	1.02028
0	1.02055
0	1.02055
0	1.01452
0	1.01206
0	1.01261
0	1.01178
0	1.00987
0	1.01206
0	1.00987
0	1.00603
0	0.999452
0	1.0063
0	1.00959
0	1.00548
0	1.00411
0	1.00274
0	1.0063
0	1.01041
0	1.00877
0	1.00466
0	0.998356
0	0.999726
0	0.998082
0	0.98986
0	0.995889
0	0.996437
0	0.992327
0	0.98712
0	0.98849
0	0.987942
0	0.98712
0	0.984379
0	0.979995
0	0.986024
0	0.986572
0	0.983831
0	0.983557
0	0.980817
0	0.988216
0	0.991779
0	0.994519
0	0.992053
0	0.994245
0	0.987394
0	0.989586
0	0.983831
0	0.987942
0	0.990682
0	0.98849
0	0.98986
0	0.989312
0	0.992053
0	0.98986
0	0.992053
0	0.988216
0	0.98575
0	0.984105
0	0.984379
0	0.984653
0	0.983009
0	0.983557
0	0.985475
0	0.984927
0	0.981365
0	0.978076
0	0.980543
0	0.983009
0	0.983009
0	0.98575
0	0.990134
0	0.989038
0	0.990408
0	0.99123
0	0.989038
0	0.992875
0	0.993149
0	0.992327
0	0.992053
0	0.993149
0	0.993971
0	0.994519
0	0.995889
0	0.997534
0	0.997808
0	0.999178
0	1.00055
0	1
0	0.997534
0	0.99863
0	0.998356
0	0.999178
0	0.997534
0	0.996163
0	0.994245
0	0.993149
0	0.995067
0	0.993971
0	0.990956
0	0.989586
0	0.996711
0	0.993149
0	0.993697
0	0.993697
0	0.996437
0	0.998356
0	0.993971
0	0.994793
0	0.992327
0	0.993423
0	0.990134
0	0.992875
0	0.98712
0	0.98712
0	0.988216
0	0.985201
0	0.989038
0	0.992601
0	0.993149
0	0.995615
0	0.995889
0	0.993971
0	0.99123
0	0.991505
0	0.993697
0	0.994519
0	0.995615
0	0.994793
0	0.994519
0	0.996163
0	0.994245
0	0.995341
0	0.995889
0	0.995889
0	0.997534
0	0.997808
0	0.998082
0	0.998356
0	0.998082
0	1.0011
0	1.00082
0	1.00247
0	1.0011
0	1.00192
0	1.00027
0	0.993423
0	0.994793
0	0.997534
0	1.00055
0	0.996985
0	0.998904
0	0.999726
0	0.999726
0	1
0	1.00027
0	1
0	1.00164
0	0.999452
0	0.996437
0	0.995067
0	0.992875
0	0.994245
0	0.995341
0	1.00219
0	1.00274
0	1.0063
0	1.0085
0	1.01124
0	1.00493
0	1.00576
0	1.00603
0	1.00795
0	1.00822
0	1.01069
0	1.00932
0	1.00822
0	1.00685
0	1.00795
0	1.00904
0	1.0085
0	1.0063
0	1.0074
0	1.00795
0	1.00685
0	1.01069
0	1.01315
0	1.01041
0	1.00959
0	1.01124
0	1.01069
0	1.01206
0	1.00987
0	1.00685
0	1.00603
0	1.00822
0	1.00877
0	1.01096
0	1.01425
0	1.01535
0	1.01946
0	1.02192
0	1.02275
0	1.02192
0	1.02686
0	1.03261
0	1.03343
0	1.02549
0	1.02521
0	1.02302
0	1.02384
0	1.02603
0	1.02494
0	1.04029
0	1.02905
0	1.03069
0	1.02001
0	1.01343
0	1.01754
0	1.01809
0	1.01288
0	1.00959
0	1.0137
0	1.01589
0	1.01261
0	1.01233
0	1.01124
0	1.01864
0	1.01781
0	1.01946
0	1.02329
0	1.01809
0	1.02001
0	1.0211
0	1.02329
0	1.02549
0	1.02658
0	1.0274
0	1.0274
0	1.02494
0	1.02494
0	1.02302
0	1.02658
0	1.02658
0	1.02521
0	1.03042
0	1.02932
0	1.0274
0	1.03234
0	1.03946
0	1.03809
0	1.04111
0	1.03672
0	1.03837
0	1.04083
0	1.03782
0	1.03289
0	1.03645
0	1.04357
0	1.04494
0	1.05645
0	1.05015
0	1.04988
0	1.04905
0	1.0507
0	1.05015
0	1.04796
0	1.05426
0	1.05454
0	1.05399
0	1.05152
0	1.04823
0	1.05591
0	1.0518
0	1.04659
0	1.04577
0	1.04988
0	1.05042
0	1.0507
0	1.04988
0	1.04878
0	1.04631
0	1.05015
0	1.04577
0	1.04357
0	1.04604
0	1.04494
0	1.03371
0	1.03919
0	1.03891
0	1.03837
0	1.03754
0	1.03974
0	1.04275
0	1.04412
0	1.0433
0	1.04659
0	1.04988
0	1.04988
0	1.04823
0	1.0496
0	1.04686
0	1.04905
0	1.0444
0	1.04412
0	1.04631
0	1.04905
0	1.04686
0	1.04577
0	1.04193
0	1.04193
0	1.0444
0	1.04714
0	1.04385
0	1.04631
0	1.04111
0	1.03645
0	1.02521
0	1.03289
0	1.03371
0	1.02631
0	1.03069
0	1.03672
0	1.03234
0	1.02686
0	1.03179
0	1.03508
0	1.03672
0	1.03864
0	1.04138
0	1.04083
0	1.04138
0	1.04303
0	1.04138
0	1.03864
0	1.0348
0	1.0359
0	1.03974
0	1.03837
0	1.03864
0	1.03672
0	1.03179
0	1.03234
0	1.03426
0	1.0359
0	1.0274
0	1.02549
0	1.02768
0	1.02001
0	1.0211
0	1.02466
0	1.03015
0	1.03152
0	1.03069
0	1.03069
0	1.02823
0	1.03124
0	1.03234
0	1.03069
0	1.03015
0	1.03316
0	1.03152
0	1.03152
0	1.03179
0	1.03069
0	1.03289
0	1.03316
0	1.03343
0	1.03261
0	1.03343
0	1.03535
0	1.03754
0	1.03891
0	1.04083
0	1.05645
0	1.04768
0	1.0422
0	1.04686
0	1.04714
0	1.03426
0	1.03891
0	1.04001
0	1.03946
0	1.03617
0	1.04166
0	1.04412
0	1.03946
0	1.04166
0	1.04193
0	1.04604
0	1.04522
0	1.05042
0	1.05097
0	1.05728
0	1.07317
0	1.06358
0	1.07673
0	1.0803
0	1.07783
0	1.07838
0	1.0803
0	1.07893
0	1.08249
0	1.08139
0	1.08742
0	1.08358
0	1.07947
0	1.08331
0	1.08057
0	1.07427
0	1.07564
0	1.07372
0	1.0729
0	1.07427
0	1.07372
0	1.07427
0	1.07728
0	1.08139
0	1.08249
0	1.0792
0	1.07482
0	1.07591
0	1.07344
0	1.07482
0	1.07482
0	1.07838
0	1.07865
0	1.08167
0	1.08194
0	1.0781
0	1.08084
0	1.07728
0	1.0718
0	1.06331
0	1.06029
0	1.06659
0	1.06824
0	1.0729
0	1.06961
0	1.07482
0	1.0729
0	1.07454
0	1.07317
0	1.07536
0	1.07399
0	1.06687
0	1.057
0	1.06468
0	1.06331
0	1.05974
0	1.05974
0	1.06413
0	1.06248
0	1.0655
0	1.06769
0	1.06851
0	1.06742
0	1.05399
0	1.06029
0	1.05892
0	1.0496
0	1.04714
0	1.04303
0	1.04357
0	1.04412
0	1.04412
0	1.04303
0	1.04604
0	1.04631
0	1.04522
0	1.04796
0	1.05015
0	1.04714
0	1.04083
0	1.0433
0	1.04878
0	1.04166
0	1.04988
0	1.05097
0	1.04851
0	1.05125
0	1.04823
0	1.0518
0	1.04714
0	1.04631
0	1.04549
0	1.04631
0	1.04467
0	1.04056
0	1.04248
0	1.04494
0	1.0444
0	1.04851
0	1.04714
0	1.04741
0	1.04522
0	1.04796
0	1.04768
0	1.04768
0	1.04303
0	1.0422
0	1.03919
0	1.04001
0	1.04029
0	1.04166
0	1.04248
0	1.04357
0	1.04056
0	1.0433
0	1.04138
0	1.03864
0	1.03891
0	1.03672
0	1.03453
0	1.02494
0	1.03042
0	1.02795
0	1.02932
0	1.02302
0	1.02521
0	1.02905
0	1.03097
0	1.03097
0	1.02987
0	1.0211
0	1.02357
0	1.02713
0	1.03179
0	1.03179
0	1.03289
0	1.03371
0	1.0359
0	1.03426
0	1.03179
0	1.03343
0	1.02768
0	1.02795
0	1.03206
0	1.03152
0	1.02932
0	1.02521
0	1.02192
0	1.02329
0	1.02713
0	1.03316
0	1.03617
0	1.03535
0	1.03097
0	1.03508
0	1.03974
0	1.04193
0	1.04604
0	1.04768
0	1.04851
0	1.04549
0	1.04522
0	1.04083
0	1.0444
0	1.04604
0	1.04933
0	1.04494
0	1.04878
0	1.04851
0	1.04823
0	1.05454
0	1.04714
0	1.05454
0	1.05262
0	1.05591
0	1.05728
0	1.05152
0	1.03809
0	1.04357
0	1.04412
0	1.05947
0	1.057
0	1.05207
0	1.06248
0	1.057
0	1.06029
0	1.05974
0	1.06084
0	1.06084
0	1.06248
0	1.0655
0	1.06385
0	1.06687
0	1.06632
0	1.07372
0	1.07235
0	1.0718
0	1.0707
0	1.07482
0	1.08441
0	1.08468
0	1.08742
0	1.14689
0	1.16004
0	1.151
0	1.15045
0	1.15785
0	1.1647
0	1.16498
0	1.1647
0	1.16443
0	1.1732
0	1.17539
0	1.1858
0	1.20965
0	1.19978
0	1.20992
0	1.25651
0	1.24911
0	1.22636
0	1.24445
0	1.24747
0	1.2376
0	1.23404
0	1.2365
0	1.24747
0	1.26829
0	1.29816
0	1.30008
0	1.29076
0	1.31378
0	1.34612
0	1.34201
0	1.28364
0	1.27432
0	1.27679
0	1.29104
0	1.29378
0	1.28391
0	1.25322
0	1.26555
0	1.26007
0	1.27323
0	1.27542
0	1.28693
0	1.28611
0	1.28748
0	1.2587
0	1.26172
0	1.26281
0	1.26199
0	1.24116
0	1.24281
0	1.25733
0	1.26062
0	1.25733
0	1.26035
0	1.26884
0	1.26117
0	1.26446
0	1.25651
0	1.26802
0	1.2746
0	1.27871
0	1.28802
0	1.28008
0	1.27213
0	1.2735
0	1.28583
0	1.27569
0	1.26391
0	1.26583
0	1.2672
0	1.25404
0	1.25432
0	1.24938
0	1.24856
0	1.2524
0	1.25623
0	1.24445
0	1.2376
0	1.22527
0	1.22362
0	1.23431
0	1.22636
0	1.23678
0	1.24198
0	1.23376
0	1.23404
0	1.23623
0	1.23568
0	1.21595
0	1.21376
0	1.22225
0	1.21513
0	1.20745
0	1.21019
0	1.21485
0	1.21759
0	1.21266
0	1.21485
0	1.21951
0	1.21924
0	1.23157
0	1.22006
0	1.21458
0	1.20855
0	1.20444
0	1.19238
0	1.18663
0	1.19622
0	1.20115
0	1.19512
0	1.19293
0	1.20088
0	1.19512
0	1.19978
0	1.19978
0	1.20362
0	1.19951
0	1.19266
0	1.16936
0	1.17128
0	1.14853
0	1.12798
0	1.13675
0	1.15648
0	1.1573
0	1.16196
0	1.16552
0	1.15648
0	1.14826
0	1.15182
0	1.14744
0	1.15237
0	1.14799
0	1.15347
0	1.15648
0	1.15922
0	1.15621
0	1.15456
0	1.15045
0	1.15922
0	1.16361
0	1.15073
0	1.14634
0	1.14716
0	1.14771
0	1.13182
0	1.13922
0	1.14086
0	1.14442
0	1.14799
0	1.1499
0	1.15127
0	1.15401
0	1.14771
0	1.14771
0	1.15073
0	1.15182
0	1.15539
0	1.1573
0	1.16251
0	1.1658
0	1.16744
0	1.16662
0	1.17155
0	1.1806
0	1.17731
0	1.17649
0	1.1806
0	1.22198
0	1.22445
0	1.23623
0	1.23349
0	1.2154
0	1.20307
0	1.21129
0	1.21074
0	1.20581
0	1.20828
0	1.21211
0	1.21184
0	1.21266
0	1.20937
0	1.2006
0	1.21156
0	1.22061
0	1.22828
0	1.22883
0	1.21622
0	1.22088
0	1.22499
0	1.2291
0	1.2154
0	1.21074
0	1.20663
0	1.20088
0	1.20115
0	1.2091
0	1.22746
0	1.2291
0	1.22116
0	1.23102
0	1.2291
0	1.22527
0	1.22417
0	1.23075
0	1.23897
0	1.22307
0	1.21951
0	1.22116
0	1.21321
0	1.21869
0	1.21513
0	1.20526
0	1.20033
0	1.20225
0	1.20965
0	1.21458
0	1.21622
0	1.21431
0	1.21458
0	1.21074
0	1.21239
0	1.21074
0	1.20965
0	1.21184
0	1.2154
0	1.21732
0	1.2154
0	1.22088
0	1.22061
0	1.22088
0	1.21759
0	1.21595
0	1.21622
0	1.20965
0	1.2091
0	1.20773
0	1.2006
0	1.20005
0	1.20526
0	1.2091
0	1.2017
0	1.19457
0	1.19183
0	1.188
0	1.18854
0	1.18937
0	1.1932
0	1.19266
0	1.18471
0	1.19074
0	1.18663
0	1.18717
0	1.18663
0	1.19211
0	1.19183
0	1.19403
0	1.19731
0	1.19457
0	1.19868
0	1.19814
0	1.19375
0	1.19677
0	1.19074
0	1.18964
0	1.18717
0	1.18471
0	1.17895
0	1.17347
0	1.16799
0	1.16827
0	1.17731
0	1.1732
0	1.17073
0	1.16881
0	1.17238
0	1.18032
0	1.18224
0	1.1806
0	1.17621
0	1.17621
0	1.17621
0	1.17621
0	1.17621
0	1.17621
0	1.16991
0	1.16717
0	1.16388
0	1.16224
0	1.1584
0	1.16361
0	1.16635
0	1.16936
0	1.17512
0	1.17484
0	1.16525
0	1.1647
0	1.16333
0	1.1595
0	1.151
0	1.1447
0	1.14113
0	1.14607
0	1.15621
0	1.15621
0	1.16114
0	1.16552
0	1.1658
0	1.16772
0	1.16991
0	1.1658
0	1.15758
0	1.15977
0	1.15511
0	1.14826
0	1.15319
0	1.1573
0	1.15922
0	1.16004
0	1.15867
0	1.15785
0	1.16114
0	1.16361
0	1.16278
0	1.16717
0	1.16361
0	1.16498
0	1.17155
0	1.17101
0	1.1658
0	1.16251
0	1.15895
0	1.16169
0	1.16196
0	1.17238
0	1.16936
0	1.16827
0	1.17594
0	1.1721
0	1.17731
0	1.17895
0	1.17566
0	1.188
0	1.20608
0	1.22828
0	1.22061
0	1.23047
0	1.21705
0	1.22307
0	1.2239
0	1.21677
0	1.22006
0	1.22362
0	1.22609
0	1.23349
0	1.22773
0	1.21951
0	1.22033
0	1.22088
0	1.21047
0	1.21376
0	1.20526
0	1.21403
0	1.21924
0	1.22116
0	1.2165
0	1.21239
0	1.22033
0	1.2217
0	1.21979
0	1.22198
0	1.22116
0	1.22499
0	1.22417
0	1.21211
0	1.21677
0	1.22061
0	1.21403
0	1.21842
0	1.22307
0	1.22417
0	1.22527
0	1.23513
0	1.25678
0	1.2598
0	1.26226
0	1.25322
0	1.25706
0	1.25596
0	1.25623
0	1.26281
0	1.26391
0	1.25788
0	1.25514
0	1.24692
0	1.25322
0	1.25377
0	1.25185
0	1.25404
0	1.25952
0	1.25733
0	1.25952
0	1.25295
0	1.25952
0	1.23239
0	1.23376
0	1.24116
0	1.24034
0	1.23924
0	1.24335
0	1.2439
0	1.24007
0	1.23513
0	1.24198
0	1.23267
0	1.22746
0	1.21705
0	1.21595
0	1.20965
0	1.21814
0	1.21376
0	1.22088
0	1.22499
0	1.22993
0	1.23431
0	1.22554
0	1.22499
0	1.22636
0	1.22527
0	1.22719
0	1.23102
0	1.22828
0	1.22801
0	1.23267
0	1.23541
0	1.23294
0	1.2291
0	1.22691
0	1.22801
0	1.22582
0	1.22499
0	1.2291
0	1.22746
0	1.22938
0	1.24034
0	1.25158
0	1.25185
0	1.24719
0	1.245
0	1.24555
0	1.24884
0	1.24609
0	1.25103
0	1.25404
0	1.25349
0	1.2576
0	1.25569
0	1.2587
0	1.2598
0	1.2661
0	1.2672
0	1.26035
0	1.2587
0	1.25541
0	1.25185
0	1.25295
0	1.24884
0	1.2524
0	1.25432
0	1.24884
0	1.24884
0	1.24692
0	1.2439
0	1.24116
0	1.24089
0	1.24555
0	1.24226
0	1.23897
0	1.23376
0	1.22719
0	1.22417
0	1.22636
0	1.22582
0	1.2228
0	1.2239
0	1.22335
0	1.22225
0	1.2239
0	1.21732
0	1.22472
0	1.22609
0	1.22554
0	1.22691
0	1.2302
0	1.22664
0	1.22582
0	1.22225
0	1.22417
0	1.22664
0	1.22856
0	1.22691
0	1.22307
0	1.22307
0	1.21979
0	1.21622
0	1.21951
0	1.22143
0	1.21869
0	1.22362
0	1.2291
0	1.23184
0	1.23376
0	1.23404
0	1.23349
0	1.23157
0	1.23212
0	1.22746
0	1.2313
0	1.23678
0	1.23376
0	1.22719
0	1.22253
0	1.22116
0	1.21979
0	1.21814
0	1.21759
0	1.22088
0	1.2302
0	1.23924
0	1.24719
0	1.2387
0	1.24171
0	1.2439
0	1.24911
0	1.24472
0	1.24747
0	1.25103
0	1.24555
0	1.24171
0	1.24034
0	1.23568
0	1.23924
0	1.24938
0	1.25185
0	1.24719
0	1.24966
0	1.2587
0	1.25541
0	1.26062
0	1.2746
0	1.26911
0	1.28309
0	1.27843
0	1.28008
0	1.27679
0	1.27049
0	1.27268
0	1.27953
0	1.27953
0	1.282
0	1.27542
0	1.27268
0	1.27953
0	1.29816
0	1.30885
0	1.31378
0	1.33352
0	1.32228
0	1.31899
0	1.32749
0	1.31981
0	1.3179
0	1.32009
0	1.31817
0	1.30364
0	1.3031
0	1.26857
0	1.26172
0	1.27323
0	1.26391
0	1.25432
0	1.26939
0	1.26665
0	1.26007
0	1.25541
0	1.25158
0	1.25706
0	1.26665
0	1.26391
0	1.27021
0	1.28309
0	1.28638
0	1.2883
0	1.29296
0	1.2946
0	1.28528
0	1.28227
0	1.28391
0	1.28994
0	1.29378
0	1.29899
0	1.29378
0	1.31187
0	1.30639
0	1.30611
0	1.29515
0	1.29871
0	1.30474
0	1.30721
0	1.31214
0	1.30913
0	1.31104
0	1.31269
0	1.3179
0	1.31762
0	1.31543
0	1.29515
0	1.2883
0	1.30227
0	1.31735
0	1.31351
0	1.31214
0	1.30529
0	1.31598
0	1.31461
0	1.30639
0	1.2957
0	1.29351
0	1.29707
0	1.30447
0	1.30474
0	1.31104
0	1.3316
0	1.34119
0	1.32694
0	1.33269
0	1.33187
0	1.32804
0	1.33516
0	1.33461
0	1.33955
0	1.33571
0	1.33708
0	1.3368
0	1.32475
0	1.32392
0	1.31433
0	1.32858
0	1.32804
0	1.32118
0	1.32886
0	1.32749
0	1.31927
0	1.32338
0	1.32118
0	1.32557
0	1.33461
0	1.34119
0	1.34694
0	1.36668
0	1.36202
0	1.37901
0	1.36476
0	1.3675
0	1.36503
0	1.36119
0	1.35928
0	1.36229
0	1.36229
0	1.36832
0	1.36695
0	1.37545
0	1.37572
0	1.3675
0	1.3664
0	1.36284
0	1.36448
0	1.35708
0	1.36065
0	1.3675
0	1.3738
0	1.37572
0	1.3749
0	1.36421
0	1.37325
0	1.37216
0	1.39134
0	1.39107
0	1.42916
0	1.4234
0	1.42888
0	1.43217
0	1.42532
0	1.42505
0	1.4319
0	1.42888
0	1.43683
0	1.44396
0	1.43491
0	1.44752
0	1.45245
0	1.44588
0	1.43875
0	1.4319
0	1.42971
0	1.42368
0	1.41874
0	1.40943
0	1.4097
0	1.41957
0	1.43245
0	1.42806
0	1.42998
0	1.4234
0	1.41683
0	1.42149
0	1.42916
0	1.43135
0	1.43546
0	1.43711
0	1.44286
0	1.44149
0	1.46451
0	1.46753
0	1.46753
0	1.46944
0	1.47492
0	1.46588
0	1.46972
0	1.46616
0	1.4615
0	1.46972
0	1.47438
0	1.47986
0	1.49603
0	1.49712
0	1.49
0	1.49411
0	1.50918
0	1.51192
0	1.52891
0	1.58153
0	1.56152
0	1.55248
0	1.56426
0	1.56399
0	1.57221
0	1.59496
0	1.57276
0	1.55303
0	1.56591
0	1.56837
0	1.56098
0	1.56481
0	1.56015
0	1.56481
0	1.56317
0	1.51082
0	1.52206
0	1.52425
0	1.51357
0	1.50836
0	1.49466
0	1.50507
0	1.51302
0	1.51932
0	1.50671
0	1.49794
0	1.49274
0	1.4752
0	1.48616
0	1.48287
0	1.49164
0	1.47684
0	1.4878
0	1.47438
0	1.48068
0	1.49986
0	1.50425
0	1.49986
0	1.51028
0	1.50617
0	1.50425
0	1.51192
0	1.51329
0	1.51768
0	1.50397
0	1.50945
0	1.51411
0	1.50507
0	1.49466
0	1.50397
0	1.50726
0	1.5048
0	1.50863
0	1.50808
0	1.50315
0	1.48369
0	1.48698
0	1.49849
0	1.49383
0	1.49657
0	1.49274
0	1.49246
0	1.48671
0	1.49931
0	1.50041
0	1.49438
0	1.46917
0	1.44725
0	1.46451
0	1.45656
0	1.45136
0	1.46287
0	1.47794
0	1.49959
0	1.48178
0	1.44725
0	1.45958
0	1.46122
0	1.46232
0	1.45821
0	1.45081
0	1.45081
0	1.45163
0	1.45382
0	1.44286
0	1.44807
0	1.45547
0	1.4741
0	1.47164
0	1.4667
0	1.46725
0	1.46862
0	1.47849
0	1.48424
0	1.47328
0	1.47355
0	1.46369
0	1.4593
0	1.45574
0	1.44944
0	1.45547
0	1.44916
0	1.45245
0	1.46232
0	1.46396
0	1.48068
0	1.50397
0	1.4963
0	1.49383
0	1.49685
0	1.50562
0	1.48342
0	1.47904
0	1.47904
0	1.48342
0	1.48534
0	1.49055
0	1.48232
0	1.48068
0	1.47355
0	1.4815
0	1.48205
0	1.4815
0	1.48041
0	1.46341
0	1.46396
0	1.46013
0	1.47328
0	1.46506
0	1.46561
0	1.45793
0	1.45218
0	1.45273
0	1.46067
0	1.46287
0	1.46013
0	1.46424
0	1.46999
0	1.47575
0	1.47301
0	1.47465
0	1.4689
0	1.47684
0	1.47273
0	1.46807
0	1.46478
0	1.46287
0	1.46807
0	1.4689
0	1.47794
0	1.47767
0	1.48479
0	1.48123
0	1.47301
0	1.46451
0	1.46177
0	1.46753
0	1.46561
0	1.45766
0	1.45519
0	1.46204
0	1.46643
0	1.46013
0	1.46067
0	1.46424
0	1.46067
0	1.46013
0	1.4604
0	1.45602
0	1.45163
0	1.45327
0	1.45136
0	1.45574
0	1.46287
0	1.45985
0	1.4678
0	1.47657
0	1.46999
0	1.47821
0	1.49219
0	1.49274
0	1.49712
0	1.48918
0	1.48835
0	1.49575
0	1.48918
0	1.49137
0	1.48287
0	1.47602
0	1.46643
0	1.46314
0	1.46506
0	1.46862
0	1.46643
0	1.46369
0	1.45821
0	1.45574
0	1.4604
0	1.46396
0	1.45684
0	1.45684
0	1.45382
0	1.45602
0	1.45602
0	1.45081
0	1.45602
0	1.45382
0	1.44779
0	1.45026
0	1.45848
0	1.45547
0	1.45739
0	1.45848
0	1.46616
0	1.46122
0	1.45711
0	1.45602
0	1.46369
0	1.45793
0	1.45985
0	1.45273
0	1.45081
0	1.45355
0	1.45437
0	1.46862
0	1.45437
0	1.45793
0	1.45492
0	1.46013
0	1.4604
0	1.45876
0	1.4604
0	1.46369
0	1.46533
0	1.45958
0	1.46122
0	1.45903
0	1.46287
0	1.4678
0	1.46753
0	1.46533
0	1.48616
0	1.49192
0	1.48424
0	1.47301
0	1.48013
0	1.48342
0	1.48287
0	1.48232
0	1.48452
0	1.47684
0	1.47492
0	1.48369
0	1.47602
0	1.47273
0	1.46972
0	1.4667
0	1.4593
0	1.46122
0	1.4604
0	1.46095
0	1.45985
0	1.46588
0	1.46616
0	1.46232
0	1.4593
0	1.46177
0	1.4615
0	1.45985
0	1.46067
0	1.45793
0	1.45958
0	1.46287
0	1.46232
0	1.45985
0	1.45876
0	1.44971
0	1.45327
0	1.45574
0	1.45163
0	1.39764
0	1.41381
0	1.42203
0	1.40395
0	1.40943
0	1.40203
0	1.3949
0	1.38833
0	1.37791
0	1.38394
0	1.37435
0	1.38312
0	1.38805
0	1.3886
0	1.38504
0	1.37956
0	1.38586
0	1.38668
0	1.39244
0	1.39298
0	1.40641
0	1.4245
0	1.41217
0	1.40915
0	1.41518
0	1.4108
0	1.40915
0	1.39929
0	1.40367
0	1.40038
0	1.40285
0	1.4023
0	1.40038
0	1.39847
0	1.3971
0	1.40312
0	1.40285
0	1.39874
0	1.4023
0	1.39984
0	1.39244
0	1.39518
0	1.3875
0	1.39271
0	1.39901
0	1.40175
0	1.40066
0	1.40395
0	1.40258
0	1.39764
0	1.39929
0	1.39819
0	1.3897
0	1.38696
0	1.39271
0	1.3949
0	1.39545
0	1.39682
0	1.39381
0	1.39463
0	1.396
0	1.39682
0	1.40038
0	1.39545
0	1.40038
0	1.39984
0	1.40148
0	1.40093
0	1.39518
0	1.39545
0	1.39627
0	1.39764
0	1.38997
0	1.38147
0	1.37654
0	1.38613
0	1.38613
0	1.38476
0	1.38175
0	1.37956
0	1.38339
0	1.3897
0	1.42477
0	1.40833
0	1.40614
0	1.40806
0	1.40504
0	1.40915
0	1.40696
0	1.40915
0	1.40778
0	1.40833
0	1.40915
0	1.41518
0	1.41381
0	1.41984
0	1.42203
0	1.41957
0	1.41463
0	1.41381
0	1.4108
0	1.4097
0	1.40833
0	1.40861
0	1.41573
0	1.41189
0	1.40669
0	1.40696
0	1.40778
0	1.41491
0	1.41162
0	1.41025
0	1.41162
0	1.41381
0	1.41326
0	1.41272
0	1.40915
0	1.41217
0	1.4108
0	1.40751
0	1.39326
0	1.40066
0	1.40203
0	1.39792
0	1.42395
0	1.43574
0	1.42971
0	1.43985
0	1.43382
0	1.42614
0	1.42258
0	1.41902
0	1.42861
0	1.42669
0	1.43025
0	1.42477
0	1.43491
0	1.43957
0	1.43793
0	1.44423
0	1.44779
0	1.43957
0	1.43628
0	1.43327
0	1.43848
0	1.44231
0	1.43848
0	1.43327
0	1.43491
0	1.42012
0	1.42286
0	1.41984
0	1.41655
0	1.41628
0	1.42012
0	1.4234
0	1.42258
0	1.42587
0	1.42614
0	1.42532
0	1.4182
0	1.41573
0	1.42587
0	1.41902
0	1.42423
0	1.41847
0	1.41957
0	1.42395
0	1.42888
0	1.42587
0	1.42094
0	1.42368
0	1.4256
0	1.40888
0	1.38887
0	1.40011
0	1.39298
0	1.39682
0	1.39271
0	1.39627
0	1.39984
0	1.40285
0	1.40367
0	1.40559
0	1.40175
0	1.3971
0	1.40121
0	1.39627
0	1.39819
0	1.39984
0	1.39545
0	1.39107
0	1.39463
0	1.3949
0	1.39984
0	1.40422
0	1.40559
0	1.4023
0	1.40806
0	1.41162
0	1.41847
0	1.41683
0	1.41628
0	1.41272
0	1.41107
0	1.40861
0	1.40806
0	1.40641
0	1.41025
0	1.41381
0	1.41025
0	1.40723
0	1.40943
0	1.4108
0	1.41162
0	1.41189
0	1.40723
0	1.40011
0	1.40504
0	1.40395
0	1.4097
0	1.40477
0	1.40751
0	1.40312
0	1.40395
0	1.39792
0	1.39024
0	1.39271
0	1.39298
0	1.39134
0	1.39381
0	1.39381
0	1.38997
0	1.39189
0	1.38805
0	1.38778
0	1.38613
0	1.38997
0	1.38833
0	1.38504
0	1.3971
0	1.40367
0	1.40038
0	1.40148
0	1.4023
0	1.40477
0	1.39655
0	1.35544
0	1.34914
0	1.35791
0	1.34475
0	1.34338
0	1.34859
0	1.35489
0	1.35845
0	1.36311
0	1.36942
0	1.36859
0	1.36668
0	1.36668
0	1.36722
0	1.36229
0	1.359
0	1.35708
0	1.36037
0	1.35078
0	1.34037
0	1.34667
0	1.34886
0	1.33982
0	1.34393
0	1.35215
0	1.35297
0	1.35133
0	1.35489
0	1.36366
0	1.36311
0	1.35955
0	1.35708
0	1.36092
0	1.36065
0	1.35763
0	1.35928
0	1.35845
0	1.36366
0	1.36558
0	1.36805
0	1.3675
0	1.36257
0	1.37133
0	1.37024
0	1.37298
0	1.37079
0	1.36339
0	1.3601
0	1.35708
0	1.35873
0	1.36284
0	1.36119
0	1.35325
0	1.35736
0	1.35845
0	1.36065
0	1.35845
0	1.36257
0	1.36394
0	1.359
0	1.36668
0	1.36202
0	1.36311
0	1.3664
0	1.36257
0	1.36777
0	1.36722
0	1.37106
0	1.37325
0	1.38339
0	1.3727
0	1.37133
0	1.37325
0	1.37051
0	1.37435
0	1.36914
0	1.36558
0	1.36257
0	1.36531
0	1.36503
0	1.36037
0	1.36887
0	1.36996
0	1.37051
0	1.36969
0	1.36887
0	1.37216
0	1.37654
0	1.37408
0	1.37764
0	1.38202
0	1.3823
0	1.38065
0	1.37901
0	1.38476
0	1.38421
0	1.38449
0	1.3875
0	1.39024
0	1.38997
0	1.38942
0	1.3812
0	1.38312
0	1.38559
0	1.38805
0	1.38175
0	1.38449
0	1.38093
0	1.3801
0	1.37736
0	1.37873
0	1.37736
0	1.37051
0	1.37243
0	1.38394
0	1.38723
0	1.38449
0	1.38202
0	1.37654
0	1.37928
0	1.38504
0	1.38531
0	1.37901
0	1.3812
0	1.37764
0	1.38038
0	1.38394
0	1.38723
0	1.38586
0	1.38284
0	1.38421
0	1.38257
0	1.38421
0	1.38723
0	1.39161
0	1.40422
0	1.40888
0	1.40806
0	1.41737
0	1.42971
0	1.42697
0	1.43848
0	1.4319
0	1.43135
0	1.42423
0	1.42505
0	1.41957
0	1.42176
0	1.41737
0	1.41546
0	1.41052
0	1.4097
0	1.41354
0	1.41162
0	1.40806
0	1.41189
0	1.41463
0	1.41326
0	1.41381
0	1.41162
0	1.41107
0	1.40641
0	1.40258
0	1.40669
0	1.4034
0	1.39929
0	1.39737
0	1.39956
0	1.3897
0	1.38559
0	1.38915
0	1.38997
0	1.38312
0	1.37983
0	1.37819
0	1.37846
0	1.37051
0	1.36996
0	1.37408
0	1.37106
0	1.37682
0	1.37846
0	1.38339
0	1.38696
0	1.38915
0	1.38367
0	1.38997
0	1.38805
0	1.38833
0	1.3949
0	1.39463
0	1.39161
0	1.39244
0	1.38915
0	1.38723
0	1.3823
0	1.38421
0	1.3886
0	1.3886
0	1.39161
0	1.39161
0	1.39381
0	1.39381
0	1.3897
0	1.38915
0	1.38476
0	1.38559
0	1.38531
0	1.38038
0	1.37901
0	1.37216
0	1.36805
0	1.37188
0	1.36503
0	1.36585
0	1.37133
0	1.37791
0	1.37599
0	1.37545
0	1.37298
0	1.37599
0	1.37627
0	1.37873
0	1.37791
0	1.37873
0	1.37435
0	1.37517
0	1.37462
0	1.3738
0	1.37873
0	1.37682
0	1.37682
0	1.37846
0	1.38202
0	1.38065
0	1.37901
0	1.37462
0	1.37216
0	1.36887
0	1.36448
0	1.36722
0	1.36722
0	1.36832
0	1.3675
0	1.36668
0	1.37188
0	1.36914
0	1.36257
0	1.36092
0	1.36174
0	1.35626
0	1.35763
0	1.36339
0	1.36311
0	1.36585
0	1.36832
0	1.36311
0	1.36859
0	1.36421
0	1.36531
0	1.36832
0	1.36722
0	1.36585
0	1.36887
0	1.37216
0	1.37791
0	1.37627
0	1.37545
0	1.38065
0	1.38559
0	1.38641
0	1.38723
0	1.39134
0	1.38668
0	1.3875
0	1.38284
0	1.38668
0	1.39052
0	1.38915
0	1.39518
0	1.39271
0	1.39408
0	1.38586
0	1.38312
0	1.38449
0	1.39024
0	1.39408
0	1.3897
0	1.39244
0	1.39134
0	1.38997
0	1.38038
0	1.37846
0	1.37956
0	1.37599
0	1.37764
0	1.37956
0	1.37517
0	1.37764
0	1.37654
0	1.3812
0	1.38284
0	1.37736
0	1.37791
0	1.37353
0	1.37133
0	1.37819
0	1.37956
0	1.37791
0	1.37736
0	1.37599
0	1.37325
0	1.37106
0	1.37133
0	1.3675
0	1.36969
0	1.37161
0	1.37051
0	1.37654
0	1.37572
0	1.37736
0	1.37928
0	1.37736
0	1.37545
0	1.37682
0	1.37517
0	1.37682
0	1.38723
0	1.40367
0	1.39737
0	1.38038
0	1.38421
0	1.39107
0	1.39161
0	1.38668
0	1.39052
0	1.39353
0	1.39929
0	1.39737
0	1.39298
0	1.39463
0	1.39901
0	1.40203
0	1.39929
0	1.39682
0	1.40066
0	1.3949
0	1.39079
0	1.38833
0	1.38915
0	1.38421
0	1.38147
0	1.38504
0	1.38778
0	1.3875
0	1.38613
0	1.39079
0	1.3897
0	1.39052
0	1.38833
0	1.39079
0	1.39161
0	1.39079
0	1.39161
0	1.39079
0	1.38723
0	1.39024
0	1.39244
0	1.39216
0	1.3897
0	1.38696
0	1.3886
0	1.39134
0	1.39901
0	1.396
0	1.3971
0	1.39929
0	1.40532
0	1.40285
0	1.40586
0	1.40066
0	1.4023
0	1.4034
0	1.40422
0	1.40449
0	1.40367
0	1.40121
0	1.39956
0	1.40175
0	1.40532
0	1.40312
0	1.40367
0	1.4023
0	1.40038
0	1.40312
0	1.40559
0	1.40723
0	1.40586
0	1.40723
0	1.40477
0	1.40175
0	1.39792
0	1.39381
0	1.39216
0	1.39326
0	1.39572
0	1.39874
0	1.39847
0	1.39819
0	1.40038
0	1.39956
0	1.39874
0	1.39819
0	1.40038
0	1.40175
0	1.4023
0	1.4023
0	1.40038
0	1.40011
0	1.39929
0	1.40504
0	1.40285
0	1.40367
0	1.40422
0	1.40477
0	1.40175
0	1.40093
0	1.40011
0	1.39929
0	1.40066
0	1.40258
0	1.39901
0	1.39847
0	1.39874
0	1.3971
0	1.39572
0	1.39819
0	1.39737
0	1.39792
0	1.40038
0	1.39956
0	1.39847
0	1.39847
0	1.39847
0	1.39847
0	1.39819
0	1.39819
0	1.39819
0	1.3971
0	1.39572
0	1.39545
0	1.39518
0	1.39627
0	1.39463
0	1.39518
0	1.39682
0	1.39572
0	1.39682
0	1.39792
0	1.39682
0	1.39682
0	1.3949
0	1.39518
0	1.3949
0	1.39381
0	1.39408
0	1.39353
0	1.39353
0	1.39682
0	1.39381
0	1.39298
0	1.38696
0	1.38915
0	1.38778
0	1.38641
0	1.38202
0	1.38339
0	1.38257
0	1.38284
0	1.38641
0	1.38723
0	1.38805
0	1.38915
0	1.38394
0	1.38449
0	1.38394
0	1.38257
0	1.38613
0	1.38421
0	1.37983
0	1.38202
0	1.38559
0	1.38641
0	1.38559
0	1.38449
0	1.38339
0	1.38723
0	1.38833
0	1.39024
0	1.39189
0	1.39353
0	1.39271
0	1.39298
0	1.39134
0	1.39134
0	1.39161
0	1.39052
0	1.3886
0	1.38696
0	1.38942
0	1.38942
0	1.3875
0	1.38833
0	1.38915
0	1.3897
0	1.38915
0	1.39134
0	1.39024
0	1.38887
0	1.38586
0	1.38175
0	1.3812
0	1.38093
0	1.3801
0	1.37791
0	1.37901
0	1.37846
0	1.37846
0	1.37682
0	1.37983
0	1.37791
0	1.37819
0	1.37956
0	1.37736
0	1.37791
0	1.37956
0	1.37819
0	1.37791
0	1.37736
0	1.37709
0	1.37736
0	1.37736
0	1.37901
0	1.37901
0	1.3801
0	1.38339
0	1.38175
0	1.38065
0	1.37901
0	1.37901
0	1.3801
0	1.37819
0	1.37928
0	1.37106
0	1.37106
0	1.3727
0	1.37408
0	1.37462
0	1.37545
0	1.37545
0	1.37517
0	1.37627
0	1.37736
0	1.37462
0	1.37435
0	1.37243
0	1.37216
0	1.37462
0	1.37545
0	1.37654
0	1.37736
0	1.38065
0	1.38312
0	1.38723
0	1.38367
0	1.38559
0	1.38147
0	1.3812
0	1.38339
0	1.38531
0	1.38476
0	1.38778
0	1.38942
0	1.39244
0	1.38942
0	1.39189
0	1.39024
0	1.38778
0	1.38586
0	1.38613
0	1.38394
0	1.38504
0	1.38942
0	1.38805
0	1.38668
0	1.38339
0	1.3738
0	1.37188
0	1.3727
0	1.37462
0	1.37682
0	1.37682
0	1.37572
0	1.37599
0	1.37764
0	1.37901
0	1.3823
0	1.3823
0	1.38339
0	1.3812
0	1.37928
0	1.37873
0	1.37873
0	1.37956
0	1.38175
0	1.38065
0	1.3823
0	1.38202
0	1.38367
0	1.3823
0	1.38257
0	1.38421
0	1.38339
0	1.38696
0	1.38723
0	1.38586
0	1.38668
0	1.38559
0	1.38559
0	1.38613
0	1.38586
0	1.38394
0	1.38147
0	1.37901
0	1.37873
0	1.37983
0	1.38257
0	1.38394
0	1.38367
0	1.38339
0	1.38339
0	1.38175
0	1.38312
0	1.38339
0	1.3812
0	1.38038
0	1.37627
0	1.37819
0	1.37901
0	1.37791
0	1.37983
0	1.37983
0	1.38339
0	1.38367
0	1.38394
0	1.38257
0	1.3801
0	1.38038
0	1.38476
0	1.39518
0	1.39655
0	1.39901
0	1.39627
0	1.40011
0	1.40066
0	1.40148
0	1.40175
0	1.40312
0	1.40285
0	1.40011
0	1.40285
0	1.40559
0	1.40175
0	1.40121
0	1.40038
0	1.40148
0	1.4034
0	1.40614
0	1.40559
0	1.40395
0	1.41107
0	1.40915
0	1.41381
0	1.41299
0	1.42423
0	1.41792
0	1.41847
0	1.41847
0	1.41546
0	1.40998
0	1.41244
0	1.41217
0	1.40751
0	1.40614
0	1.40669
0	1.41354
0	1.41518
0	1.41354
0	1.41436
0	1.41655
0	1.40943
0	1.41135
0	1.41491
0	1.41326
0	1.41299
0	1.41326
0	1.41354
0	1.41518
0	1.41737
0	1.4182
0	1.43437
0	1.43546
0	1.43683
0	1.43711
-1	1.43382
-1	1.43848
-1	1.43902
-1	1.44122
-1	1.43464
-1	1.43327
-1	1.42834
-1	1.42806
-1	1.42806
-1	1.4256
-1	1.42231
-1	1.42669
-1	1.42669
-1	1.43025
-1	1.4308
-1	1.43053
-1	1.42834
-1	1.42998
-1	1.43025
-1	1.42861
-1	1.42477
-1	1.42532
-1	1.42888
-1	1.42395
-1	1.42697
-1	1.43163
-1	1.43327
-1	1.43437
-1	1.4308
-1	1.43272
-1	1.42943
-1	1.43163
-1	1.42203
-1	1.42039
-1	1.42203
-1	1.41902
-1	1.42066
-1	1.42258
-1	1.42258
-1	1.41765
-1	1.41272
-1	1.40723
-1	1.40888
-1	1.41189
-1	1.4097
-1	1.40998
-1	1.41052
-1	1.41107
-1	1.41326
-1	1.41463
-1	1.41463
-1	1.41874
-1	1.41135
-1	1.41518
-1	1.41655
-1	1.41491
-1	1.41381
-1	1.41381
-1	1.41326
-1	1.41189
-1	1.41244
-1	1.41326
-1	1.41573
-1	1.41847
-1	1.41765
-1	1.41655
-1	1.4182
-1	1.41683
-1	1.41737
-1	1.416
-1	1.41683
-1	1.4171
-1	1.41162
-1	1.40586
-1	1.41135
-1	1.41409
-1	1.40696
-1	1.4034
-1	1.39134
-1	1.38449
-1	1.38613
-1	1.3886
-1	1.38531
-1	1.38887
-1	1.3897
-1	1.39189
-1	1.38915
-1	1.39271
-1	1.39435
-1	1.39627
-1	1.39107
-1	1.38942
-1	1.3886
-1	1.38915
-1	1.3886
-1	1.39052
-1	1.39381
-1	1.39435
-1	1.39435
-1	1.39737
-1	1.39107
-1	1.3875
-1	1.3823
-1	1.3749
-1	1.37901
-1	1.37654
-1	1.3801
-1	1.38065
-1	1.38093
-1	1.38038
-1	1.37654
-1	1.3801
-1	1.37873
-1	1.37599
-1	1.37599
-1	1.37517
-1	1.37325
-1	1.37736
-1	1.37764
-1	1.37791
-1	1.38696
-1	1.38284
-1	1.38668
-1	1.38421
-1	1.38147
-1	1.37819
-1	1.38421
-1	1.38778
-1	1.38586
-1	1.3823
-1	1.37353
1	1.37682
1	1.37654
1	1.37682
1	1.37627
1	1.37545
1	1.37298
1	1.3749
1	1.37764
1	1.37956
1	1.38038
1	1.37901
1	1.38175
1	1.37956
1	1.38038
1	1.37791
1	1.3738
1	1.37079
1	1.37627
1	1.37764
1	1.37956
1	1.3812
1	1.38175
1	1.37956
1	1.37956
1	1.38038
1	1.38339
1	1.38449
1	1.38312
1	1.38449
1	1.38559
1	1.38147
1	1.38312
1	1.38723
1	1.38394
1	1.38367
1	1.38038
1	1.38065
1	1.3823
1	1.37764
1	1.37627
1	1.37654
1	1.37873
1	1.37928
1	1.38093
1	1.38202
1	1.38367
1	1.38367
1	1.38476
1	1.38613
1	1.3875
1	1.38449
1	1.38421
1	1.38449
1	1.38559
1	1.38339
1	1.38312
1	1.38449
1	1.3886
1	1.38559
1	1.38805
1	1.38504
1	1.38559
1	1.38476
1	1.38723
1	1.3886
1	1.38915
1	1.39052
1	1.39107
1	1.3897
1	1.39326
1	1.39847
1	1.40395
1	1.4023
1	1.40121
1	1.39929
1	1.39298
1	1.39572
1	1.396
1	1.39463
1	1.39545
1	1.3949
1	1.39518
1	1.39381
1	1.39435
1	1.39189
1	1.39298
1	1.39819
1	1.39381
1	1.39737
1	1.39572
1	1.39381
1	1.39545
1	1.39572
1	1.39901
1	1.40066
1	1.396
1	1.39819
1	1.39655
1	1.39655
1	1.39518
1	1.39545
1	1.39353
1	1.39244
1	1.39572
1	1.39737
1	1.39764
1	1.39764
1	1.39847
1	1.39764
1	1.39874
1	1.40395
1	1.40477
1	1.40203
1	1.40559
1	1.40422
1	1.40614
1	1.40778
1	1.40696
1	1.40449
1	1.40285
1	1.4034
1	1.40367
1	1.40038
1	1.40367
1	1.40422
1	1.40559
1	1.40395
1	1.4034
1	1.40367
1	1.40504
1	1.40449
1	1.40175
1	1.40422
1	1.41847
1	1.41984
1	1.42203
1	1.4182
1	1.41902
1	1.41737
1	1.41847
1	1.42258
1	1.4234
1	1.42149
1	1.42313
1	1.42834
1	1.43245
1	1.42779
1	1.43053
1	1.43491
1	1.4319
1	1.43025
1	1.43409
1	1.43628
1	1.43464
1	1.4593
1	1.48287
1	1.47767
-1	1.46396
-1	1.46396
-1	1.45629
-1	1.4615
-1	1.45053
-1	1.44588
-1	1.45136
-1	1.43848
-1	1.44533
-1	1.44971
-1	1.45437
-1	1.45629
-1	1.45602
-1	1.45547
-1	1.45465
-1	1.45793
-1	1.46067
-1	1.46341
-1	1.46177
-1	1.46067
-1	1.45821
-1	1.45793
-1	1.45848
-1	1.4604
-1	1.45684
-1	1.43848
-1	1.44533
-1	1.44615
-1	1.44889
-1	1.44862
-1	1.44286
-1	1.44204
-1	1.44067
-1	1.43875
-1	1.41792
1	1.41902
1	1.416
1	1.41052
1	1.41354
1	1.41052
1	1.40614
1	1.41162
1	1.41902
1	1.42203
1	1.42066
1	1.42313
1	1.42779
1	1.42614
1	1.42286
1	1.42423
1	1.4245
1	1.42916
1	1.43217
1	1.43409
1	1.43327
1	1.43491
1	1.44341
1	1.44204
1	1.4382
1	1.44039
1	1.4382
1	1.4382
1	1.44094
1	1.43875
1	1.44176
1	1.44176
1	1.44039
-1	1.43574
-1	1.4319
-1	1.43245
-1	1.42724
-1	1.43409
-1	1.42286
-1	1.42231
-1	1.41957
-1	1.41847
-1	1.42313
-1	1.41929
-1	1.42176
-1	1.42368
-1	1.4234
-1	1.42176
-1	1.42532
-1	1.4245
-1	1.42258
-1	1.42286
-1	1.41984
-1	1.41874
-1	1.41984
-1	1.42477
-1	1.42943
-1	1.42669
-1	1.42532
-1	1.42532
-1	1.42149
-1	1.42313
-1	1.42231
-1	1.42395
-1	1.42642
-1	1.42751
-1	1.42861
-1	1.42971
-1	1.42751
-1	1.42697
-1	1.42669
-1	1.42669
-1	1.42834
-1	1.42971
-1	1.43053
-1	1.43053
-1	1.43135
-1	1.43025
-1	1.43217
-1	1.43491
-1	1.43628
-1	1.44149
-1	1.4382
-1	1.43354
-1	1.43519
-1	1.43464
-1	1.43738
-1	1.4382
-1	1.43848
-1	1.43409
-1	1.43163
-1	1.42861
-1	1.42943
-1	1.43217
-1	1.43272
-1	1.43053
-1	1.43382
-1	1.43354
-1	1.43245
-1	1.42806
-1	1.42724
-1	1.43025
-1	1.42834
-1	1.43108
-1	1.42724
-1	1.4234
-1	1.4234
-1	1.42066
-1	1.42286
-1	1.42505
-1	1.4256
-1	1.42642
-1	1.42395
-1	1.42149
-1	1.41792
-1	1.42423
-1	1.42176
-1	1.4234
-1	1.42203
-1	1.41957
-1	1.4171
-1	1.42012
-1	1.42286
-1	1.42121
-1	1.42532
-1	1.42806
-1	1.4256
-1	1.42806
-1	1.42888
-1	1.42724
-1	1.42505
-1	1.42286
-1	1.42368
-1	1.42587
-1	1.4319
-1	1.42971
-1	1.41929
-1	1.42286
-1	1.42176
-1	1.42313
-1	1.42258
-1	1.41984
-1	1.42313
-1	1.42423
-1	1.42423
-1	1.42149
-1	1.42094
-1	1.41409
-1	1.41765
-1	1.41957
-1	1.42258
-1	1.4234
-1	1.42176
-1	1.42313
-1	1.42313
-1	1.42423
-1	1.42286
-1	1.42368
-1	1.4245
-1	1.42313
-1	1.42149
-1	1.42368
-1	1.42313
-1	1.4245
-1	1.42313
-1	1.42477
-1	1.42943
-1	1.42724
-1	1.42423
-1	1.42806
-1	1.42587
-1	1.42258
-1	1.42368
-1	1.42313
-1	1.42066
-1	1.42121
-1	1.42176
-1	1.42094
-1	1.41847
-1	1.41737
-1	1.42149
-1	1.41984
-1	1.42012
-1	1.42231
-1	1.42176
-1	1.42286
-1	1.42368
-1	1.42203
-1	1.42176
-1	1.42149
-1	1.42423
-1	1.4245
-1	1.42423
-1	1.42477
-1	1.42587
-1	1.42423
-1	1.42149
-1	1.42203
-1	1.42368
-1	1.42834
-1	1.42943
-1	1.43053
-1	1.42888
-1	1.42779
-1	1.42834
-1	1.42998
-1	1.43025
-1	1.43491
-1	1.43409
-1	1.43464
-1	1.433
-1	1.42724
-1	1.4256
-1	1.42943
-1	1.42998
-1	1.42916
-1	1.42724
-1	1.42779
-1	1.43053
-1	1.43245
-1	1.43135
-1	1.42834
-1	1.42971
-1	1.42971
-1	1.42971
-1	1.42724
-1	1.42505
-1	1.42751
-1	1.42724
-1	1.41902
-1	1.40669
-1	1.40066
-1	1.40477
-1	1.40806
-1	1.40751
-1	1.40559
-1	1.40614
-1	1.40943
-1	1.41409
-1	1.41052
-1	1.41025
-1	1.40915
-1	1.40888
-1	1.40614
-1	1.41052
-1	1.40641
-1	1.40641
-1	1.40778
-1	1.40833
-1	1.41162
-1	1.41189
-1	1.41354
-1	1.41162
-1	1.4108
-1	1.40586
-1	1.40258
-1	1.40641
-1	1.40915
-1	1.40641
-1	1.40532
-1	1.4034
-1	1.40559
-1	1.40723
-1	1.40943
-1	1.41135
-1	1.4108
-1	1.40915
-1	1.40559
-1	1.40532
-1	1.40586
-1	1.40943
-1	1.41052
-1	1.40861
-1	1.40641
-1	1.40367
-1	1.40504
-1	1.40833
-1	1.40833
-1	1.40778
-1	1.40696
-1	1.40148
-1	1.39847
-1	1.40121
-1	1.40422
-1	1.40422
-1	1.40367
-1	1.40093
-1	1.40449
-1	1.40258
-1	1.39956
-1	1.39216
1	1.39216
1	1.39408
1	1.39189
1	1.39408
1	1.39189
1	1.39572
1	1.39463
1	1.396
1	1.39737
1	1.40038
1	1.40285
1	1.39847
1	1.40148
1	1.39984
1	1.39874
1	1.40011
1	1.39819
1	1.39819
1	1.39737
1	1.40066
1	1.40066
1	1.39901
1	1.39819
1	1.40121
1	1.40148
1	1.40395
1	1.4034
1	1.40422
1	1.40532
1	1.40285
1	1.40175
1	1.39792
1	1.40011
1	1.40422
1	1.40559
1	1.4023
1	1.4034
1	1.39984
1	1.40093
1	1.40285
1	1.39901
1	1.39764
1	1.39929
1	1.4023
1	1.40121
1	1.40258
1	1.40367
1	1.40449
1	1.40477
1	1.40614
1	1.40943
1	1.4108
1	1.40806
1	1.41326
1	1.41463
1	1.41326
1	1.41272
1	1.41381
1	1.40915
1	1.4108
1	1.41381
1	1.41381
1	1.41737
1	1.41299
1	1.41326
1	1.41436
1	1.4108
1	1.40998
1	1.40614
1	1.40641
1	1.41244
1	1.416
1	1.41518
1	1.41381
1	1.41491
1	1.41299
1	1.41354
1	1.41463
1	1.41847
1	1.42395
1	1.4256
1	1.43163
1	1.43409
1	1.42751
1	1.42971
1	1.42258
1	1.42697
1	1.42806
1	1.42861
1	1.42505
1	1.42039
1	1.42751
1	1.42642
1	1.42286
1	1.42176
1	1.42806
1	1.42614
1	1.43025
1	1.42532
1	1.42423
1	1.42258
1	1.42587
1	1.42231
1	1.41957
1	1.41929
1	1.41765
1	1.42313
1	1.42313
1	1.42121
1	1.42505
1	1.42642
1	1.42834
1	1.42888
1	1.42943
1	1.4319
1	1.433
1	1.43546
1	1.43601
1	1.43053
1	1.43108
1	1.43437
1	1.43409
1	1.43519
1	1.43848
1	1.44971
1	1.47301
-1	1.46259
-1	1.45519
-1	1.45903
-1	1.45656
-1	1.45081
-1	1.44451
-1	1.44725
-1	1.44725
-1	1.44916
-1	1.4467
-1	1.43985
-1	1.43902
-1	1.44067
-1	1.43793
-1	1.44122
-1	1.44396
-1	1.44451
-1	1.43957
-1	1.44204
-1	1.44451
-1	1.44779
-1	1.44862
-1	1.4519
-1	1.45382
-1	1.45245
-1	1.45327
-1	1.45793
-1	1.45218
-1	1.44012
-1	1.43793
-1	1.433
-1	1.43574
-1	1.4393
-1	1.43409
-1	1.42916
-1	1.39984
-1	1.34804
-1	1.34667
-1	1.33763
-1	1.35243
-1	1.33982
1	1.34119
1	1.33817
1	1.34311
1	1.3453
1	1.34448
1	1.34914
1	1.35352
1	1.35873
1	1.36394
1	1.36421
1	1.35736
1	1.35982
1	1.36065
1	1.36229
1	1.35955
1	1.36257
1	1.35982
1	1.36202
1	1.36969
1	1.36805
1	1.37545
1	1.37353
1	1.36942
1	1.37243
-1	1.36366
-1	1.36119
-1	1.36531
-1	1.36613
-1	1.36229
-1	1.36092
-1	1.35599
-1	1.35243
-1	1.35297
-1	1.35818
-1	1.359
-1	1.35599
-1	1.3516
-1	1.35599
-1	1.35818
-1	1.35955
-1	1.35736
-1	1.35626
-1	1.35791
-1	1.3538
-1	1.35462
-1	1.35407
-1	1.35462
-1	1.34201
-1	1.34557
-1	1.35626
-1	1.35845
-1	1.35325
-1	1.35818
-1	1.3601
-1	1.35352
-1	1.33817
-1	1.34037
-1	1.34585
-1	1.34886
-1	1.35599
-1	1.35626
-1	1.35571
-1	1.34996
-1	1.34722
-1	1.35243
-1	1.3527
-1	1.35051
-1	1.35517
-1	1.35407
-1	1.34283
-1	1.34749
-1	1.3516
-1	1.35489
-1	1.35462
-1	1.35626
-1	1.36339
-1	1.36119
-1	1.35982
-1	1.36202
-1	1.36092
-1	1.35708
-1	1.359
-1	1.36531
-1	1.36394
-1	1.36339
-1	1.35873
-1	1.35708
-1	1.35599
-1	1.35106
-1	1.34996
-1	1.35654
-1	1.35708
-1	1.35023
-1	1.34914
-1	1.35325
-1	1.35407
-1	1.35571
-1	1.34996
-1	1.34722
-1	1.34612
-1	1.34612
-1	1.3453
-1	1.34311
-1	1.3453
-1	1.34475
-1	1.3379
-1	1.34229
-1	1.34667
-1	1.34886
-1	1.35297
-1	1.35133
-1	1.34585
-1	1.34475
-1	1.34694
-1	1.35023
-1	1.34612
-1	1.34366
-1	1.34283
-1	1.34037
-1	1.33653
-1	1.32255
-1	1.31844
-1	1.3031
-1	1.30693
-1	1.30666
-1	1.2883
-1	1.28748
-1	1.29597
-1	1.29433
-1	1.2872
-1	1.29488
-1	1.28446
-1	1.29076
-1	1.29241
-1	1.28611
-1	1.28419
-1	1.29186
-1	1.29049
-1	1.28638
-1	1.29159
-1	1.29213
-1	1.29104
-1	1.29104
-1	1.29131
-1	1.29296
-1	1.29378
-1	1.29597
-1	1.2957
-1	1.29296
-1	1.29597
-1	1.29899
-1	1.29762
-1	1.29844
-1	1.30227
-1	1.30666
-1	1.29625
-1	1.29981
-1	1.3009
-1	1.29652
-1	1.29542
-1	1.29789
-1	1.2957
-1	1.29816
-1	1.29049
-1	1.28912
-1	1.29131
-1	1.29844
-1	1.30282
-1	1.3009
-1	1.30611
-1	1.31132
-1	1.30967
-1	1.3009
-1	1.30118
-1	1.3009
-1	1.29953
-1	1.30173
-1	1.29679
-1	1.29844
-1	1.30227
-1	1.29131
-1	1.28035
-1	1.2883
-1	1.27843
-1	1.28748
-1	1.29241
-1	1.28638
-1	1.29296
-1	1.28994
-1	1.29076
-1	1.28885
-1	1.28994
-1	1.29351
-1	1.29186
-1	1.29186
-1	1.29351
-1	1.2883
-1	1.28474
-1	1.28062
-1	1.28062
-1	1.27898
-1	1.28035
-1	1.27624
-1	1.28282
-1	1.27953
-1	1.28254
-1	1.28254
-1	1.2809
-1	1.2872
-1	1.27871
-1	1.27542
-1	1.2809
-1	1.27679
-1	1.27405
-1	1.27076
-1	1.26829
-1	1.2724
-1	1.26254
-1	1.26418
-1	1.25925
-1	1.26583
-1	1.26446
-1	1.26665
-1	1.25295
-1	1.25075
-1	1.24966
-1	1.25432
-1	1.25733
-1	1.25212
-1	1.24993
-1	1.21951
1	1.22691
1	1.22636
1	1.21896
1	1.22307
1	1.22445
1	1.21732
1	1.20965
1	1.21705
1	1.21951
1	1.21924
1	1.21211
1	1.21732
1	1.21239
1	1.21951
1	1.22198
1	1.22362
1	1.22719
1	1.22965
1	1.23075
1	1.23842
1	1.23102
1	1.22856
1	1.22445
1	1.22198
1	1.22499
1	1.2313
1	1.23157
1	1.23157
1	1.23184
1	1.2291
1	1.22965
1	1.22993
1	1.23184
1	1.23404
1	1.23787
1	1.23596
1	1.23678
1	1.23705
1	1.2365
1	1.23513
1	1.23623
1	1.24061
1	1.24829
1	1.24034
1	1.2387
1	1.24089
1	1.23979
1	1.23787
1	1.23924
1	1.23787
1	1.23486
1	1.23486
1	1.23541
1	1.23705
1	1.23568
1	1.23733
1	1.24116
1	1.245
1	1.24308
1	1.24034
1	1.24308
1	1.24226
1	1.24664
1	1.24609
0	1.24555
0	1.24418
0	1.24363
0	1.24281
0	1.24335
0	1.24801
0	1.25541
0	1.2672
0	1.26062
0	1.25623
0	1.26089
0	1.26309
0	1.27213
0	1.29405
0	1.29542
0	1.28611
0	1.28528
0	1.282
0	1.28145
0	1.29131
0	1.29022
0	1.29241
0	1.28693
0	1.29186
0	1.29268
0	1.29378
0	1.30036
0	1.29351
0	1.28912
0	1.28885
0	1.28967
0	1.29296
0	1.29323
0	1.29076
0	1.28611
0	1.28501
0	1.28693
0	1.28857
0	1.2872
0	1.28665
0	1.29296
0	1.29186
0	1.28967
0	1.29762
0	1.29323
0	1.29076
0	1.29186
0	1.29296
0	1.29488
0	1.2946
0	1.29323
0	1.28748
0	1.28419
0	1.27432
0	1.27542
0	1.28419
0	1.28117
0	1.27514
0	1.27624
0	1.27597
0	1.27405
0	1.27569
0	1.27487
0	1.27706
0	1.28117
0	1.27953
0	1.28035
0	1.28062
0	1.2809
0	1.28172
0	1.28556
0	1.28391
0	1.28474
0	1.28885
0	1.28885
0	1.28994
0	1.2883
0	1.2872
0	1.2883
0	1.28528
0	1.28693
0	1.29022
0	1.29241
0	1.28967
0	1.28638
0	1.28967
0	1.28967
0	1.2883
0	1.28693
0	1.28474
0	1.28528
0	1.28446
0	1.27624
0	1.27953
0	1.27624
0	1.27898
0	1.27843
0	1.28035
0	1.28556
0	1.28337
0	1.28419
0	1.28254
0	1.28117
0	1.27843
0	1.28008
0	1.28419
0	1.28254
0	1.28309
0	1.28474
0	1.28748
0	1.2746
0	1.27131
0	1.2587
0	1.26062
0	1.26281
0	1.25651
0	1.26473
0	1.26884
0	1.26555
0	1.26665
0	1.26363
0	1.26309
0	1.25733
0	1.25295
0	1.25075
0	1.25322
0	1.24719
0	1.24993
0	1.2513
0	1.26144
0	1.26199
0	1.26583
0	1.26829
0	1.2661
0	1.26363
0	1.26309
0	1.26007
0	1.26089
0	1.2672
0	1.2587
0	1.26418
0	1.27049
0	1.26829
0	1.26966
0	1.27049
0	1.27186
0	1.2735
0	1.2746
0	1.26829
0	1.27651
0	1.32009
0	1.31433
0	1.30913
0	1.30967
0	1.302
0	1.29296
0	1.29076
0	1.28474
0	1.28172
0	1.28665
0	1.28145
0	1.28885
0	1.29241
0	1.28885
0	1.28501
0	1.29159
0	1.28994
0	1.29488
0	1.2957
0	1.29405
0	1.29241
0	1.29542
0	1.2946
0	1.28748
0	1.27788
0	1.2724
0	1.2724
0	1.26665
0	1.26281
0	1.26911
0	1.25514
0	1.25678
0	1.26172
0	1.26336
0	1.26528
0	1.26665
0	1.26829
0	1.26884
0	1.26994
0	1.27021
0	1.2724
0	1.27651
0	1.27569
0	1.27706
0	1.27542
0	1.27131
0	1.27213
0	1.2735
0	1.27103
0	1.26939
0	1.26583
0	1.27816
0	1.27405
0	1.2735
0	1.27021
0	1.25898
0	1.26391
0	1.26172
0	1.25898
0	1.25651
0	1.25459
0	1.25623
0	1.24938
0	1.25048
0	1.23267
0	1.24061
0	1.24527
0	1.24966
0	1.25103
0	1.24527
0	1.25377
0	1.25021
0	1.25596
0	1.25815
0	1.25843
0	1.26172
0	1.26199
0	1.26637
0	1.26583
0	1.26473
0	1.26692
0	1.26446
0	1.26528
0	1.26035
0	1.26089
0	1.26473
0	1.26829
0	1.2672
0	1.26418
0	1.26692
0	1.26966
0	1.2672
0	1.26363
0	1.2661
0	1.26473
0	1.26199
0	1.2576
0	1.25952
0	1.25925
0	1.25706
0	1.25514
0	1.26692
0	1.26172
0	1.2587
0	1.26062
0	1.25733
0	1.26117
0	1.26117
0	1.25925
0	1.26062
0	1.26144
0	1.25898
0	1.25815
0	1.25295
0	1.25514
0	1.25898
0	1.26117
0	1.26062
0	1.26446
0	1.25898
0	1.25377
0	1.25596
0	1.25103
0	1.24335
0	1.24664
0	1.24445
0	1.24226
0	1.24171
0	1.25103
0	1.25158
0	1.25021
0	1.25212
0	1.25048
0	1.24966
0	1.24664
0	1.24829
0	1.24664
0	1.25185
0	1.24801
0	1.25185
0	1.25158
0	1.2513
0	1.25103
0	1.25021
0	1.25158
0	1.25432
0	1.25267
0	1.25267
0	1.25349
0	1.24993
0	1.24856
0	1.2439
0	1.24609
0	1.25459
0	1.25158
0	1.24582
0	1.24445
0	1.24418
0	1.24692
0	1.24966
0	1.25103
0	1.25048
0	1.2513
0	1.26035
0	1.26637
0	1.26911
0	1.26747
0	1.26446
0	1.26418
0	1.26363
0	1.26829
0	1.26939
0	1.27076
0	1.28172
0	1.28556
0	1.28556
0	1.28748
0	1.29049
0	1.29241
0	1.28474
0	1.28775
0	1.28583
0	1.28748
0	1.28857
0	1.28446
0	1.28556
0	1.28857
0	1.2872
0	1.28665
0	1.2872
0	1.28857
0	1.28364
0	1.2798
0	1.27734
0	1.28062
0	1.28227
0	1.28337
0	1.28309
0	1.28638
0	1.28665
0	1.2883
0	1.28611
0	1.28391
0	1.28172
0	1.27898
0	1.28227
0	1.28556
0	1.28748
0	1.28419
0	1.28528
0	1.28748
0	1.2872
0	1.29104
0	1.28885
0	1.28172
0	1.2809
0	1.28556
0	1.28939
0	1.28693
0	1.28939
0	1.2809
0	1.28337
0	1.2872
0	1.2883
0	1.29159
0	1.29076
0	1.29597
0	1.29597
0	1.29899
0	1.29213
0	1.29104
0	1.29762
0	1.29844
0	1.29542
0	1.29871
0	1.29899
0	1.29625
0	1.29981
0	1.31296
0	1.32118
0	1.32146
0	1.31378
0	1.31735
0	1.30776
0	1.31269
0	1.3105
0	1.30584
0	1.30529
0	1.30776
0	1.31159
0	1.30776
0	1.30474
0	1.3094
0	1.30858
0	1.30693
0	1.30474
0	1.30776
0	1.30693
0	1.30693
0	1.30885
0	1.30556
0	1.30776
0	1.31022
0	1.30885
0	1.3083
0	1.30611
0	1.28008
0	1.24308
0	1.22883
0	1.22445
0	1.22061
0	1.24034
0	1.24719
0	1.24198
0	1.24692
0	1.24829
0	1.25925
0	1.25678
0	1.25678
0	1.25267
0	1.25678
0	1.26281
0	1.26363
0	1.26446
0	1.26555
0	1.26774
0	1.28528
0	1.2798
0	1.28117
0	1.27734
0	1.26966
0	1.26446
0	1.26528
0	1.27103
0	1.26802
0	1.26911
0	1.27103
0	1.26747
0	1.27021
0	1.26911
0	1.26692
0	1.26692
0	1.26637
0	1.26884
0	1.2724
0	1.27186
0	1.27377
0	1.2735
0	1.27021
0	1.26911
0	1.26994
0	1.26939
0	1.26281
0	1.26363
0	1.26363
0	1.26391
0	1.26226
0	1.25952
0	1.26226
0	1.25925
0	1.25432
0	1.25295
0	1.25349
0	1.26035
0	1.25514
0	1.25459
0	1.25432
0	1.2576
0	1.25541
0	1.26007
0	1.26035
0	1.25733
0	1.25925
0	1.2598
0	1.25706
0	1.25432
0	1.25651
0	1.25486
0	1.25404
0	1.25377
0	1.25459
0	1.25596
0	1.25459
0	1.25678
0	1.25569
0	1.25815
0	1.26363
0	1.25815
0	1.26062
0	1.25678
0	1.25815
0	1.25815
0	1.26117
0	1.26336
0	1.26528
0	1.27049
0	1.27021
0	1.27158
0	1.27569
0	1.28556
0	1.27898
0	1.27432
0	1.27706
0	1.28145
0	1.27925
0	1.27514
0	1.27734
0	1.28062
0	1.28117
0	1.28282
0	1.28035
0	1.27843
0	1.27788
0	1.27706
0	1.28172
0	1.28172
0	1.2735
0	1.27761
0	1.27788
0	1.27871
0	1.27898
0	1.27487
0	1.27213
0	1.27268
0	1.27734
0	1.27542
0	1.27624
0	1.2809
0	1.27761
0	1.27213
0	1.2746
0	1.27542
0	1.28035
0	1.27788
0	1.27788
0	1.28254
0	1.28227
0	1.29625
0	1.29816
0	1.31022
0	1.29926
0	1.30803
0	1.32091
0	1.31241
0	1.30693
0	1.31022
0	1.30392
0	1.30063
0	1.29844
0	1.29816
0	1.29926
0	1.29981
0	1.30502
0	1.30282
0	1.29734
0	1.2883
0	1.29268
0	1.2957
0	1.2946
0	1.29213
0	1.29076
0	1.29159
0	1.29378
0	1.29597
0	1.29049
0	1.28857
0	1.28912
0	1.28912
0	1.28994
0	1.29268
0	1.29542
0	1.29542
0	1.28912
0	1.29104
0	1.29378
0	1.2798
0	1.28337
0	1.28693
0	1.28693
0	1.28337
0	1.28227
0	1.28062
0	1.28419
0	1.28501
0	1.2872
0	1.28939
0	1.28638
0	1.28583
0	1.29076
0	1.29186
0	1.29625
0	1.29953
0	1.29953
0	1.29816
0	1.29679
0	1.30036
0	1.30474
0	1.30337
0	1.30584
0	1.30502
0	1.302
0	1.30364
0	1.30639
0	1.30721
0	1.30748
0	1.31241
0	1.30967
0	1.31269
0	1.31132
0	1.30639
0	1.30776
0	1.30995
0	1.30803
0	1.30803
0	1.30474
0	1.31269
0	1.31433
0	1.31269
0	1.32612
0	1.31433
0	1.31378
0	1.30995
0	1.31104
0	1.31378
0	1.31214
0	1.31433
0	1.31735
0	1.31844
0	1.31817
0	1.32009
0	1.3179
0	1.31707
0	1.31735
0	1.31817
0	1.31872
0	1.31872
0	1.31817
0	1.3168
0	1.31269
0	1.3105
0	1.31324
0	1.31324
0	1.31022
0	1.31104
0	1.30995
0	1.31077
0	1.30995
0	1.31159
0	1.3105
0	1.30913
0	1.30666
0	1.3094
0	1.3105
0	1.3083
0	1.31022
0	1.31077
0	1.30995
0	1.3094
0	1.30721
0	1.3083
0	1.30885
0	1.31077
0	1.3105
0	1.31927
0	1.31707
0	1.31653
0	1.31598
0	1.31515
0	1.31241
0	1.31433
0	1.31844
0	1.3157
0	1.31817
0	1.31844
0	1.31899
0	1.31872
0	1.31598
0	1.31406
0	1.3168
0	1.31598
0	1.3105
0	1.31241
0	1.30858
0	1.3105
0	1.31241
0	1.31132
0	1.30967
0	1.30364
0	1.30227
0	1.30584
0	1.30611
0	1.30721
0	1.3083
0	1.30995
0	1.31187
0	1.31214
0	1.31104
0	1.31214
0	1.31159
0	1.3094
0	1.30913
0	1.30967
0	1.30995
0	1.31159
0	1.31187
0	1.31077
0	1.30995
0	1.31104
0	1.30967
0	1.30666
0	1.30776
0	1.30885
0	1.30995
0	1.30639
0	1.30611
0	1.30364
0	1.3009
0	1.30227
0	1.3009
0	1.30008
0	1.29899
0	1.29926
0	1.29981
0	1.30227
0	1.30447
0	1.30282
0	1.29926
0	1.30036
0	1.29981
0	1.30118
0	1.30145
0	1.30282
0	1.3031
0	1.30392
0	1.3031
0	1.3031
0	1.30693
0	1.30776
0	1.30556
0	1.30639
0	1.30611
0	1.30529
0	1.30474
0	1.30337
0	1.30364
0	1.30337
0	1.30502
0	1.30611
0	1.30474
0	1.30392
0	1.30337
0	1.30556
0	1.30611
0	1.30693
0	1.30584
0	1.30364
0	1.30364
0	1.3031
0	1.30173
0	1.30036
0	1.302
0	1.30173
0	1.30227
0	1.30063
0	1.30063
0	1.30118
0	1.30447
0	1.30447
0	1.30556
0	1.30474
0	1.30227
0	1.30803
0	1.30995
0	1.31406
0	1.3157
0	1.3179
0	1.31241
0	1.31406
0	1.31214
0	1.31406
0	1.31406
0	1.31515
0	1.31707
0	1.31543
0	1.31214
0	1.31324
0	1.31406
0	1.31269
0	1.31214
0	1.30693
0	1.30227
0	1.30419
0	1.30337
0	1.28967
0	1.29296
0	1.29323
0	1.29652
0	1.29899
0	1.29953
0	1.29844
0	1.29844
0	1.29734
0	1.29597
0	1.29542
0	1.29707
0	1.29953
0	1.29871
0	1.29953
0	1.28939
0	1.29351
0	1.29405
0	1.29268
0	1.29104
0	1.28885
0	1.28857
0	1.26336
0	1.26966
0	1.27213
0	1.26994
0	1.26747
0	1.26226
0	1.26637
0	1.27103
0	1.2724
0	1.27377
0	1.2746
0	1.27076
0	1.27487
0	1.27514
0	1.27514
0	1.27377
0	1.2735
0	1.27542
0	1.27405
0	1.2746
0	1.27323
0	1.26994
0	1.27213
0	1.27432
0	1.2746
0	1.26911
0	1.27049
0	1.27295
0	1.27131
0	1.27377
0	1.27405
0	1.27405
0	1.27323
0	1.27405
0	1.27487
0	1.27323
0	1.27432
0	1.27432
0	1.2735
0	1.27487
0	1.27514
0	1.2746
0	1.27542
0	1.27487
0	1.27871
0	1.27761
0	1.27706
0	1.27569
0	1.27049
0	1.27021
0	1.27076
0	1.27021
0	1.26774
0	1.26747
0	1.26281
0	1.25733
0	1.25815
0	1.26144
0	1.25459
0	1.25459
0	1.25788
0	1.26254
0	1.26144
0	1.25486
0	1.2587
0	1.25788
0	1.25788
0	1.26007
0	1.25596
0	1.26117
0	1.2587
0	1.26089
0	1.26007
0	1.2598
0	1.26829
0	1.26665
0	1.26473
0	1.26035
0	1.265
0	1.26829
0	1.26774
0	1.26829
0	1.26774
0	1.26774
0	1.27103
0	1.27186
0	1.27432
0	1.2735
0	1.27323
0	1.27405
0	1.27268
0	1.27432
0	1.2724
0	1.26966
0	1.26857
0	1.2661
0	1.26774
0	1.26391
0	1.2661
0	1.26336
0	1.26281
0	1.26363
0	1.26117
0	1.25788
0	1.27103
0	1.27103
0	1.2672
0	1.26857
0	1.27131
0	1.27049
0	1.27432
0	1.27432
0	1.27487
0	1.27295
0	1.27514
0	1.27186
0	1.2735
0	1.27487
0	1.2735
0	1.27049
0	1.26939
0	1.27021
0	1.27213
0	1.26994
0	1.2661
0	1.27021
0	1.27021
0	1.26857
0	1.27103
0	1.26939
0	1.26911
0	1.26226
0	1.26281
0	1.26144
0	1.26446
0	1.26199
0	1.26281
0	1.26281
0	1.26391
0	1.26583
0	1.26966
0	1.2661
0	1.265
0	1.26473
0	1.26418
0	1.26254
0	1.26172
0	1.26939
0	1.26939
0	1.26528
0	1.26911
0	1.26857
0	1.26994
0	1.2672
0	1.26226
0	1.26336
0	1.26089
0	1.25843
0	1.26117
0	1.26089
0	1.26336
0	1.26363
0	1.2661
0	1.26692
0	1.26911
0	1.27103
0	1.27213
0	1.2735
0	1.27213
0	1.26966
0	1.27076
0	1.27323
0	1.27624
0	1.27158
0	1.27295
0	1.27405
0	1.27487
0	1.2746
0	1.27432
0	1.27432
0	1.27487
0	1.27405
0	1.27103
0	1.27323
0	1.27432
0	1.27295
0	1.2724
0	1.27268
0	1.26994
0	1.26857
0	1.26665
0	1.26692
0	1.26555
0	1.26637
0	1.26281
0	1.2661
0	1.27076
0	1.27076
0	1.27131
0	1.27158
0	1.26857
0	1.26637
0	1.26199
0	1.26144
0	1.25952
0	1.26089
0	1.25815
0	1.25898
0	1.25541
0	1.25432
0	1.25678
0	1.25788
0	1.26035
0	1.26062
0	1.26144
0	1.26172
0	1.25843
0	1.25569
0	1.25569
0	1.25815
0	1.25925
0	1.26089
0	1.26117
0	1.2598
0	1.25623
0	1.25349
0	1.25377
0	1.25048
0	1.24966
0	1.2524
0	1.25267
0	1.2524
0	1.24938
0	1.24747
0	1.24089
0	1.24034
0	1.2365
0	1.23678
0	1.24116
0	1.23979
0	1.24171
0	1.24281
0	1.23842
0	1.23979
0	1.24007
0	1.23897
0	1.24007
0	1.23842
0	1.23897
0	1.24144
0	1.23952
0	1.24116
0	1.23678
0	1.23787
0	1.23596
0	1.24034
0	1.24829
0	1.24281
0	1.24774
0	1.24609
0	1.24829
0	1.25185
0	1.24637
0	1.24719
0	1.24774
0	1.24692
0	1.25212
0	1.25185
0	1.24966
0	1.25185
0	1.25459
0	1.26336
0	1.26911
0	1.26966
0	1.27103
0	1.27213
0	1.27323
0	1.27377
0	1.27213
0	1.27103
0	1.26774
0	1.26939
0	1.26446
0	1.26363
0	1.26391
0	1.26418
0	1.2661
0	1.26281
0	1.26363
0	1.26391
0	1.26309
0	1.26692
0	1.26939
0	1.26966
0	1.26829
0	1.26583
0	1.26665
0	1.27213
0	1.26966
0	1.27049
0	1.27158
0	1.27103
0	1.27158
0	1.27213
0	1.2724
0	1.27158
0	1.26857
0	1.26583
0	1.26309
0	1.26802
0	1.26418
0	1.26747
0	1.26555
0	1.26473
0	1.26391
0	1.26226
0	1.26117
0	1.26281
0	1.26226
0	1.25898
0	1.25788
0	1.25788
0	1.26007
0	1.26144
0	1.26309
0	1.26336
0	1.265
0	1.26391
0	1.26418
0	1.26062
0	1.26226
0	1.26144
0	1.25925
0	1.25843
0	1.26254
0	1.25898
0	1.25185
0	1.25514
0	1.25377
0	1.25404
0	1.25103
0	1.25295
0	1.25623
0	1.25377
0	1.25158
0	1.24938
0	1.24938
0	1.25048
0	1.25048
0	1.25021
0	1.25158
0	1.25158
0	1.25569
0	1.25569
0	1.25541
0	1.25514
0	1.25678
0	1.25706
0	1.25541
0	1.25322
0	1.25788
0	1.25815
0	1.25843
0	1.25733
0	1.2587
0	1.26035
0	1.26035
0	1.2598
0	1.25815
0	1.25898
0	1.25898
0	1.26089
0	1.2598
0	1.26089
0	1.26226
0	1.26391
0	1.26172
0	1.26281
0	1.26363
0	1.26555
0	1.2661
0	1.26747
0	1.26583
0	1.26473
0	1.27158
0	1.27049
0	1.26774
0	1.26884
0	1.27131
0	1.27021
0	1.27158
0	1.2724
0	1.2724
0	1.27076
0	1.27295
0	1.27295
0	1.27021
0	1.27103
0	1.26528
0	1.26747
0	1.26774
0	1.26692
0	1.26857
0	1.26939
0	1.27076
0	1.27021
0	1.26774
0	1.26637
0	1.26391
0	1.26254
0	1.26391
0	1.26637
0	1.26199
0	1.25925
0	1.26062
0	1.2576
0	1.2576
0	1.25952
0	1.2587
0	1.26035
0	1.25843
0	1.26226
0	1.26583
0	1.26226
0	1.26254
0	1.26309
0	1.265
0	1.26281
0	1.25706
0	1.25788
0	1.25925
0	1.26035
0	1.26637
0	1.26363
0	1.26692
0	1.26199
0	1.26884
0	1.2661
0	1.26281
0	1.26637
0	1.26583
0	1.26884
0	1.27487
0	1.27514
0	1.27295
0	1.27487
0	1.2735
0	1.2724
0	1.27514
0	1.27597
0	1.28309
0	1.2809
0	1.27624
0	1.27542
0	1.27569
0	1.27925
0	1.28309
0	1.28008
0	1.28035
0	1.27953
0	1.2798
0	1.27788
0	1.28117
0	1.2809
0	1.2798
0	1.27871
0	1.2809
0	1.27734
0	1.2809
0	1.28117
0	1.2798
0	1.2809
0	1.27871
0	1.28008
0	1.27706
0	1.27734
0	1.28145
0	1.27898
0	1.27487
0	1.27432
0	1.27487
0	1.2735
0	1.27021
0	1.26966
0	1.27076
0	1.27103
0	1.26994
0	1.26857
0	1.26857
0	1.26911
0	1.27158
0	1.26994
0	1.26966
0	1.26911
0	1.2724
0	1.27076
0	1.26966
0	1.26994
0	1.27268
0	1.27131
0	1.27049
0	1.26966
0	1.26857
0	1.26939
0	1.26665
0	1.26665
0	1.26281
0	1.26363
0	1.26391
0	1.2661
0	1.26555
0	1.26446
0	1.265
0	1.26281
0	1.26446
0	1.26309
0	1.26473
0	1.26418
0	1.26418
0	1.26281
0	1.26555
0	1.265
0	1.26473
0	1.26089
0	1.25898
0	1.25925
0	1.25678
0	1.25404
0	1.25349
0	1.25459
0	1.24664
0	1.24692
0	1.24582
0	1.24308
0	1.24527
0	1.24609
0	1.24664
0	1.245
0	1.24637
0	1.24692
0	1.24527
0	1.24664
0	1.24637
0	1.24911
0	1.25075
0	1.25103
0	1.25377
0	1.25788
0	1.25843
0	1.25541
0	1.25569
0	1.25459
