0	22409.1
0	22453.1
0	22439.8
0	22416.5
0	22438.9
0	22439.6
0	22450
0	22456.3
0	22439.3
0	22472.5
0	22553.4
0	22546.8
0	22494.5
0	22492.7
0	22524.5
0	22526.6
0	22510.9
0	22507.7
0	22481.6
0	22486
0	22526.2
0	22517.1
0	22504.1
0	22498.5
0	22404.4
0	22384.9
0	22393.3
0	22396.7
0	22370.8
0	22398.2
0	22352.2
0	22367.7
0	22384.1
0	22404.4
0	22408.5
0	22435.2
0	22430.1
0	22433.2
0	22433.7
0	22434.9
0	22424.8
0	22408.3
0	22410
0	22403.7
0	22394.9
0	22405.2
0	22415.9
0	22486.1
0	22463
0	22445.1
0	22484.8
0	22459.2
0	22471.5
0	22481.3
0	22497.9
0	22489.2
0	22465.7
0	22456.2
0	22460.5
0	22470.6
0	22466.5
0	22463.1
0	22474.4
0	22472.6
0	22464.8
0	22464.2
0	22460.7
0	22443.2
0	22438.4
0	22437.4
0	22438.5
0	22447.8
0	22425.3
0	22429.9
0	22419.7
0	22400.7
0	22412.1
0	22412.5
0	22420.2
0	22409.4
0	22385
0	22367.8
0	22381.2
0	22404.8
0	22429.5
0	22398
0	22372.8
0	22391.1
0	22383
0	22376.6
0	22351
0	22388.6
0	22370.3
0	22382.2
0	22399.1
0	22391.7
0	22392.8
0	22390.5
0	22363.9
0	22342.2
0	22333.1
0	22306.7
0	22309.2
0	22038.2
0	22212.9
0	22325.5
0	22320.9
0	22298.7
0	22234.1
0	22282.2
0	22238.8
0	22252.2
0	22320.5
0	22316.4
0	22309.3
0	22295.3
0	22269.8
0	22210
0	22200
0	22232.7
0	22213.3
0	22190.1
0	22124.8
0	22071.1
0	22029.2
0	22109.9
0	22054.5
0	21989.9
0	22023.5
0	22104.2
0	22056.3
0	22029.1
0	22108.7
0	22117.3
0	22105.7
0	22104.7
0	22145.9
0	22193.3
0	22198
0	22245.6
0	22220.2
0	22227.5
0	22245.9
0	22222.5
0	22223.2
0	22193.3
0	22173.7
0	22196.2
0	22186.3
0	22194.3
0	22177
0	22165.5
0	22106.1
0	22137.2
0	22152.5
0	22161.8
0	22124.6
0	22128
0	22141.8
0	22089.7
0	22039.4
0	21929.4
0	21955
0	22024.2
0	22014.3
0	21999.5
0	22025.6
0	22006.7
0	21986.5
0	22002
0	21971
0	21959.3
0	22008.5
0	22013.1
0	21989.1
0	22008.7
0	21982.6
0	21994.2
0	22012.8
0	22002.8
0	22036.8
0	22120.6
0	22111.2
0	22070.1
0	22089.6
0	22076.8
0	22072.5
0	22081.6
0	22042.4
0	22034.3
0	22014.2
0	21989.2
0	22009.3
0	22031
0	21989.2
0	21991
0	21983
0	21975.8
0	21974.7
0	22147.2
0	22101.8
0	22147.8
0	22140.8
0	22133.2
0	22089.5
0	22101
0	22140.6
0	22097.5
0	22087.9
0	22082.1
0	22034.5
0	22032.3
0	21966.7
0	21970.8
0	22022.8
0	22012.6
0	22015.7
0	22036.8
0	21997.2
0	21982.9
0	22003.9
0	22102.4
0	22101.3
0	22078.5
0	22075.2
0	22010.2
0	22009.8
0	21992.3
0	21998.1
0	21979.5
0	21802.2
0	21730
0	21696.2
0	21699.3
0	21705.4
0	21714
0	21754
0	21725
0	21719.4
0	21723.5
0	21735.9
0	21715.7
0	21702.9
0	21718
0	21785.1
0	21753.4
0	21769.7
0	21746.2
0	21758.3
0	21785.7
0	21769.7
0	21747.9
0	21729.1
0	21735.9
0	21740.4
0	21756.5
0	21739.4
0	21739.3
0	21738.9
0	21741.3
0	21731.9
0	21733.8
0	21741.8
0	21729.7
0	21711.9
0	21690.5
0	21688.5
0	21654.2
0	21639.6
0	21647.5
0	21681.5
0	21686.9
0	21652.4
0	21613.7
0	21641.6
0	21650.8
0	21639.1
0	21599.9
0	21648.4
0	21652.2
0	21632.5
0	21660
0	21669.4
0	21648.2
0	21632.5
0	21616
0	21611.3
0	21597.1
0	21581.6
0	21644.4
0	21703.8
0	21750.5
0	21750.2
0	21728.6
0	21722.9
0	21724.4
0	21726.9
0	21711
0	21648.6
0	21647
0	21603.3
0	21529.5
0	21478.8
0	21473.6
0	21507.8
0	21444.7
0	21469.5
0	21420.5
0	21322
0	21074.5
0	21012.9
0	20948.6
0	20907.3
0	20893.3
0	20854.9
0	20719.8
0	20630
0	20572.4
0	20116.7
0	20277
0	20355.2
0	20294
0	20213.6
0	20427.8
0	20351.1
0	20361.3
0	20343.6
0	20353.8
0	20353.3
0	20329.4
0	20362.2
0	20209.7
0	20141.2
0	20129.5
0	20120.3
0	20006.7
0	19996.9
0	20042.2
0	20111
0	20125.4
0	20047.3
0	20069.9
0	20040.4
0	20051.5
0	20087.6
0	20099.3
0	20052.1
0	20003
0	19953.7
0	19910
0	19876.7
0	19886.3
0	19953.1
0	20011
0	19990.1
0	19921.2
0	19949.7
0	19932.4
0	19873.5
0	19849.4
0	19942.8
0	19977.3
0	19953.6
0	19909.9
0	19929.2
0	19884.5
0	19959.1
0	19908
0	19916
0	19850.9
0	19853.1
0	19868.2
0	19814.6
0	19676.6
0	19621.7
0	19697.3
0	19654.5
0	19644.2
0	19760.8
0	19741.5
0	19868.9
0	19867.2
0	19934.8
0	19925.5
0	19935.3
0	20208.6
0	20184.9
0	19924.7
0	20030.7
0	19729.6
0	19819.8
0	19855.2
0	19858.8
0	19873.2
0	20005
0	19965.9
0	20143.2
0	20094.2
0	20016.4
0	19910
0	19916.7
0	19983.8
0	19930.5
0	19964.1
0	19905.8
0	19910.7
0	19848.5
0	19937
0	19906.8
0	19956.7
0	20024.3
0	20023.7
0	20010.3
0	19956
0	19969.3
0	19944.5
0	19922.6
0	19932.8
0	20076.6
0	20122.2
0	20097.1
0	20057
0	20097.2
0	20158
0	20143.4
0	20205.5
0	20150.7
0	20175.8
0	20259.8
0	20228.9
0	20216
0	20331.5
0	20346.8
0	20604
0	20586.8
0	20467.8
0	20430.4
0	20444.1
0	20492.4
0	20363.6
0	20371.8
0	20406.1
0	20393.9
0	20294.9
0	20349.7
0	20308.2
0	20339.7
0	20383.6
0	20421.4
0	20376.6
0	20391.4
0	20383.5
0	20305.9
0	20241.7
0	20284.6
0	20224.8
0	20197.3
0	19927.8
0	19850.8
0	19892.5
0	19958.1
0	20198.2
0	20071.8
0	20125
0	20041.3
0	20013.8
0	20092.8
0	20081
0	20127.1
0	20106.8
0	20036.8
0	20040.4
0	20074.9
0	20039.3
0	20086.1
0	20054.3
0	20102.7
0	20061.3
0	20031.7
0	20074.5
0	20109
0	20103.4
0	20078.2
0	20110.4
0	20140.2
0	20169.5
0	20112.3
0	20094.7
0	20104.7
0	20098.4
0	20062
0	20035.3
0	20028.6
0	20059.1
0	20091.1
0	20105.8
0	20148.2
0	20171.4
0	20246.9
0	20198.3
0	20269.9
0	20248
0	20226.7
0	20186
0	20223
0	20205.1
0	20221
0	20221.3
0	20258
0	20393.2
0	20349.4
0	20338.2
0	20304.8
0	20348.1
0	20353.9
0	20391.5
0	20395.9
0	20330.8
0	20333.5
0	20379.7
0	20405.1
0	20400.1
0	20455.7
0	20354.9
0	20382.7
0	20374.3
0	20453.4
0	20441
0	20454.5
0	20381.3
0	20419.3
0	20351.6
0	20322.2
0	20352.3
0	20377.2
0	20407.4
0	20359.5
0	20387.4
0	20376.5
0	20365
0	20352.2
0	20390.7
0	20387
0	20413.8
0	20396
0	20383.5
0	20354.7
0	20359.3
0	20375
0	20329.4
0	20331.8
0	20340.4
0	20357.7
0	20330.9
0	20346.7
0	20368.9
0	20364.5
0	20359.5
0	20376.9
0	20369
0	20381.5
0	20400.4
0	20382.2
0	20396.2
0	20403.5
0	20431.3
0	20425.9
0	20427.5
0	20461.7
0	20481.3
0	20445.4
0	20352.1
0	20388.8
0	20395.8
0	20381.2
0	20412.8
0	20418.2
0	20420.7
0	20384
0	20368.6
0	20372.2
0	20387.5
0	20339.5
0	20396.1
0	20364.7
0	20332.6
0	20359
0	20366.6
0	20373.2
0	20366
0	20389.5
0	20394
0	20636.9
0	20665.6
0	20785.5
0	20718.8
0	20888
0	21184.6
0	21076.5
0	21175.3
0	20856.8
0	20865.6
0	20779.5
0	20852.2
0	20996.9
0	21205.7
0	21259
0	21205.9
0	21183.4
0	21169.9
0	21272.4
0	21162.9
0	21803
0	21789.8
0	21702.4
0	21710.5
0	21854.7
0	21889.7
0	21997.1
0	21926.8
0	22118
0	22470.1
0	22446
0	22295.2
0	22325.1
0	22329.5
0	22294.1
0	22302.9
0	22186.2
0	22194.8
0	22182
0	22172.9
0	22210.1
0	22220.6
0	22231.6
0	22417.7
0	22347.3
0	22355
0	22320.1
0	22333.7
0	22338
0	22373.2
0	22397.1
0	22321.3
0	22330.5
0	22345.7
0	22381.9
0	22334.5
0	22366.4
0	22451.9
0	22458.7
0	22398
0	22358.7
0	22290.9
0	22191.1
0	22214.7
0	22044
0	21948.9
0	21963.4
0	21960.4
0	22000
0	22046.3
0	22124.5
0	22096.8
0	22056.8
0	22035
0	22106.6
0	22058
0	22109.3
0	22026.2
0	22130.3
0	22332.4
0	22439.8
0	22345
0	22479.6
0	22918.8
0	23355.1
0	23423.8
0	23484.6
0	24015.2
0	24410.2
0	24117.6
0	23981.7
0	24057.4
0	23975.3
0	24042.3
0	23955.2
0	23909.6
0	23974
0	24148.2
0	24109.1
0	24112.8
0	24148.8
0	24202.4
0	24256.2
0	24295.8
0	24168.7
0	24279.7
0	24279.9
0	24157.7
0	24123.3
0	24185.3
0	24134.1
0	24195.5
0	24078.5
0	24103
0	24085
0	24198.9
0	24203.6
0	24186.6
0	24201.2
0	24164.2
0	24048.9
0	24068.2
0	24113.5
0	24011
0	24122.2
0	24116.3
0	24166.3
0	24146.7
0	24286.8
0	24209.8
0	24402.5
0	24318.8
0	24286.4
0	24271.8
0	24274.7
0	24255.8
0	24334
0	24385.9
0	24374.2
0	24374.5
0	24417.2
0	24328.6
0	24414.1
0	24682.8
0	24359.8
0	24293.9
0	24317.8
0	24346.5
0	24378.7
0	24287.9
0	24325.4
0	24388
0	24230.8
0	24228.6
0	24247.6
0	24156.1
0	24242.7
0	24214.6
0	24219.6
0	24231.6
0	24178
0	24227.1
0	24280.2
0	24258.5
0	24357.4
0	24391.2
0	24569.4
0	24672.3
0	24627
0	24723.7
0	24743
0	24703
0	24639.8
0	25457.7
0	25832.6
0	26228.2
0	25863.4
0	25898.1
0	25759.6
0	25826.2
0	25965
0	25847.1
0	25815.8
0	25861.7
0	25789.4
0	25854.6
0	25894.7
0	25993.2
0	25761.4
0	25808.8
0	25867.2
0	25846.5
0	25745.6
0	25723.4
0	25628.2
0	25310.1
0	25526.7
0	25412.6
0	24990.2
0	24606.4
0	24483.7
0	24577.7
0	25054.2
0	24890.2
0	24884.7
0	24667.2
0	24570.1
0	24302.4
0	24389.6
0	24489.7
0	24536
0	24769.6
0	24587
0	24636.1
0	24698.4
0	24685.8
0	24655.6
0	24742.4
0	24670.4
0	24569.3
0	24386.4
0	24497.6
0	24720.1
0	24873
0	24927.1
0	24870.8
0	24906
0	24851.7
0	24841.3
0	24838.2
0	24827.9
0	24819.9
0	24677.8
0	24733.3
0	24717.7
0	24683.7
0	24747.8
0	24765.8
0	24799.9
0	24844.1
0	24836.3
0	24748.2
0	24699.7
0	24683.7
0	24742.3
0	24815.8
0	24782
0	24752.3
0	24765.4
0	24814.3
0	24871.3
0	24877.1
0	24801.2
0	24786.5
0	24754.7
0	24736.8
0	24664.5
0	24558.3
0	24516.7
0	24551.6
0	24450.6
0	24609
0	24538.1
0	24497.2
0	24294.8
0	24588
0	24754.5
0	24642.5
0	24646.5
0	24616.8
0	24808.1
0	25025.1
0	24959.8
0	24932.5
0	24777
0	24811
0	24718.7
0	24505.6
0	24706.6
0	24725
0	24620.5
0	24514.6
0	24471
0	24224.5
0	24307.8
0	24171.7
0	24104.7
0	24303.5
0	24343.8
0	24167
0	24281.9
0	24160.6
0	24404.3
0	24432.4
0	24409.2
0	24324
0	24451.6
0	24250.5
0	24366.7
0	24246.9
0	24323.4
0	24398.2
0	24318.6
0	24360.8
0	24313.6
0	24442.7
0	24422.3
0	24585.8
0	24459.8
0	24400.4
0	24361.1
0	24339
0	24358
0	24296.6
0	24285.7
0	24275.3
0	24335.7
0	24186.2
0	24202.6
0	24243
0	24251.5
0	24263.6
0	24322.5
0	24379.8
0	24412.7
0	24390.6
0	24362.6
0	24252.9
0	24302.7
0	24264.1
0	24265.4
0	24288.3
0	24290.2
0	24210.3
0	24262.7
0	24267.6
0	24373.8
0	24374
0	24342.8
0	24458.5
0	24438.7
0	24438.3
0	24568.7
0	24594.4
0	24628.8
0	24596.9
0	24614.3
0	24647.2
0	24594.4
0	24612.5
0	24581.1
0	24434
0	24478.9
0	24777
0	24658.2
0	24741
0	24777.9
0	24903.5
0	24930.2
0	24835.9
0	24848.4
0	24758.9
0	24824.6
0	24727.8
0	24892.4
0	24733.6
0	24720.2
0	24763
0	24654.8
0	24756.7
0	24832.1
0	24755.3
0	24823.1
0	24870
0	24846.6
0	24815.8
0	24840.4
0	24886
0	24888.4
0	24814.5
0	24788.6
0	24755.3
0	24780.8
0	24716.8
0	24718.5
0	24741.9
0	24685
0	24673.7
0	24720
0	24700.4
0	24790.8
0	24870.5
0	24985.3
0	24992.6
0	24953.2
0	24899.9
0	24926
0	24914.3
0	24696.9
0	24774
0	24842.6
0	25069.6
0	24914
0	24899.8
0	24899.1
0	24908.4
0	24981.6
0	24977
0	24944.1
0	25038.6
0	24998.8
0	24969.9
0	24944.3
0	24917.1
0	24918.1
0	24974.6
0	25361.1
0	25390.3
0	25666.6
0	25796.3
0	25829.2
0	25556.7
0	25580.2
0	25701.7
0	25734.1
0	25669.7
0	25781.7
0	25756.9
0	25792.4
0	25753.5
0	25722
0	25750.7
0	25720.2
0	25691.6
0	25765.9
0	25796.5
0	25859.5
0	26132
0	26142.1
0	26009.8
0	25942.6
0	26062.8
0	26058.5
0	26126.1
0	26031.8
0	26012.2
0	25996.4
0	26029.5
0	26094.8
0	26101.8
0	26240.2
0	26336.2
0	26498.5
0	26673.6
0	26706.7
0	26660.8
0	26657.5
0	26838
0	26918.7
0	26688.1
0	26612.9
0	26543.3
0	26631.9
0	26616.9
0	26595.2
0	26531.8
0	26453.9
0	26585.1
0	26403.5
0	26133.7
0	26283
0	26387.4
0	26321.9
0	26318.1
0	26421.3
0	26514
0	26476.7
0	26443.2
0	26394
0	26606
0	26526
0	26447.2
0	26487.8
0	26357.5
0	26369
0	26460.1
0	26617.6
0	26763.8
0	26822.6
0	26820.8
0	26834.9
0	26745.7
1	26752.7
1	26669.5
1	26769.6
1	26830
1	26835.5
1	27161.4
1	27094.3
1	27182.4
1	27384.6
1	27649
1	27513.3
1	27534.2
1	27356.1
1	27268.1
1	27395.1
1	27296.4
1	27222.8
1	27420.2
1	27627.5
1	27494.6
1	27392.9
1	27318.4
1	27329.8
1	27370.5
1	27398
1	27431
1	27291
1	27241
1	27264.2
1	27326.8
1	27307.5
1	27230.2
1	27315.2
1	27361.3
1	27331.2
1	27325.3
1	27401
1	27467.7
1	27578
1	27488.4
1	27472.4
1	27455.3
1	27505.3
1	27443.2
1	27415.8
1	27420.9
1	27359.9
1	27123.2
1	27245.7
1	27272.5
1	27217.6
1	27256.6
1	27262.2
1	27395.9
1	27398.3
1	27408.9
1	27362.2
1	27396.6
1	27465.2
1	27415.3
1	27407.5
1	27366.2
1	27443.1
1	27357.3
1	27428.3
1	27511.6
1	27503.2
1	27519.2
1	27438.7
1	27422.4
1	27414.9
1	27438.8
1	27539.6
1	27461.4
1	27525.6
1	27428.4
1	27312.2
1	27133.5
1	27226.2
1	27279.2
1	27130
1	27280.4
1	27344
1	27294.9
1	27094.9
1	27226.7
1	27307.1
1	27320.7
1	27314.4
1	27306.5
1	27319.7
1	27304.8
1	27377.4
1	27394.1
1	27329.8
1	27286.3
1	27301.2
1	27381.7
1	27318
1	27324.4
1	27305.2
1	27274
1	27189.9
1	27198.3
1	27163.8
1	26941.3
1	26910.5
1	26997.3
1	26866.8
1	26863.5
1	26907.5
1	27053.6
1	26980.3
1	27096
1	27077.5
1	27059.5
1	27095
1	27106.5
1	27104.9
1	27081
1	27137.4
1	27118.7
1	27116.1
1	27118.6
1	27097.4
1	27119.3
1	27198.7
1	27194.8
1	27128.6
1	27151.6
1	27142
1	27136.7
1	27152.8
1	27140
1	27060.1
1	27035.5
1	26977.6
1	26984.8
1	26935
1	26920.4
1	26950.8
1	26983
1	26974.8
1	26922.6
1	27037.3
1	27030.3
1	26982.6
1	26960.9
1	26940.6
1	27026.6
1	27043.3
1	26997.1
1	27078.7
1	27056.4
1	27052.8
1	27038.5
1	27045.8
1	27065
1	27161
1	27340.5
1	27188.7
1	27286.5
1	27247
1	27181.8
1	27211.9
1	27168.5
1	27178.3
1	27215.5
1	27336.1
1	27302
1	27327.7
1	27444.9
1	27487.5
1	27479.9
1	27546.6
1	27540.5
1	27607.9
1	27952.3
1	27923.4
1	27938.6
1	27892.7
1	27990.9
1	27898
1	27892.5
1	27981.6
1	28112.8
1	28303.7
1	28311.7
1	28233.9
1	28193.2
1	28255.9
1	28152.6
1	27972.6
1	27884.5
1	27889.2
1	28112.5
1	28107.2
1	28043.5
1	27975.8
1	28051
1	28028.6
1	28118.5
1	28112.9
1	28152.3
1	28231.2
1	28118.4
1	27972.9
1	27987.9
1	27986.4
1	27905.3
1	27825.5
1	27754
1	27755.7
1	27772.6
1	27675.8
1	27738.7
1	27636.1
1	27302.3
1	27434.9
1	27442.7
1	27278.3
1	27258.9
1	27269.2
1	27388.3
1	27414.6
1	27359.2
1	27437
1	27471.5
1	27432.3
1	27376.8
1	27520
1	27576.8
1	27542.2
1	27475.8
1	27628.5
1	27881.8
-1	27850.5
-1	28149.1
-1	28183.1
-1	28092
-1	28199.8
-1	28189
-1	28313.8
-1	28240.9
-1	28212.9
-1	28091.2
-1	28198
-1	28095.4
1	28120.3
1	28148
1	28101.4
1	28081
1	28255.4
-1	28175.1
1	28188.9
1	28127.4
1	28184.5
1	28174
1	28225
-1	28115.3
-1	28083.5
-1	27852.4
-1	27822.7
-1	27936.9
-1	27992.5
-1	27954
-1	28055.9
-1	27937.8
-1	28028.5
-1	27933.8
-1	27694.5
-1	27609.7
-1	27642.9
-1	27581
-1	27553.8
-1	27676
-1	27669.9
-1	27730
-1	27627
-1	27705
-1	27846.3
-1	27972.5
-1	27980
-1	27887.7
-1	27720
-1	27811.7
-1	27785.1
-1	27901.2
-1	27909.1
-1	27903.8
-1	28001
-1	28086.5
-1	28086.5
-1	27982.8
1	27996.1
1	27890.2
1	27913.1
1	28020
1	27952.2
1	27846.1
1	27811
1	27628.5
1	27717
1	27780.7
1	27826.3
1	27812.7
1	27850.2
1	27741.6
1	27799.9
1	27889.6
1	27875.7
1	27811.3
1	27835.8
1	27853.1
1	27779.7
1	27784.3
1	27748.6
1	27781.6
1	27787.3
1	27858.5
1	27912.6
1	27896.6
1	27906.8
1	27905.5
1	27881.1
1	27792.6
1	27801.4
1	27712.7
1	27708.4
1	27713
1	27637
1	27369.5
1	27505.1
1	27523.1
1	27505.2
1	27502.8
1	27526.7
1	27621.5
1	27646.7
1	27673.7
1	27649.9
1	27957.3
1	27929.2
1	28006.9
1	28044.5
-1	28036.5
-1	27962.2
-1	27912.2
-1	27955.1
-1	28016.8
-1	28040.1
-1	28050.7
-1	27962.6
-1	28116.5
-1	28188.9
-1	28078
-1	28041
-1	27936
-1	28037.9
-1	27895.3
-1	27855.8
-1	27938
-1	27888
-1	27947.7
-1	27934.9
-1	28016.7
-1	28041.1
-1	28050.8
-1	28115.1
-1	28335.3
-1	28343.9
-1	28215.6
-1	28218.7
-1	28090
-1	27988.7
-1	28023.2
-1	28127.7
-1	28106.2
-1	28128.8
-1	28119.6
-1	28153.7
-1	28212.1
-1	28126.8
-1	28081
-1	28139.8
-1	28129.1
-1	28077.3
-1	27983.5
-1	28012.6
-1	28002.1
-1	27997.8
-1	28050
-1	28024.3
-1	27962.7
-1	28031.2
-1	28015.2
-1	28116.8
-1	28083
-1	28105.5
-1	28103.9
-1	28078
-1	27974.9
-1	28028.9
-1	28000
-1	28062.6
-1	28067
-1	28086.8
-1	28110.1
-1	28099.3
-1	28069.4
-1	28049.6
-1	28180
-1	28203.8
-1	28176.5
-1	28154.1
-1	28160
-1	28155.3
-1	28157.5
-1	28196.4
-1	28200
-1	28254.7
-1	28218.8
-1	28201.5
-1	28188.5
-1	28168.8
-1	28165.3
-1	28205.2
-1	28188.2
-1	28204.6
-1	28078.7
-1	28103.7
-1	28166.3
-1	28170.7
-1	28141.5
-1	28087
-1	28077
-1	28098.3
-1	28088.5
-1	28100
-1	28098.8
-1	28118.9
-1	28122
-1	28155
-1	28154.9
-1	28174.5
-1	28141
-1	28122.7
-1	28182.1
-1	28194
-1	28202.8
-1	28220.1
-1	28224.6
-1	28320.6
-1	28292.1
-1	28285.6
-1	28344
-1	28396.6
-1	28449.5
-1	28563.6
-1	28600
-1	28690.5
-1	28605
-1	28595.1
-1	28527.2
-1	28612.8
-1	28665.3
-1	28647.3
-1	28543.5
-1	28383.5
-1	28386.8
-1	28516.3
-1	28358.6
-1	28470
-1	28209.2
-1	28028
-1	27415.2
-1	27550.8
-1	27141.2
-1	26667.3
1	26920
1	27100
1	27127.4
1	27311.3
1	27410
1	27290.5
1	27129.7
1	27083.5
1	27116.9
1	27167.2
1	27075.3
1	27209.2
1	27259.4
1	27318.2
1	27253.2
1	27251
1	27291.8
1	27355.2
1	27373.1
1	27322.3
1	27254.5
1	27259.9
1	27218.3
1	27150.9
1	27238.2
1	27289.3
1	27278.1
1	27346.2
1	27339.6
1	27316.7
1	27358.2
1	27356.8
1	27400
1	27392.8
1	27334.8
1	27275.2
1	27319.8
1	27396.2
1	27572.2
1	27629.2
1	27611.3
1	27648.9
1	27660
1	27647.7
1	27612.6
1	27591.9
1	27628.5
1	27631.9
1	27626.4
1	27614
1	27639.8
1	27632
1	27618
1	27627.4
1	27599.8
1	27622.8
1	27624.8
1	27624.8
1	27636.3
1	27612.5
1	27498.9
1	27497.5
1	27500
1	27584.5
1	27614.7
1	27593.1
1	27508.1
1	27470
1	27419.7
1	27358
1	27369.2
1	27369
1	27420
1	27358
1	27410
1	28045.3
1	28347.2
1	28476.1
1	28513.7
1	28580.9
1	28454.9
1	28484.1
1	28408.9
1	28465
1	28342.2
1	28215.7
1	28300
1	28297.2
1	28355.4
1	28244.1
1	28110
1	27903.8
1	27932.8
1	27908.2
1	28142
1	28370
1	28177.4
1	28156.3
1	28218.5
1	28280
1	28251.6
1	28124.3
1	28147.8
1	28163.8
1	28136.6
1	28139.2
1	28230
1	28214.1
1	28339.9
1	28365
1	28294
1	28295.4
1	28314.3
1	28292.1
1	28303.1
1	28195.3
1	28206.2
1	28287.3
1	28316.1
1	28253
1	28306
1	28272.6
1	28224.5
1	28186.3
1	28190.7
1	28227.4
1	28216.2
1	28220
1	28229.1
1	28194.1
1	28169.5
-1	28130.4
-1	28204.3
-1	28226.6
-1	28267.9
-1	28284.5
-1	28281.6
-1	28330.6
-1	28278.7
-1	28262.8
-1	28226.7
-1	28209.4
-1	28274
-1	28274.6
-1	28186.5
-1	28163.2
-1	28061.4
-1	28034.4
-1	28028
-1	28187.7
-1	28097
-1	28041.1
-1	27989.8
-1	27984.7
-1	28021.8
-1	28039.7
-1	28047
-1	28080
-1	28080
-1	28080
-1	28080
-1	28080
-1	28080
-1	28160
-1	28095.8
-1	27998.4
-1	27989.1
-1	27872.9
-1	27971.4
-1	27947.3
-1	28018
-1	28001
-1	27939.7
-1	27911
-1	27831.3
-1	27800
-1	27682.8
-1	27629.4
-1	27610
1	27632.4
1	27736
1	27751.5
1	27740
1	27761.5
1	27845.3
1	27805.2
1	27821.6
1	27798.8
1	27701.6
1	27543.2
1	27584.8
1	27400.6
1	27192
1	27247.8
1	27335.1
1	27407.1
1	27415
1	27367.5
1	27298
1	27390.7
1	27458.4
1	27423.7
1	27454.5
1	27472.5
1	27500
1	27585.1
1	27556.3
1	27504.3
1	27515.9
1	27447.6
1	27498.5
1	27549.9
1	27635
1	27577.9
1	27599.7
1	27574.1
1	27610.6
1	27588
1	27581.7
1	27551.4
1	27603.9
1	27556.2
1	27535.2
1	27523.7
1	27518.9
1	27447.3
1	27458.7
1	27461.7
1	27482.3
1	27525.2
1	27495.7
1	27511.9
1	27543.6
1	27556.3
1	27485.4
1	27495.5
1	27439.2
1	27400
1	27422.6
1	27331.3
1	27419.2
1	27432.5
1	27482
1	27436.8
1	27401.7
1	27493.2
1	27477
1	27454.8
1	27479.8
1	27445.1
1	27457.2
1	27461.2
1	27410.8
1	27434.3
1	27451.7
1	27404.7
1	27427.7
1	27537.6
1	27567
1	27571.1
1	27599
1	27556.1
1	27527.1
1	27520.8
1	27558.4
1	27620.6
1	27647.4
1	27657.4
1	27700.5
1	27683.1
1	27629.2
1	27643.1
1	27468.4
1	27492.6
1	27481.6
1	27509.6
1	27502.1
1	27527.8
1	27442.9
1	27305.4
1	27255
1	27283.6
1	27189.7
1	27260.9
1	27333
1	27403.3
1	27354.7
1	27406.6
1	27400
1	27367.5
1	27411.5
1	27512.7
1	27477
1	27478.7
1	27447.3
1	27446.5
1	27434
1	27484.5
1	27463
1	27446.2
1	27438.8
1	27553.5
1	27531.3
1	27537.5
1	27568
1	27607.7
1	27593.3
1	27571
1	27576.3
1	27563.5
1	27589.6
1	27606.5
1	27554.5
1	27552.5
1	27529.3
1	27515.5
1	27522.4
1	27488.1
1	27516.6
1	27533.3
1	27487.8
1	27518.8
1	27544.8
1	27545.2
1	27502.7
1	27487.2
1	27496.7
1	27514.2
1	27518.8
1	27497.2
1	27504.9
1	27516.6
1	27518.8
1	27679.9
1	27659.2
1	27700.4
1	27697.9
1	27647.5
1	27686.7
1	27679.5
1	27655.2
1	27664.1
1	27678.6
1	27721
1	27664
1	27710.8
1	27866
1	27869.3
1	27853
1	27895.8
1	27919.7
1	27894.8
1	27896.3
1	28057.2
1	28150
1	28062.1
1	27943.6
-1	27806.4
-1	27795.2
-1	27826
-1	27831.5
-1	27759.6
-1	27803.9
-1	27808
-1	27793.2
-1	27795.9
-1	27699.3
-1	27765.6
-1	27803.3
-1	27846
-1	27837.8
-1	27877.2
-1	27821.2
-1	27815
-1	27808.8
-1	27816.5
-1	27789.9
-1	27804.7
-1	27828
-1	27877.9
-1	27839.2
-1	27756.8
-1	27777.6
-1	27790
-1	27800
-1	27776
-1	27838.1
-1	27990.5
-1	27990.3
-1	27998.4
-1	28040.3
-1	28054.3
-1	28051.7
-1	28010.2
-1	27968
-1	27932.5
-1	27981.3
-1	27967.8
-1	27994.3
-1	27948.1
-1	27890.4
-1	27878.4
-1	27827
-1	27869.4
-1	27847.9
-1	27850.8
-1	27879.2
-1	27885.9
-1	27840.4
-1	27892
-1	27888.7
-1	27930
-1	27928.2
-1	27888
-1	27907
-1	27840
-1	27850.8
-1	27826.9
-1	27715.2
-1	27750.9
-1	27780.6
-1	27762
-1	27785.8
-1	27801.5
-1	27810.8
-1	27825.6
-1	27808.8
-1	27790.5
-1	27795
-1	27813.4
-1	27848.5
-1	27824
-1	27907.6
-1	27914.6
-1	27925.6
-1	27905.1
-1	27868.5
-1	27890.7
-1	27915.4
-1	27939.1
-1	27938
-1	27884.6
-1	27892.7
-1	27909
-1	27826.6
-1	27778.4
-1	27750
-1	27739.4
-1	27783.1
-1	27783.2
-1	27693
-1	27579.2
-1	27341.6
-1	27393.9
-1	26960.4
-1	26720
-1	26956.4
-1	26932.8
-1	26903.6
1	27168.4
1	27184
1	27144.5
1	27145.5
1	27121
1	26999
1	27024.7
1	26960
1	27060
1	27059.1
1	27103.4
1	27090.8
1	27061.7
1	27110
1	27008.9
1	26968.9
1	26945.2
1	27048.2
1	26984
1	27043.8
1	27120.9
1	27123.7
1	27105.4
1	27170.6
1	27194.7
1	27151
1	27110.9
1	27100
1	27127
1	27149
1	27109.2
1	27124.9
1	27097.3
1	27082
1	27059.5
1	26960.9
1	26898.1
1	27009.8
1	27098.3
1	27074.8
1	27055.9
1	26987.7
1	27009.6
1	27037.6
1	27011.6
1	26962.8
1	26954.8
1	26971.7
1	26989
1	26944.2
1	26922
1	26964.6
1	26948
1	26915.5
1	26921.2
1	26974.6
1	27068.3
1	27084.4
1	27052
1	27070.5
1	27029.3
1	27030
1	27040.3
1	26962.9
1	26961.9
1	26972.2
1	26998.2
1	27013.7
1	27002.9
1	26983.2
1	26946
1	26875
1	26901
1	26768.8
1	26726.5
1	26741
1	26832.6
1	26907
1	26903.6
1	27057.4
1	27081.2
1	26871.8
1	26917.7
1	26983
1	26905
1	26912.5
1	26917
1	26882
1	26969.1
1	27008.4
1	26941.5
1	26943
1	26950
1	26993.9
1	27016.7
1	26998.6
1	26922.2
1	26907.6
1	26918.1
1	26882.1
1	26876.7
1	26891.5
1	26820.9
1	26863.2
1	26866.8
1	26902.4
1	27034
1	27344.1
1	27280.8
1	27270.4
1	27299.8
1	27426
1	27325.3
1	27350.6
1	27310.5
1	27307.2
1	27240.1
1	27263.5
1	27253
1	27190.5
1	27198.9
1	27213.5
1	27176.5
1	27218.4
1	27224.4
1	27275.6
1	27290
1	27261.1
1	27268.3
1	27307.1
1	27280.3
1	27268.7
1	27336
1	27400
1	27364.3
1	27325.8
1	27309.3
1	27360
1	27362.3
1	27395
1	27381.5
1	27384.4
1	27352.1
1	27367.5
1	27373.8
1	27402.5
1	27538.5
1	27568.1
1	27564.9
1	27583.9
1	27535.2
1	27544.1
1	27588.5
1	27991.7
1	28085.6
1	28052.3
-1	27985.6
-1	28055.4
-1	28150
-1	28086.8
-1	28350
-1	28467.3
-1	28448.7
-1	28507
-1	28514.9
-1	28425.4
-1	28372.9
-1	28319.9
-1	28306.4
-1	28390
-1	28386.9
-1	28382.2
-1	28276.8
-1	28337.4
-1	28310.5
-1	28354
-1	28328
-1	28350
-1	28341.7
-1	28441.8
-1	28414
-1	28364.6
-1	28424
-1	28425.9
-1	28454.1
-1	28361.9
-1	28361.6
-1	28291
-1	28337.3
-1	28423.4
-1	28437.7
-1	28442.8
-1	28366.7
-1	28336.7
-1	28309.8
-1	28152.5
-1	28284.3
-1	28310
-1	28190.8
-1	28252.3
-1	28258.1
-1	28240.8
-1	28294.5
-1	28316.1
-1	28362.6
-1	28357.2
-1	28342.1
-1	28419.5
-1	28379.7
-1	28440.4
-1	28376.7
-1	28388.6
-1	28375.1
-1	28466.4
-1	28365.1
-1	28291
-1	28343.3
-1	28390.7
-1	28375.1
-1	28389.4
-1	28422.9
-1	28423.5
-1	28370
-1	28348.6
-1	28366.1
-1	28420
-1	28408.8
-1	28328.5
-1	28304.5
-1	28355.8
-1	28311.3
-1	28350
-1	28425.8
-1	28819.3
-1	29113.8
-1	28964.8
-1	28388.9
-1	28408.8
-1	28490
-1	28489.2
-1	28545.5
-1	28640
-1	28613
-1	28587.6
-1	28541.9
-1	28493.6
-1	28591.6
-1	28614
-1	28636.2
-1	28598
-1	28609.3
-1	28613.9
-1	28597.7
-1	28656.5
-1	28691.3
-1	28725
-1	28722.2
-1	28706.3
-1	28596.1
-1	28572.8
-1	28530.9
-1	28581.4
-1	28587.2
-1	28583.6
-1	28622.7
-1	28556.7
-1	28581.9
-1	28602.5
-1	28583.1
-1	28614.3
-1	28678.8
-1	28644.8
-1	28612.6
-1	28607.4
-1	28669.8
-1	28646.3
-1	28619.4
-1	28572.2
-1	28544.3
-1	28518
-1	28263.7
-1	28400
-1	28440.1
-1	28428.5
-1	28437.6
-1	28354.2
-1	28341.2
-1	28300.3
-1	28183.8
-1	28226
-1	28273
-1	28247.3
-1	28218.8
-1	28100
-1	27880.2
-1	27839.4
-1	27784.4
1	27883.6
1	27876.2
1	27903.7
1	27950.1
1	28040
1	27991.8
1	27986.1
1	27959.6
1	27980.4
1	28099.5
1	28149.8
1	28121
1	28089.4
1	28021.9
1	28068.5
1	28100.4
1	28106.3
1	28026
1	27898.6
1	27934
1	27985.9
1	28033.8
1	28028.5
1	28011.1
1	28124.2
1	28128.1
1	28249.2
1	28282.8
1	28229.2
1	28167.6
1	28153.1
1	28084.6
1	28161.8
1	28167.3
1	28146.8
1	28151.2
1	28222.4
1	28170
1	28168.4
1	28110.5
1	28161.9
1	28168.4
1	28179.6
1	28126.3
1	28140.2
1	28151
1	28034.5
1	28056.8
1	28066.5
1	28080
1	28080
1	27888.7
1	27803.6
1	27650
1	27738.5
1	27785.7
1	27751.3
1	27762
1	27797.3
1	27840
1	27836.8
1	27806.5
1	27820
1	27838.8
1	27928.2
1	27910
1	27893.8
1	27922
1	27880
1	27960
1	27928
1	27890.2
1	27940.4
1	28106.1
1	28110.4
1	28190.8
1	28279.3
1	28465
1	28370.8
1	28392
1	28407.8
1	28527.6
1	28521.8
-1	28483.5
-1	28391.1
-1	28400
-1	28495
-1	28455.5
-1	28405.2
-1	28378.7
-1	28430.8
-1	28425.1
-1	28389.4
-1	28282.3
-1	28334.5
-1	28316.8
-1	28344.7
-1	28386.5
-1	28315.5
-1	28340
-1	28404.8
-1	28440.8
-1	28469.3
-1	28411.6
-1	28361.9
-1	28442.2
-1	28391.8
-1	28390
-1	28441.3
-1	28501.2
-1	28477.2
-1	28484.4
-1	28568.7
-1	28566.7
-1	28570.3
-1	28526.4
-1	28550.7
-1	28470.2
-1	28465.4
-1	28500
-1	28488.7
-1	28439.8
-1	28438.3
-1	28432.8
-1	28437.6
-1	28472.3
-1	28610.6
-1	28672.4
-1	28605.2
-1	28511.3
-1	28583.4
-1	28570.8
-1	28523
-1	28528.1
-1	28541.1
-1	28565.7
-1	28592.8
-1	28590.6
-1	28580
-1	28563.5
-1	28532.6
-1	28556.2
-1	28571.1
-1	28524.9
-1	28428.8
-1	28479.9
-1	28482.7
-1	28400
-1	28402
-1	28408.6
-1	28425
-1	28438
-1	28474.1
-1	28480.2
-1	28440.6
-1	28423.3
-1	28428
-1	28457.9
-1	28425.5
-1	28395.3
-1	28427.9
-1	28441.1
-1	28465.3
-1	28441
-1	28432
-1	28417.3
-1	28372.8
-1	28389
-1	28420
-1	28404.9
-1	28422.9
-1	28412.5
-1	28424.3
-1	28411
-1	28417.8
-1	28396.5
-1	28365.3
-1	28352.4
-1	28318
-1	28324.2
-1	28358.6
-1	28366.6
-1	28400.1
-1	28441.3
-1	28421.8
-1	28390
-1	28326
-1	28370.4
-1	28364
-1	28380.5
-1	28372.4
-1	28376.9
-1	28344.6
-1	28354.8
-1	28376.7
-1	28372.2
-1	28375.1
-1	28368.6
-1	28382
-1	28401
-1	28424.1
-1	28503
-1	28446.8
-1	28484.1
-1	28477.7
-1	28480.3
-1	28477.7
-1	28492
-1	28514.1
-1	28508.2
-1	28517.9
-1	28529.6
-1	28501.4
-1	28459.3
-1	28452.7
-1	28471.7
-1	28464.2
-1	28423.6
-1	28366.3
-1	28385.3
-1	28410
-1	28414.5
-1	28388.3
-1	28414.5
-1	28420.5
-1	28409.2
-1	28406.1
-1	28414.9
-1	28497.3
-1	28486.3
-1	28476.6
-1	28464.4
-1	28461.4
-1	28427.8
-1	28386.1
-1	28401.4
-1	28422.3
-1	28464
-1	28470
-1	28433.2
-1	28426
-1	28454.9
-1	28458.3
-1	28469.3
-1	28459.1
-1	28433.6
-1	28416.4
-1	28390.7
-1	28414.4
-1	28390.9
-1	28381.4
-1	28392.1
-1	28398.1
-1	28404.2
-1	28410.6
-1	28379
-1	28390.5
-1	28397.3
-1	28367.2
-1	28372.5
-1	28373.9
-1	28381.5
-1	28357.9
-1	28341.3
-1	28302.7
-1	28313.2
-1	28265.3
-1	28185.6
-1	28265.8
-1	28295.6
-1	28279.5
-1	28261.2
-1	28314.5
-1	28297.8
-1	28273.1
-1	28103.2
-1	28105.5
-1	28089
-1	28124.8
-1	28133.8
-1	27991.2
-1	28064.3
-1	28122
-1	28132.1
-1	28109.2
-1	28191.1
-1	28194.4
-1	28190.7
-1	28171.3
-1	28178
-1	28157
-1	28128.3
-1	28121
-1	27948.8
-1	27943.8
-1	27988
-1	28040.9
-1	28083.2
-1	28058.8
-1	28124
-1	28111.8
-1	28050.5
-1	28014.8
-1	27899.7
-1	27963.2
-1	27965.3
-1	28105.8
-1	28092
-1	28112.4
-1	28143.2
-1	28171.9
-1	28157.3
-1	28142
-1	28087.9
-1	28114.6
-1	28093.3
-1	28018.4
-1	27714.9
-1	27709.9
1	27777.6
1	27776.9
1	27782.7
1	27719.1
1	27680.5
1	27725
1	27733.7
1	27753.8
1	27708.4
1	27688.6
1	27633.1
1	27704.4
1	27698
1	27714.8
1	27727.9
1	27679.6
1	27681.9
1	27711.2
1	27697.7
1	27779.5
1	27796.8
1	27919
-1	27877.4
-1	27958.7
-1	28127.6
-1	28382.2
-1	28316.8
-1	28335
-1	28302.7
-1	28327
-1	28317.7
-1	28327.3
-1	28326.3
-1	28409.4
-1	28357.4
-1	28303.8
-1	28241
-1	28271
-1	28284.9
-1	28253.7
-1	28233
-1	28134.5
-1	28101.1
-1	28163
-1	28141.3
-1	28214.7
-1	28194.4
-1	28258.8
-1	28237.7
-1	28243
-1	28088
-1	27995
-1	27961.7
-1	28074.8
-1	28028.1
-1	28051.5
-1	28093.8
-1	28043
-1	28011.2
-1	27930.8
-1	27996.8
-1	27981
-1	27988.7
-1	27986.5
-1	27984.1
-1	28094
-1	28130
-1	28152
-1	28156.7
-1	28125
-1	28159.4
-1	28081.1
-1	27713
-1	27757.8
-1	27794.6
-1	27582.8
-1	27427.1
-1	27525
-1	27571.5
-1	27714.6
-1	27758.7
-1	27900.1
-1	27860
-1	27800
-1	27882.2
-1	27877.7
-1	27854.2
-1	27800
-1	27761.7
-1	27758.3
-1	27726.8
-1	27760.6
-1	27716.3
-1	27877.2
-1	27825.9
-1	27816.2
-1	27842.1
-1	27915
-1	27917.7
-1	27857.3
-1	27878
-1	27933.6
-1	27880
-1	27855.1
-1	27879.7
-1	27852.1
-1	27780.7
-1	27813.9
-1	27846.9
-1	27893.2
-1	27900
-1	27890
-1	27880
-1	27903.1
-1	28029.3
-1	28078.1
-1	28105.6
-1	28029.2
-1	27966.7
-1	28021.3
-1	28000
-1	28004.8
-1	28088.6
-1	28103.5
-1	28037.6
-1	28071.1
-1	28160
-1	28198.8
-1	28219.1
-1	28255.7
-1	28210.3
-1	28219.6
-1	28333.5
-1	28296.2
-1	28245.4
-1	28289.5
-1	28238.3
-1	28315.3
-1	28253.2
-1	28267.7
-1	28294.1
-1	28269.1
-1	28180
-1	28111
-1	28188.8
-1	28154.3
-1	28174
-1	28123
-1	28082.2
-1	28004.3
-1	28050
-1	28030
-1	28000.2
-1	28059.1
-1	28116.6
-1	28099
-1	28089.8
-1	28140.2
-1	28204.8
-1	28227
-1	28168.4
-1	28123.2
-1	28187.5
-1	28114.4
-1	28124.5
-1	28094.4
-1	28155.6
-1	28189.2
-1	28192.1
-1	28180
-1	28252.2
-1	28250
-1	28233.4
-1	28210.7
-1	28185.5
-1	28223.6
-1	28254.6
-1	28237
-1	28210.4
-1	28187.3
-1	28186.1
-1	28116.6
-1	28113.2
-1	28165.5
-1	28133.2
-1	28249.3
-1	28426.6
-1	28661.8
-1	28624.7
-1	28610.4
-1	28588.4
-1	28571.4
-1	28635.3
-1	28642.4
-1	28562.5
-1	28565.6
-1	28480
-1	28447.7
-1	28500
-1	28544.7
-1	28508.8
-1	28539.4
-1	28523
-1	28506.6
-1	28536.3
-1	28588.1
-1	28550.5
-1	28582.8
-1	28566.7
-1	28556.1
-1	28506.7
-1	28534.4
-1	28513.5
-1	28486
-1	28511
-1	28525.2
-1	28464.6
-1	28570.8
-1	28561.2
-1	28543.8
-1	28559.3
-1	28519.7
-1	28511.3
-1	28508.8
-1	28529.7
-1	28496.2
-1	28499.1
-1	28510
-1	28487.2
-1	28524.8
-1	28545
-1	28554.4
-1	28565
-1	28539.2
-1	28479.9
-1	28569
-1	28553.9
-1	28494.9
-1	28384.8
-1	28404.6
-1	28140
-1	28177.3
-1	28153
-1	28105.2
-1	28035.5
-1	28010
1	28054.8
1	28031.1
1	27893.5
1	27918
1	27953.8
1	27948
1	28014.2
1	28070.5
1	28002.1
1	28023.7
1	28043.4
1	27962
1	27998.7
1	28030.2
1	28068.2
1	28203
1	28300
1	28240.6
1	28248.1
1	28208.1
1	28208.5
1	28150.6
1	28195.7
1	28189.3
1	28155.2
1	28181.1
1	28144.4
1	28136.5
1	28189.5
1	28175.3
1	28167.6
1	28174.5
1	28180
1	28170
1	28094.5
1	28113.5
1	28000
1	27999.2
1	28011.4
1	27963.2
1	28037.8
1	28064.5
1	28070.5
1	28072
1	28056.5
1	28039.7
1	28073.3
1	28080
1	28075.2
1	28128.4
1	28113
1	28092.5
1	28093.5
1	28068.9
1	28068
1	28071.3
1	28001.1
1	28036.8
1	28017.7
1	28039
1	28071.2
1	28063.9
1	28055.5
1	28030
1	27992.3
1	27911
1	27942.3
1	27912
1	27968.2
1	27953.6
1	27972.6
1	28009.6
1	27967.7
1	27904
1	27867.2
1	27895.5
1	27834.1
1	27850
1	27910.5
1	27902.8
1	27935.2
1	27945.5
1	27908.6
1	27997.6
1	27911.8
1	27903.7
1	27940.4
1	27933.5
1	27847
1	27891.2
1	27934.4
1	27936.3
1	27918.9
1	27952.8
1	28047.7
1	28073.9
1	28137
1	28090.4
1	28110.9
1	28103.3
1	28125
1	28065.1
1	28047.6
1	28077.3
1	28056.9
1	28041.4
1	28059
1	28094.3
1	27992.4
1	27963.3
1	27993.6
1	28003.2
1	28039.4
1	28017.8
1	28058
1	28089
1	28077.8
1	27975.8
1	28003.8
1	28020.3
1	27986.9
1	27989.2
1	27931.7
1	27924
1	27981.3
1	28007.9
1	28040.5
1	28040.1
1	28031.8
1	28033.8
1	28018.3
1	28025.1
1	28052.3
1	28098
1	28069
1	28054
1	28079.1
1	28056.5
1	28063.1
1	28012.4
1	27988
1	28017.2
1	28012.6
1	27988.8
1	28047.6
1	28038.7
1	28029
1	28052.9
1	28061.7
1	28021.8
1	28004
1	27984.2
1	27961.9
1	27980
1	27947
1	27947.4
1	27919.8
1	27960.1
1	27945.7
1	27926.8
1	27859.9
1	27839.8
1	27871.7
1	27927.4
1	27884.6
1	27816.8
1	27859.2
1	27836.7
1	27889.3
1	27869.5
1	27867.7
1	27925.9
1	27948.7
1	27933.4
1	27892.4
1	27905
1	27871.5
1	27840.9
1	27889.7
1	27914.4
1	27924
1	27892.6
1	27901.9
1	27851.9
1	27887.6
1	27896.9
1	27931
1	27956.5
1	27930.1
1	27914.6
1	27920.8
1	27912.9
1	27928.4
1	27944.1
1	27931.7
1	27908.4
1	27882
1	27879.3
1	27901.4
1	27919
1	27926.2
1	27911.5
1	27910
1	27925
1	27894.4
1	27891.8
1	27874.3
1	27890.2
1	27899.6
1	27897.5
1	27906.4
1	27891
1	27894.2
1	27864.2
1	27898
1	27875.8
1	27870
1	27891.1
1	27867.8
1	27882.3
1	27932.5
1	27956
1	27931.6
1	27904
1	27919.7
1	27906.3
1	27891.6
1	27897
1	27870
1	27880.3
1	27895.2
1	27896.4
1	27917.9
1	27903.2
1	27907.7
1	27920.5
1	27911.4
1	27956.8
1	27953.4
1	28046.4
1	27998.6
1	28023.4
1	28032.9
1	28010
1	28001.2
1	27985
1	28011.5
1	28013.9
1	28041.7
1	28140.9
1	28110
1	28127.6
1	28111
1	28113.1
1	28096
1	28103.2
1	28088
1	28086.2
1	28092
1	28098
1	28090.1
1	28025.5
1	28052
1	28059
1	28058.3
1	28032.5
1	28030
1	28017.2
1	27995.3
1	28011.6
1	28009.6
1	28026.7
1	28017.9
1	28016.1
1	27993.6
1	28005.6
1	27963
1	27987.6
1	27997.9
1	27980.4
1	28003
1	28020.7
1	28021.8
1	28049.6
1	28030
1	28027.7
1	28010.7
1	28007.6
1	27990.1
1	28014.7
1	28015
1	27999
1	28005.4
1	28002.5
1	28000.9
1	27999.6
1	27982.1
1	27935.1
1	27954.7
1	27943.5
1	27932.8
1	27904.4
1	27938.5
1	27926
1	27926.3
1	27924.1
1	27937.5
1	27954
1	27936.3
1	27911.7
1	27931.8
1	27925.2
1	27919.5
1	27929.8
1	27927.8
1	27888.7
1	27915.6
1	27937.8
1	27969.6
1	27960.7
1	27942.3
1	27938.4
1	27954.4
1	28010.1
1	28033.9
1	28036.8
1	28050.1
1	28061.2
1	28053.8
1	28077.8
1	28060.5
1	28064
1	28056.2
1	28036.3
1	28027.4
1	28046.6
1	28047
1	28027.7
1	28022.7
1	28033.7
1	28033.3
1	28037.4
1	28054.2
1	28063
1	28041.7
1	27999.2
1	27953.5
1	27948.7
1	27918.7
1	27880.1
1	27867.2
1	27908.4
1	27887.2
1	27903
1	27908.3
1	27885.3
1	27872.5
1	27881.6
1	27911.1
1	27897.1
1	27919.2
1	27898.6
1	27902.7
1	27907.7
1	27895.8
1	27893.2
1	27883.7
1	27866.9
1	27921.8
1	27930.2
1	27925.2
1	27960
1	27956.5
1	27930.1
1	27914.4
1	27901.4
1	27905
1	27905.6
1	27918
1	27844.6
1	27863.5
1	27866.5
1	27889
1	27887.5
1	27912.6
1	27891.9
1	27914
1	27911.1
1	27921.2
1	27897
1	27900.3
1	27885.9
1	27876.7
1	27906.7
1	27936.2
1	27925.2
1	27943
1	28026.7
1	28085
1	28189.9
1	28099.4
1	28140.4
1	28116.9
1	28115.3
1	28120.8
1	28114.6
1	28174.6
1	28315.7
1	28324.7
1	28437.2
1	28409.5
1	28429.1
1	28373.2
1	28371.4
1	28360
1	28368.1
1	28300.8
1	28323.8
1	28364.5
1	28381
1	28400
1	28381.2
1	28327.9
1	28257.4
1	28290.4
1	28304
1	28303
1	28303.3
1	28325.8
1	28296
1	28286.4
1	28304.5
1	28308.5
1	28278.5
1	28296.3
1	28299.9
1	28292
1	28234.5
1	28218.8
1	28233.3
1	28288.6
1	28282.2
1	28287.6
1	28259
1	28270.3
1	28277.9
1	28287.5
1	28275
1	28274.5
1	28284.6
1	28339.8
1	28343
1	28326.4
1	28295.2
1	28308.5
1	28320
1	28314.3
1	28310.3
1	28314.5
1	28300.7
1	28315
1	28331.9
1	28348.9
1	28337.7
1	28303.4
1	28305.6
1	28281
1	28271.6
1	28301.7
1	28277.9
1	28281.5
1	28255
1	28231.7
1	28217.5
1	28251.2
1	28237.4
1	28307.8
1	28305.4
1	28445.4
1	28415
1	28497.6
1	28439.4
1	28407.9
1	28443.2
1	28558.7
1	29036.8
1	29134
1	29100.7
1	29118.7
1	29160
1	29136.4
1	29125.4
1	29174.2
1	29273.1
1	29174.5
1	29097.3
1	29131.1
1	29173.1
1	29121.3
1	29109.8
1	29115
1	29115.1
1	29119.9
1	29223.3
1	29205
1	29222.3
1	29500.2
1	29569.6
1	29671.4
1	29594
1	29747.4
1	29675.8
1	29647
1	29637.3
1	29666
1	29675.5
1	29789
1	29928.9
1	29801.3
1	29824.7
1	29908.1
1	30189.9
1	30273.3
1	30293.9
1	30078.2
1	30083
1	30001.4
1	29985.2
1	30038.7
1	30116
1	30094.8
1	30108.5
1	30072.5
1	30109
1	30107.9
1	30070.8
1	29997.3
1	29883.8
1	30026.8
1	30087
1	30070.7
1	30035.8
1	30108.8
1	30098.2
1	30126.2
1	30106.9
1	30083.4
1	30115
1	30087.3
1	30093.9
1	30055
1	30056.8
1	30015.1
1	30052.4
1	30035.3
1	30061.7
1	30111.8
1	30122.5
1	30104.4
1	30104.2
1	30076.1
1	30055.2
1	30134.4
1	30065.8
1	30119
1	30098.9
1	30097.7
1	30171
1	30122.2
1	30246.3
1	30220.3
1	30210.6
1	30018.3
1	30060.4
1	30211
1	30181.1
1	30168
1	30194.2
1	30199.4
1	30203
1	30188
1	30128
1	30115.4
1	30155
1	30162.5
1	30207.6
1	30208.3
1	30178
1	30191.5
1	30230.2
1	30260.1
1	30419.7
-1	30179.3
-1	30130
-1	30109.8
-1	30075
-1	30130
-1	30164.2
-1	30210.2
-1	30180.7
-1	30130.9
-1	30189.5
-1	30195.7
-1	30182.2
-1	30207.8
-1	30263.8
-1	30230.2
-1	30194
-1	30238.5
-1	30200.4
-1	30262.2
-1	30309.2
-1	30290.9
-1	30224.8
-1	30237.2
-1	30228.1
-1	30175
-1	30170.8
-1	30045.6
-1	29933.6
-1	29943.3
-1	29916.2
-1	29950
-1	29988.8
-1	29926
-1	29922
-1	29940.4
-1	29960.1
-1	29956
-1	29978.6
-1	29952.5
-1	29925.9
-1	29938.5
-1	29920
-1	29880.5
-1	29904.4
-1	29917.1
-1	29932.9
-1	29969
-1	30041
-1	30007
-1	29987
-1	30027.2
-1	29984
-1	29975.6
-1	29915
-1	29932.1
-1	29986
-1	29993.8
-1	30007.7
-1	29991.9
-1	30022
-1	30002.5
-1	29996.3
-1	29990.6
-1	29982.5
-1	29963.7
-1	30016.3
-1	29973.5
-1	30007.1
-1	30293.9
-1	30157.1
-1	30231.1
-1	30173.1
-1	30114.7
-1	30053.7
-1	30136.4
-1	30212.4
-1	30105.7
-1	30024.7
-1	29803.7
-1	29922.9
-1	29921.5
-1	29964
-1	29969.5
-1	29991.8
-1	29933.6
-1	29939
-1	29990.8
-1	30008.1
-1	30040
-1	30023.9
-1	30040.2
-1	29952.7
-1	29943.1
-1	29917.3
-1	29870.8
-1	29824.7
-1	29875.3
-1	29798.6
-1	29840.5
-1	29885.5
-1	29888.9
-1	29947.5
-1	29937.8
-1	29944.1
-1	29950.9
-1	29944.1
-1	29925.3
-1	29933.8
-1	29906.6
-1	29841.3
-1	29880
-1	29911.8
-1	29876.7
-1	29888.1
-1	29922.1
-1	29950
-1	30016.8
-1	29984.7
-1	29990.9
-1	29974.6
-1	30047.1
-1	30065.1
-1	30028.8
-1	30040.7
-1	30147.8
-1	30116.5
-1	30089.7
-1	30088.5
-1	30073
-1	30072.2
-1	30071.6
-1	30088.8
-1	30055.6
-1	30053.7
-1	30041.5
-1	30077.3
-1	30083.9
-1	30105.1
-1	30079.7
-1	30071
-1	30051.8
-1	30016.5
-1	30060.2
-1	30055.7
-1	30060
-1	30068.6
-1	30043.5
-1	30071
-1	30104.4
-1	30188.1
-1	30293.1
-1	30246.3
-1	30177
-1	30204.8
-1	30167.2
-1	30204.7
-1	30199.5
-1	30203.1
-1	30190
-1	30202.5
-1	30193.1
-1	30159.8
-1	30176.5
-1	30181.1
-1	30211.7
-1	30272.1
-1	30242.9
-1	30257.6
-1	30208.3
-1	30175.8
-1	30217.9
-1	30300.8
-1	30382.8
-1	30435.3
-1	30339.9
-1	30406.7
-1	30393.2
-1	30441.4
-1	30355.5
-1	30357.7
-1	30319.3
-1	30322.4
-1	30377.9
-1	30358.3
-1	30362
-1	30425.8
-1	30485
-1	30427.2
-1	30438.5
-1	30440.8
-1	30387.5
-1	30358.6
-1	30343.4
-1	30335.1
-1	30230.6
-1	30245.4
-1	30245
-1	30252
-1	30287.5
-1	30283.4
-1	30317.2
-1	30283.7
-1	30346.8
-1	30350
-1	30330
-1	30296.1
-1	30289.1
-1	30303.7
-1	30326.5
-1	30373.8
-1	30361.1
-1	30399.1
-1	30726.8
-1	30745.7
-1	30813.2
-1	30777.2
-1	30812.9
-1	30775.3
-1	30807.9
-1	30738
-1	30654.5
-1	30595.8
-1	30620
-1	30674.2
-1	30688.1
-1	30690.9
-1	30731.8
-1	30709.9
-1	30704.9
-1	30708.8
-1	30770
-1	30757.1
-1	30821.7
-1	30796.3
-1	30763.9
-1	30818
-1	30849.5
-1	30942.9
-1	30900.9
-1	30942.1
-1	30786.8
-1	30733.7
-1	30754.6
-1	30696
-1	30693.6
-1	30730.2
-1	30700
-1	30744
-1	30790.1
-1	30794.2
-1	30806.7
-1	30811
-1	30789
-1	30766
-1	30789.6
-1	30766.5
-1	30757.8
-1	30801.9
-1	30841.1
-1	30820
-1	30763.8
-1	30617
-1	30665
-1	30674.9
-1	30718.2
-1	30721.5
-1	30617.3
-1	30602.9
-1	30606.5
-1	30599.9
-1	30419.3
-1	30233.5
-1	30273.1
-1	30237.9
-1	30269.4
-1	30200.3
-1	30125.8
-1	30147.5
-1	30222.9
-1	30240.5
-1	30227.2
-1	30276.6
-1	30345.5
-1	30352
-1	30284
-1	30277.1
-1	30214.4
-1	30262.2
-1	30330
-1	30324.1
-1	30328.2
-1	30430
-1	30490.8
-1	30448.8
-1	30454.6
-1	30470.8
-1	30484.1
-1	30454.1
-1	30425.4
-1	30420.3
-1	30430
-1	30435.3
-1	30432.9
-1	30416.9
-1	30390.5
-1	30466.9
-1	30443.5
-1	30545
-1	30396.1
-1	30372.5
-1	30346.5
-1	30324.1
-1	30384
-1	30370
-1	30390.8
-1	30387.4
-1	30390.7
-1	30380
-1	30390.7
-1	30387.9
-1	30379.5
-1	30376.1
-1	30361.9
-1	30340
-1	30361.4
-1	30356.1
-1	30396.1
-1	30401.4
-1	30408.8
-1	30427
-1	30400.9
-1	30395.7
-1	30377.3
-1	30391
-1	30410.4
-1	30434.5
-1	30419.1
-1	30433.3
-1	30419.7
-1	30418.6
-1	30387.2
-1	30385.1
-1	30412.6
-1	30407.7
-1	30427.9
-1	30459.9
-1	30442.7
-1	30430.9
-1	30402.3
-1	30417.1
-1	30411.7
-1	30405.2
-1	30414.7
-1	30385.3
-1	30397
-1	30392.6
-1	30418.3
-1	30423.3
-1	30427.9
-1	30417.3
-1	30355.3
-1	30335.2
-1	30360.4
-1	30364.8
1	30375.6
1	30359.4
1	30394.4
1	30400
1	30402.5
1	30325.3
1	30278.3
1	30307.7
1	30305.1
1	30320
1	30290
1	30272.5
1	30250
1	30246.2
1	30266.6
1	30280.7
1	30291.6
1	30300.8
1	30291.5
1	30291.5
1	30257
1	30331.7
1	30316.7
1	30322.1
1	30315
1	30280.7
1	30250.7
1	30285.9
1	30303.3
1	30263.8
1	30319.4
1	30340
1	30353.3
1	30351
1	30340.6
1	30327.5
1	30306.8
1	30295.1
1	30278.2
1	30284.5
1	30319
1	30277.5
1	30173.4
1	30229.5
1	30226.6
1	30237
1	30270.8
1	30261.5
1	30266.6
1	30264.2
1	30255
1	30236.8
1	30236.4
1	30249.4
1	30255
1	30268.6
1	30283
1	30298.5
1	30333
1	30318.5
1	30310
1	30306.3
1	30319.9
1	30322.2
1	30330.2
1	30306.1
1	30303.3
1	30339.2
1	30347.1
1	30345
1	30340.4
1	30330.1
1	30330.8
1	30337.4
1	30314.3
1	30300.8
1	30283
1	30279.3
1	30271
1	30284.1
1	30287
1	30290.2
1	30296
1	30268.9
1	30246.9
1	30226.5
1	30254.7
1	30243.3
1	30244.9
1	30260
1	30240.4
1	30239
1	30235.8
1	30250
1	30251
1	30274.3
1	30297.5
1	30311.8
1	30310.7
1	30336.2
1	30340
1	30333
1	30307.7
1	30281.9
1	30293.5
1	30335
1	30335.2
1	30334.2
1	30305.7
1	30300
1	30312.2
1	30344.6
1	30327
1	30478.4
1	30498.3
1	30514.7
1	30468.7
1	30309.1
1	30308.2
1	30356.3
1	30384
1	30343
1	30298.2
1	30311.2
1	30362.7
1	30385.6
1	30371.1
1	30322.4
1	30331.9
1	30331
1	30313.5
1	30280.5
1	30280.3
1	30304.7
1	30301
1	30055.7
1	29911
1	29842.9
1	29914.9
1	29944.8
1	29980
1	29946.2
1	29926.3
1	29984
1	30062.6
1	30020
1	30006.2
1	29991.7
1	29975.3
1	29982.8
1	29964
1	29944.5
1	29967.8
1	29981.2
1	29990
1	29960.5
1	29960
1	29997.9
1	29992
1	29954.3
1	29909.8
1	29901.3
1	29920
1	29903.4
1	29880.3
1	29838.3
1	29830.3
1	29873.1
1	29914
1	29918.1
1	29922.5
1	29904
1	29878
1	29877
1	29886.2
1	29845.8
1	29881.1
1	29884.7
1	29871.9
1	29765
1	29559.5
1	29570.8
1	29557.2
1	29520.7
1	29492.6
1	29529.8
1	29477.8
1	29360.2
1	29430.5
1	29402.2
1	29432.8
1	29452.2
1	29388.8
1	29440.4
1	29423.1
1	29388.8
1	29314.4
1	29358.3
1	29390.9
1	29414.3
1	29451.1
1	29464.4
1	29509.3
-1	29475.5
-1	29474.2
-1	29462.7
-1	29471.7
-1	29522.2
-1	29535.1
-1	29525
-1	29518.6
-1	29552.5
-1	29492.4
-1	29467.2
-1	29470.5
-1	29446
-1	29457.3
-1	29443.8
-1	29440
-1	29438.6
-1	29469.4
-1	29452.2
-1	29480
-1	29502.2
-1	29515.7
-1	29502.3
-1	29480
-1	29470
-1	29438.8
-1	29430.3
-1	29449.2
-1	29399.2
-1	29326.7
-1	29364.2
-1	29205.2
1	29280.3
1	29395.8
1	29373.5
1	29415.6
1	29428.8
1	29471.1
1	29465.8
1	29485.1
1	29453.4
1	29479
1	29447
1	29447.7
1	29459.7
1	29504.2
1	29494.7
1	29514.7
1	29544.7
1	29545.8
1	29542.1
1	29570
1	29705.5
1	29672.4
1	29721
1	29710.9
1	29726.6
1	29736.8
1	29775.6
1	29784.1
1	29722.9
1	29701.6
1	29703.9
1	29717.3
1	29825.8
1	29878.6
1	29897.7
1	29879.5
1	29927.2
1	29887.1
1	29899.3
1	29927.7
1	29991.3
1	30316.5
1	30380.6
1	30428
1	30394.5
1	30287.3
1	30303.1
1	30303.9
1	30334.5
1	30361.4
1	30381.3
1	30299.8
1	30181.5
1	30257.2
1	30247.8
1	30124.4
1	30187.2
1	30152.7
1	30184.9
1	30256.6
1	30204.9
1	30232.2
1	30220.8
1	30237.9
1	30179.9
1	30152.1
1	30025.5
1	30032.9
1	30231.7
1	30174.8
1	30144.5
1	30167.6
1	30161
1	30196.8
1	30221.5
1	30247.7
1	30261
1	30329.4
1	30419.1
-1	30347.3
-1	30346.7
-1	30318.4
-1	30371.7
-1	30331.8
-1	30335.1
-1	30312.8
-1	30370.9
-1	30345.7
-1	30332.8
-1	30381.3
-1	30380
-1	30365.6
-1	30314.4
-1	30305.5
-1	30319.2
-1	30278.2
-1	30310.1
-1	30298.4
-1	30233.4
-1	30192.1
-1	30249.3
-1	30211
-1	30200.6
-1	30210.5
-1	30265.4
-1	30210.9
-1	30211.2
-1	30178.5
-1	30225
-1	30219.8
-1	30202.6
-1	30230
-1	30225.2
-1	30281
-1	30268.3
-1	30220.7
-1	30110
-1	30110.3
-1	30008.1
-1	30030.4
-1	30108.5
-1	30095
-1	30077.8
-1	29465.5
-1	29283.8
-1	29281.5
-1	29168.5
-1	29217.4
-1	29218.2
-1	29267.8
-1	29200.6
-1	29165.2
-1	29195.3
-1	29157
-1	29257.3
-1	29271.7
-1	29269.4
-1	29285
-1	29310.7
-1	29222.9
-1	29247.7
-1	29235.3
-1	29218.7
-1	29208.7
-1	29263.1
-1	29282.1
-1	29333
-1	29445.2
-1	29399
-1	29463.5
-1	29393.5
-1	29379.7
-1	29378.7
-1	29232.8
-1	29260.4
-1	29303.6
-1	29314.7
-1	29330.4
-1	29315.2
-1	29270
-1	29256.6
-1	29212.4
-1	29318.1
-1	29319.3
-1	29292.9
-1	29242.2
-1	29277.5
-1	29321.4
-1	29293.5
-1	29257.5
-1	29227.1
-1	29257.3
-1	29212.9
-1	29210.6
-1	29237.7
-1	29205.2
-1	29057.1
-1	28940
-1	29170
1	29178.2
1	29081.3
1	29147
1	29076.2
1	28944.2
1	28728.6
1	28775.5
1	28797.1
1	28726.9
1	28894.1
1	28922.5
1	28920
1	28870.6
1	28861.2
1	28962.8
1	28934.1
1	28891.4
1	28882.1
1	28829
1	28742.6
1	28795.5
1	28831.2
1	28829.3
1	28862.5
1	28887.6
1	28932.5
1	28897.1
1	28867.5
1	28902.2
1	28868.6
1	28848.2
1	28893.5
1	28971.5
1	28971.1
1	28941
1	28925.6
1	28896.2
1	28915
1	28887.4
1	28869.7
1	28920.8
1	28924.2
1	28812.7
1	28826.6
1	28840.9
1	28857.1
1	28879.1
1	28866
1	28833.4
1	28817.9
1	28832.8
1	28855.2
1	28777.7
1	28755.4
1	28688.6
1	28607.1
1	28639
1	28720.8
1	28815.1
1	28893
1	28857.1
1	28778
1	28757
1	28820.1
1	28853.2
1	28772.7
1	28764.7
1	28719.7
1	28699.8
1	28697.6
1	28556.7
1	28506.7
1	28541.6
1	28571.8
1	28614
1	28442.6
1	28508.8
1	28569.5
1	28516.1
1	28452.2
1	28515
1	28347
1	28312.4
1	28360.5
1	28256
1	28083.6
1	28184.5
1	28104.4
1	28106.6
1	28215.7
1	28240
1	28204.6
1	28237.8
1	28201.5
1	28219.2
1	28230.4
1	28314.7
1	28285.8
1	28216
1	28249.1
1	28299.2
1	28224.9
1	28230.9
1	28243.7
1	28289.7
1	28147.4
1	28277.8
1	28291.3
1	28240.2
1	28250
1	28220.7
1	28200.9
1	28239.3
1	28170.7
1	28217.6
1	28247.5
1	28273.1
1	28303
1	28293.6
1	28321.4
1	28325.5
1	28303.3
1	28260.6
1	28236.2
1	28238.7
1	28222
1	28235
1	28158.2
1	28162
1	28164.7
1	28021.3
1	27916.9
1	27995.2
1	27861.8
1	27952.4
1	28155
1	28081.2
1	28125.2
1	28049.8
1	28071.9
1	28029.1
1	28003.2
1	28081.7
1	28060.8
1	28082.4
1	28111.1
1	28051.3
1	28002
1	27958
1	28008.6
1	28013.4
1	28066.2
1	28099.4
1	28176
1	28177.9
1	28218.6
1	28203.3
1	28164.3
1	28268.2
1	28113.4
1	28084.6
1	28180.6
1	28074.1
1	28060.9
1	28061.5
1	28082.2
1	28120.8
1	28040.7
1	28051.5
1	27977.3
1	28050.2
1	28042.7
1	28043.7
1	27892.2
1	27924
1	27901.6
1	27932.8
1	27936.3
1	27840.2
1	27784
1	27384.9
1	27382.9
1	27349.9
1	27279.9
1	27319
1	27370.5
1	27294.6
1	27270.9
1	27343
1	27358.3
1	27303.4
1	27280
1	27316.5
1	27260.9
1	27239
1	27266.1
1	27316.1
1	27297.6
1	27301.7
1	27262.8
1	27318.4
1	27282
1	27228
1	27225.1
1	27177
1	27225.7
1	27277.8
1	27291.7
1	27298.9
1	27254.2
1	27238.5
1	27241.5
1	27247.3
1	27289.7
1	27303.6
1	27322.2
1	27321.3
1	27330.7
1	27319.5
1	27348
1	27308
1	27339
1	27363.9
1	27397.6
1	27347
1	27316.5
1	27331.2
1	27346.5
1	27333.8
1	27329.9
1	27301
1	27277.8
1	27266
1	27240
1	27262.8
1	27211.4
1	27243
1	27231.9
1	27263.8
1	27239.1
1	27251
1	27221.3
1	27208.4
1	27250
1	27265.5
1	27255
1	27285
1	27286.7
1	27290.9
1	27307.3
1	27336.8
1	27338
1	27353.8
1	27286.2
1	27268.1
1	27255
1	27267
1	27306.8
1	27314.9
1	27476.1
1	27436
1	27465.7
1	27457.7
1	27488.9
1	27657
1	27609
1	27644.7
1	27586.6
1	27641.2
1	27704.9
1	27703.6
1	27668.6
1	27643.7
1	27592.6
1	27578.2
1	27601.3
1	27635
1	27622.4
1	27643.2
1	27622.6
1	27661.4
1	27659
1	27682.8
1	27634.5
1	27603.3
1	27616.4
1	27647.6
1	27669.1
1	27800
1	27743.4
1	27840.4
1	27853.3
1	27820.2
1	27804.7
1	27838.7
1	27816.8
1	27746.8
1	27725.1
1	27506.6
1	27541.8
1	27635
1	27660.8
1	27480.3
1	27551.2
1	27495.7
1	27554
1	27597.9
1	27592
1	27557.5
1	27624.6
1	27570.8
1	27557.8
1	27559.8
1	27580.9
1	27593.6
1	27605.8
1	27589.3
1	27587.3
1	27564.7
1	27585.1
1	27592.2
1	27594.9
1	27590.8
1	27588.1
1	27567.5
1	27594.8
1	27683.9
1	27718.9
1	27720
1	27679.2
1	27703.6
1	27710.5
1	27701
1	27669.1
1	27624.8
1	27629
1	27635
1	27556
1	27543.5
1	27527.6
1	27554.7
1	27546.7
1	27576.8
1	27642.9
1	27615.2
1	27670
1	27639.4
1	27606
1	27604.2
1	27612
1	27645.2
1	27630.8
1	27628.1
1	27639.2
1	27639.4
1	27552.5
1	27526.1
1	27401.8
1	27430
1	27474.5
1	27398.7
1	27539.1
1	27629.6
1	27584.4
1	27612.5
1	27542.3
1	27538.6
1	27513
1	27493
1	27431.3
1	27526.3
1	27455.7
1	27480.5
1	27453.5
1	27488
1	27465.8
1	27490
1	27518.1
1	27505.4
1	27504.6
1	27529.5
1	27506.9
1	27512.8
1	27517.8
1	27443.6
1	27534.5
1	27585.6
1	27591.7
1	27611.8
1	27629.4
1	27568
1	27590.6
1	27562.2
1	27450
1	27454.7
1	27807.5
1	27898
1	27819.2
1	27791.8
1	27752.5
1	27789.3
1	27715.9
1	27677.3
1	27745.2
1	27737.4
1	27728
1	27770.7
1	27790.5
1	27763.2
1	27759.1
1	27727.2
1	27702.3
1	27740
1	27741.6
1	27683.9
1	27654.8
1	27698.3
1	27669.9
1	27613.6
1	27546.7
1	27438.8
1	27472.8
1	27463.4
1	27452
1	27501.5
1	27393.3
1	27313.9
1	27185.8
1	27275.3
1	27300
1	27352.5
1	27313.1
1	27332
1	27354.9
1	27350.6
1	27418.9
1	27425.5
1	27402
1	27455.4
1	27550.8
1	27481.9
1	27495.3
1	27481.2
1	27443.8
1	27447.6
1	27415.4
1	27674.6
1	27624.2
1	27648.6
1	27610.7
1	27330.4
1	27430.2
1	27373
1	27246.9
1	27248.8
1	27267
1	27300.1
1	27323.8
1	27371.5
1	27110.5
1	27263.5
1	27343.5
1	27377.3
1	27381.5
1	27366.5
1	27449.6
1	27334.4
1	27339.9
1	27381.3
1	27345
1	27398.8
1	27383.3
1	27435.7
1	27421
1	27394
1	27460.4
1	27432.7
1	27370.8
1	27381.3
1	27414.6
1	27414.3
1	27450.2
1	27461.3
1	27463.9
1	27489.8
1	27546.2
1	27503.4
1	27510.9
1	27530.2
1	27483.9
1	27465.8
1	27459
1	27470.5
1	27472.2
1	27416.5
1	27403.2
1	27344.6
1	27374.3
1	27402.4
1	27402.8
1	27403
1	27409.8
1	27418.3
1	27345.7
1	27370
1	27370.2
1	27405.6
1	27410
1	27333.6
1	27382.6
1	27394.3
1	27413.2
1	27407.1
1	27431.2
1	27422.8
1	27357.3
1	27372.1
1	27346.1
1	27267.6
1	27266.5
1	27294
1	27317.1
1	27362.6
1	27430.9
1	27393.6
1	27346.6
1	27350
1	27323
1	27324.3
1	27306.7
1	27345.8
1	27331
1	27394.5
1	27332.9
1	27405.5
1	27391
1	27386
1	27410.6
1	27372.7
1	27394.3
1	27409.8
1	27401
1	27384.8
1	27344.6
1	27293.5
1	27298.1
1	27261.6
1	27294.7
1	27396.6
1	27363.4
1	27352.8
1	27345
1	27350
1	27386
1	27406
1	27393.3
1	27347.1
1	27362.2
1	27559
1	27617.7
1	27665.3
1	27695.5
1	27618.6
1	27577.7
1	27483.4
1	27506.6
1	27540
1	27611.4
1	27861.3
1	27927.8
1	27955.8
1	27975
1	28182.2
1	28232.7
1	28177.6
1	28262.9
1	28251.2
1	28237.3
1	28263.1
1	28233.2
1	28167.1
1	28269
1	28286.5
1	28300.8
1	28377
1	28422.1
-1	28384.3
-1	28299.6
-1	28269.8
-1	28296.7
-1	28330.2
-1	28392
-1	28383.5
-1	28366.4
-1	28352.5
-1	28389.3
-1	28388
-1	28328.1
-1	28335.6
-1	28309.1
-1	28338.9
-1	28364.7
-1	28337.7
-1	28328.9
-1	28362.8
-1	28394.4
-1	28393.6
-1	28395.2
-1	28439
-1	28363.9
-1	28366.8
-1	28395
-1	28390
-1	28357.3
-1	28332.5
-1	28376.2
-1	28402.4
-1	28660
-1	28649.3
-1	28727.2
-1	28747.5
-1	28767.5
-1	28814.5
-1	28867.5
-1	28812.2
-1	28860.7
-1	28972.5
-1	28998.8
-1	28923.3
-1	28929.1
-1	28963.7
-1	28952.3
-1	29092
-1	29743.9
-1	29800.8
-1	29965.5
-1	29841.1
-1	29829
-1	29723.9
-1	29847.1
-1	29770.5
-1	29646.4
-1	29629.5
-1	29700.2
-1	29775.1
-1	29699.5
-1	29799.9
-1	29820
-1	29827.3
-1	29810.2
-1	29781.4
-1	29810.3
-1	29802.3
-1	29795.4
-1	29824.2
-1	29720.9
-1	29739.2
-1	29788.9
-1	29723
-1	29741.5
-1	29600.9
-1	29077.1
-1	28272.4
-1	27884.2
-1	27736.1
-1	27550.4
-1	28102.2
-1	28413.4
-1	28222.1
-1	28296.7
-1	28252.4
-1	28677.7
-1	28576
-1	28374.8
-1	28298.5
-1	28298.2
-1	28450.2
-1	28379.7
-1	28325.5
-1	28415.3
-1	28572.5
-1	29397.7
-1	29178.8
-1	29225.5
-1	29058.7
-1	28848.3
-1	28860
-1	28741.7
-1	29093.5
-1	28949.7
-1	28972.3
-1	29034.3
-1	28893.5
-1	28942.7
-1	28970
-1	28885.8
-1	28963.6
-1	28963.5
-1	29038.7
-1	29096.1
-1	29070
-1	29163.7
-1	29124.8
-1	29083.1
-1	29034.8
-1	28982.7
-1	29004.3
-1	28793.3
-1	28848.9
-1	28830
-1	28873.2
-1	28893.8
-1	28795.1
-1	28977.2
-1	28990.6
-1	28955.4
-1	28942.1
-1	28912
-1	28989.4
-1	28931.7
-1	28973
-1	28949.5
-1	29019.6
-1	28990.8
-1	29094.5
-1	29052.8
-1	28937.9
-1	28934.2
-1	29000.5
-1	29001.8
-1	28760.6
1	28862.1
1	28907.8
-1	28887.4
-1	28870.6
-1	28936.3
-1	29051.3
-1	29009.3
-1	29043
-1	28974.5
-1	29019.1
-1	29274.1
-1	28974.7
-1	29149.7
-1	29083.9
-1	29131.6
-1	29091.5
-1	29129.8
-1	29174
-1	29260.6
-1	29290.7
-1	29296.1
-1	29340
-1	29629.3
-1	29884.6
-1	29772.1
-1	29571.4
-1	29650
-1	29775.2
-1	29674
-1	29533.8
-1	29559.4
-1	29606.1
-1	29619.3
-1	29752.7
-1	29702.8
-1	29613
-1	29647.1
-1	29601.8
-1	29586.4
-1	29542
-1	29385.2
-1	29408.2
-1	29473.5
-1	29433.2
-1	29472.8
-1	29427.4
-1	29385.4
-1	29413.3
-1	29554.2
-1	29478.7
-1	29471.2
-1	29535.8
-1	29516.3
-1	29462
-1	29475.4
-1	29411
-1	29395.9
-1	29391.7
-1	29361.8
-1	29407.7
-1	29420.5
-1	29482.2
-1	29470.3
-1	29478.6
-1	29501.9
-1	29486.3
-1	29488.2
-1	29530.4
-1	29474
-1	29479.5
-1	29430.2
-1	29429.9
-1	29467.1
-1	29499.3
-1	29450.5
-1	29491.6
-1	29488.8
-1	29423.1
-1	29362.5
-1	29210
-1	29252
-1	29216.8
-1	29219
-1	29239.2
-1	29199.4
-1	29205.8
-1	29287
-1	29307.9
-1	29262.3
-1	29299.1
-1	29296.5
-1	29287
-1	29235.4
-1	29268.2
-1	29331.1
-1	29329.6
-1	29229.3
-1	29268
-1	29320
-1	28950.1
1	29029.5
1	29166.3
1	29239.2
1	29136.1
1	29096.7
1	29013.2
1	29073.4
1	29095.4
1	29146.9
1	29255.7
1	29144.4
1	29174.7
1	29273.4
1	29220
1	29221.8
1	29254
1	29239.4
1	29166.3
1	29173.7
1	29180
1	29242.7
1	29350
1	29313.1
1	29390
1	29328.5
1	29367.7
1	29323.1
1	29320.4
1	29338
1	29342.2
1	29331.7
1	29322.2
1	29328.6
1	29380.7
1	29388.1
1	29405.6
1	29345.3
1	29374.8
1	29300.2
1	29327.1
1	29311.7
1	29305.2
1	29306.3
1	29301.4
1	29262
1	29253
1	29280.6
1	29268.9
1	29272.6
1	29290.8
1	29321.3
1	29356
1	29374.9
1	29363.4
1	29373.9
1	29357.1
1	29345.7
1	29355.3
1	29410
1	29366
1	29372.7
1	29406.6
1	29377.5
1	29363.9
1	29356
1	29356.5
1	29318.1
1	29322
1	29328.6
1	29340
1	29316.9
1	29339.2
1	29345.5
1	29319.1
1	29301.9
1	29316
1	29313.9
1	29272.1
1	29295
1	29280
1	29298.8
1	29287.8
1	29264.9
1	29268.1
1	29267.6
1	29273.1
1	29256.9
1	29287.7
1	29332.1
1	29320.2
1	29306.6
1	29304.9
1	29281.4
1	29301.3
1	29347.4
1	29340.4
1	29384.1
1	29357
1	29363.1
1	29350
1	29336.1
1	29312.4
1	29335.4
1	29336.5
1	29271.2
1	29271.8
1	29265.2
1	29263.8
1	29281.8
1	29254.2
1	29241
1	29155
1	29155.2
1	29216.1
1	29188.2
1	29161.8
1	29176
1	29185.8
1	29248.3
1	29271.3
1	29240.7
1	29232.9
1	29253.2
1	29228.9
1	29221.4
1	29232.2
1	29227
1	29248.7
1	29230
1	29193
1	29207
1	29224.8
1	29200.7
1	29191.5
1	29174.1
1	29211.1
1	29230.5
1	29213
1	29214.4
1	29185
1	29136
1	29147
1	29138.5
1	29133.5
1	29097
1	29118.8
1	29120
1	29143.6
1	29177
1	29165.7
1	29160.9
1	29169.1
1	29178.9
1	29180.3
1	29181.4
1	29197.4
1	29210.6
1	29239.1
1	29237.1
1	29237.3
1	29258.5
1	29261.2
1	29240
1	29266.3
1	29271.4
1	29276.7
1	29284.2
1	29288.9
1	29266.4
1	29266.6
1	29290.5
1	29295.1
1	29270
1	29260
1	29254
1	29243.9
1	29258.6
1	29294.7
1	29280.2
1	29222.2
1	29221.9
1	29223.9
1	29214.8
1	29187
1	29197
1	29204.7
1	29203.7
1	29223.8
1	29238.2
1	29260.6
1	29281.2
1	29274.6
1	29292.5
1	29280.3
1	29272
1	29358.9
1	29395
1	29574.9
1	29821
1	29866.4
-1	29655.2
-1	29729.4
-1	29632.1
-1	29690.9
-1	29717.5
-1	29715.2
-1	29770.1
-1	29765.3
-1	29644.4
-1	29654.4
-1	29645.4
-1	29616.5
-1	29577.1
-1	29379.1
-1	29359.8
-1	29367.7
-1	29361.1
-1	29208.5
-1	29312.6
-1	29320
-1	29329.9
-1	29437.8
-1	29472.6
-1	29372.5
-1	29411.2
-1	29410.6
-1	29418.1
-1	29398.3
-1	29378.7
-1	29399.5
-1	29391.7
-1	29392.3
-1	29233.2
-1	29290
-1	29301.7
-1	29303.8
-1	29315.6
-1	29257.5
-1	29254
-1	28677.1
-1	28504.4
-1	28635.5
-1	28582.2
-1	28583
-1	28549.4
-1	28481.5
-1	28587
-1	28590.3
-1	28561.1
-1	28564
-1	28542.8
-1	28502.4
-1	28555
-1	28631.5
-1	28550.7
-1	28421.5
-1	28483.7
-1	28503.4
-1	28557.4
-1	28554.8
-1	28594.3
-1	28615.8
-1	28660.8
-1	28636.8
-1	28629.1
-1	28593.7
-1	28597.2
-1	28603.5
-1	28574.5
-1	28581.3
-1	28603.9
-1	28554.8
-1	28525
-1	28550.3
-1	28542
-1	28527.2
-1	28552.4
-1	28534.8
-1	28549.6
-1	28558.5
-1	28523.9
-1	28527.7
-1	28574
-1	28589.8
-1	28596.3
-1	28575.3
-1	28599.6
-1	28530.8
-1	28457.8
-1	28496.5
-1	28484.5
-1	28441.3
-1	28473.3
-1	28382.8
-1	28110.8
-1	28108.6
-1	28170.6
-1	28141
-1	28119.3
-1	28220
-1	28360.8
-1	28338.2
-1	28181.3
-1	28273.9
-1	28278.2
-1	28244.3
-1	28212.7
-1	28128.6
-1	28173.8
-1	28035.4
-1	28015.6
-1	27952.4
-1	27843.4
-1	27911.2
-1	27844.6
-1	27903.4
-1	27678.1
-1	27805.8
-1	27885.6
-1	27984.6
-1	27985.5
-1	27978.4
-1	27974.1
-1	28062.4
-1	28020
-1	28116.3
-1	28098.3
-1	28090
-1	28068.3
-1	27999.3
-1	28075
-1	28125.2
-1	28050.4
-1	28071.7
-1	28044
-1	28077.1
-1	27942.9
-1	27996.7
-1	27956.8
-1	27970.9
-1	28008.5
-1	27973.8
-1	27946.7
-1	27983.1
-1	28043.8
-1	28015.6
-1	27976.2
-1	27983
-1	27927.7
-1	27948.9
-1	27948.6
-1	27986.7
-1	28000
-1	28035
-1	27981.6
-1	27995.9
-1	27999.1
-1	28077.6
-1	28077.9
-1	28045.8
-1	28057.5
-1	28110
-1	28070
-1	28050
-1	28028.5
-1	28027.5
-1	27960.8
-1	27990.7
-1	27983.2
-1	27995.4
-1	27980.1
-1	28026.4
-1	28016.5
-1	28041.2
-1	28058.5
-1	28046.2
-1	28084.8
-1	28055.2
-1	28043.8
-1	28214.1
-1	28107
-1	28063.5
-1	28061.8
-1	27989.7
-1	28009.1
-1	28015.3
-1	28495.2
-1	28541.2
-1	28374.2
-1	28456
-1	28512.4
-1	28668.2
-1	28540.7
-1	28483.6
-1	28544.4
-1	28512.5
-1	28468.6
-1	28493.6
-1	28494.5
-1	28512.2
-1	28583.5
-1	28609.3
-1	28596.3
-1	28676.6
-1	28718.9
-1	28796.3
-1	28803
-1	28743.3
-1	28686.1
-1	28661.9
-1	28705.1
-1	28763.2
-1	28676
-1	28660.3
-1	28649.9
-1	28660
-1	28660.5
-1	28698
-1	28764.9
-1	28755.8
-1	28736.9
-1	28707.7
-1	28670.8
-1	28638.7
-1	28669.9
-1	28598.4
-1	28630.2
-1	28567.3
-1	28503.7
-1	28561.1
-1	28514.5
-1	28565.1
-1	28542.1
-1	28426.2
-1	28449.7
-1	28487.7
-1	28508.6
-1	28491.1
-1	28514.2
-1	28531.4
-1	28520.9
-1	28489.7
-1	28518.3
-1	28476.5
-1	28515
-1	28504.7
-1	28483.1
-1	28490.7
-1	28477.2
-1	28449.1
-1	28530
-1	28606.2
-1	28600
-1	28594.8
-1	28657.4
-1	28633.8
-1	28653.8
-1	28640
-1	28711.6
-1	28686.6
-1	28691.2
-1	28665.3
-1	28639
-1	28644.5
-1	28665.4
-1	28674.7
-1	28625.8
-1	28645.9
-1	28573.5
1	28594.5
1	28634.6
1	28593.3
1	28543.7
1	28508.1
1	28535
1	28330.7
1	28306.5
1	28251.6
1	28228.9
1	28342.5
1	28373.5
1	28336.8
1	28231.2
1	28247.8
1	28215.9
1	28261.4
1	28239.8
1	28300.3
1	28311.5
1	28301.4
1	28424.3
1	28360
1	28477
1	28455.9
1	28577.5
1	28722.8
1	28576.7
1	28615.8
1	28517.9
1	28468.2
1	28444.3
1	28301.8
1	28351.2
1	28352.4
1	28323
1	28429.6
1	28413.1
1	28323.7
1	28518.7
1	28613.9
1	28845.5
1	28977.8
-1	28923.5
-1	29028.2
-1	29176.2
-1	29157.6
-1	29107.1
-1	29097
-1	29043.7
-1	28946.2
-1	29026.2
-1	29080
-1	29037
-1	29000.7
-1	29043.9
-1	29061.1
-1	28979.4
-1	29012.6
-1	29070.7
-1	29045.8
-1	29040.5
-1	29008.2
-1	29060.6
-1	29091.1
-1	29065.3
-1	29041.5
-1	29096.9
-1	29092.9
-1	29097.4
-1	29094.7
-1	29102.3
-1	29120
-1	29116.9
-1	29149
-1	29203.9
-1	29139.9
-1	29121.1
-1	29132.2
-1	29166.7
-1	29119.1
-1	29096
-1	29074.2
-1	29058.2
-1	28994.7
-1	29080.6
-1	29060.1
-1	29089.3
-1	29078.8
-1	29051.7
-1	29047.9
-1	29089
-1	29092
-1	29163
-1	29276
-1	29243.6
-1	29264.5
-1	29185.4
-1	29161.5
-1	29154.7
-1	29161.3
-1	29189.7
-1	29057
-1	29054.8
-1	29066.8
-1	28881.1
-1	28703.4
-1	28761.5
-1	28785.5
-1	28860
-1	28865.3
-1	28783.7
-1	28918.2
-1	28894.5
-1	28853.3
-1	28866.2
-1	28889.9
-1	28941.8
-1	28896.9
-1	28924.8
-1	28896.8
-1	28868.6
-1	28849.7
-1	28842.3
-1	28844.5
-1	28721.3
-1	28763.2
-1	28799.2
-1	28764.8
-1	28824.2
-1	28854.4
-1	28895.1
-1	28819.4
-1	28864.3
-1	28860.3
-1	28870.2
-1	28844.5
-1	28817.4
-1	28838.5
-1	28840
-1	28794
-1	28763
-1	28780.8
-1	28779.9
-1	28836.2
-1	28835.2
-1	28811.6
-1	28838.2
-1	28852
-1	28885.9
-1	28914.3
-1	28937.6
-1	28920
-1	28916.3
-1	29318.6
-1	29325.7
-1	29273.2
-1	29245
-1	29300.6
-1	29246.3
-1	29259.9
-1	29248.1
-1	29175.2
-1	29198.2
-1	29227
-1	29240.3
-1	29233.9
-1	29228.1
-1	29197.8
-1	29209.1
-1	29236.7
-1	29198
-1	29187.6
1	29190.9
1	29197.7
1	29163.8
1	29121.4
1	29104.7
1	29064.1
1	29062.3
1	29093
1	29113.7
1	29094.7
1	29058
1	29043.9
1	29082.8
1	29111
1	29101
1	29090.2
1	29133
1	29083.3
1	29110.7
1	29138.7
1	29095.8
1	29096.4
1	29149.4
1	29176.9
1	29158.3
1	28965.3
1	28952.4
1	29010
1	29007.8
1	29166.2
1	29175.6
1	29163
1	29163.6
1	29347.5
1	29259.2
1	29190
1	29298.9
1	29278.6
1	29356.5
1	29579.1
1	29528.5
1	29503.4
1	29586.9
1	29563.9
1	29567.1
1	29579.2
1	29460.4
1	29491.5
1	29493.4
1	29457
1	29399.2
1	29376.9
1	29426.7
1	29487.7
1	29561.7
1	29508.3
1	29483
1	29485.5
1	29493.1
1	29484.9
1	29517.1
1	29488.8
1	29486.8
1	29511.2
1	29512.2
1	29545.9
1	29589.7
1	29558
1	29536.1
1	29487.4
1	29505.6
1	29506.8
1	29557.6
1	29694
1	29671.1
1	29612
1	29563.7
1	29610.6
1	29541.4
1	29465.4
1	29471.7
1	29486.1
1	29463.8
1	29415.7
1	29373.3
1	29360.4
1	29353.6
1	29386
1	29372.9
1	29356.5
1	29343.3
1	29371.1
1	29370.5
1	29336.6
1	29347
1	29370.1
1	29341
1	29342.1
1	29386.2
1	29388.1
1	29408.2
1	29388
1	29363.3
1	29255.9
1	29299.4
1	29338.7
1	29330.1
1	29300.7
1	29295
1	29331
1	29285.1
1	29295
1	29212.7
1	29252.9
1	29238.6
1	29254.6
1	29240.3
1	29251.9
1	29266.2
1	29252.5
1	29248
1	29075.8
1	29096.8
1	29068.4
1	29028.6
1	28935.2
1	28935.8
1	28694
1	28637.8
1	28620.6
1	28606.6
1	28549
1	28583.4
1	28618.2
1	28576.6
1	28658.8
1	28693.9
1	28653.9
1	28701.5
1	28676.8
1	28820.4
1	28755.9
1	28771.9
1	28848.5
1	28863.7
1	28924.5
1	28912.4
1	28901
0	28865.1
