0	22409.1
0	22453.1
0	22439.8
0	22416.5
0	22438.9
0	22439.6
0	22450
0	22456.3
0	22439.3
0	22472.5
0	22553.4
0	22546.8
0	22494.5
0	22492.7
0	22524.5
0	22526.6
0	22510.9
0	22507.7
0	22481.6
0	22486
0	22526.2
0	22517.1
0	22504.1
0	22498.5
0	22404.4
0	22384.9
0	22393.3
0	22396.7
0	22370.8
0	22398.2
0	22352.2
0	22367.7
0	22384.1
0	22404.4
0	22408.5
0	22435.2
0	22430.1
0	22433.2
0	22433.7
0	22434.9
0	22424.8
0	22408.3
0	22410
0	22403.7
0	22394.9
0	22405.2
0	22415.9
0	22486.1
0	22463
0	22445.1
0	22484.8
0	22459.2
0	22471.5
0	22481.3
0	22497.9
0	22489.2
0	22465.7
0	22456.2
0	22460.5
0	22470.6
0	22466.5
0	22463.1
0	22474.4
0	22472.6
0	22464.8
0	22464.2
0	22460.7
0	22443.2
0	22438.4
0	22437.4
0	22438.5
0	22447.8
0	22425.3
0	22429.9
0	22419.7
0	22400.7
0	22412.1
0	22412.5
0	22420.2
0	22409.4
0	22385
0	22367.8
0	22381.2
0	22404.8
0	22429.5
0	22398
0	22372.8
0	22391.1
0	22383
0	22376.6
0	22351
0	22388.6
0	22370.3
0	22382.2
0	22399.1
0	22391.7
0	22392.8
0	22390.5
0	22363.9
0	22342.2
0	22333.1
0	22306.7
0	22309.2
0	22038.2
0	22212.9
0	22325.5
0	22320.9
0	22298.7
0	22234.1
0	22282.2
0	22238.8
0	22252.2
0	22320.5
0	22316.4
0	22309.3
0	22295.3
0	22269.8
0	22210
0	22200
0	22232.7
0	22213.3
0	22190.1
0	22124.8
0	22071.1
0	22029.2
0	22109.9
0	22054.5
0	21989.9
0	22023.5
0	22104.2
0	22056.3
0	22029.1
0	22108.7
0	22117.3
0	22105.7
0	22104.7
0	22145.9
0	22193.3
0	22198
0	22245.6
0	22220.2
0	22227.5
0	22245.9
0	22222.5
0	22223.2
0	22193.3
0	22173.7
0	22196.2
0	22186.3
0	22194.3
0	22177
0	22165.5
0	22106.1
0	22137.2
0	22152.5
0	22161.8
0	22124.6
0	22128
0	22141.8
0	22089.7
0	22039.4
0	21929.4
0	21955
0	22024.2
0	22014.3
0	21999.5
0	22025.6
0	22006.7
0	21986.5
0	22002
0	21971
0	21959.3
0	22008.5
0	22013.1
0	21989.1
0	22008.7
0	21982.6
0	21994.2
0	22012.8
0	22002.8
0	22036.8
0	22120.6
0	22111.2
0	22070.1
0	22089.6
0	22076.8
0	22072.5
0	22081.6
0	22042.4
0	22034.3
0	22014.2
0	21989.2
0	22009.3
0	22031
0	21989.2
0	21991
0	21983
0	21975.8
0	21974.7
0	22147.2
0	22101.8
0	22147.8
0	22140.8
0	22133.2
0	22089.5
0	22101
0	22140.6
0	22097.5
0	22087.9
0	22082.1
0	22034.5
0	22032.3
0	21966.7
0	21970.8
0	22022.8
0	22012.6
0	22015.7
0	22036.8
0	21997.2
0	21982.9
0	22003.9
0	22102.4
0	22101.3
0	22078.5
0	22075.2
0	22010.2
0	22009.8
0	21992.3
0	21998.1
0	21979.5
0	21802.2
0	21730
0	21696.2
0	21699.3
0	21705.4
0	21714
0	21754
0	21725
0	21719.4
0	21723.5
0	21735.9
0	21715.7
0	21702.9
0	21718
0	21785.1
0	21753.4
0	21769.7
0	21746.2
0	21758.3
0	21785.7
0	21769.7
0	21747.9
0	21729.1
0	21735.9
0	21740.4
0	21756.5
0	21739.4
0	21739.3
0	21738.9
0	21741.3
0	21731.9
0	21733.8
0	21741.8
0	21729.7
0	21711.9
0	21690.5
0	21688.5
0	21654.2
0	21639.6
0	21647.5
0	21681.5
0	21686.9
0	21652.4
0	21613.7
0	21641.6
0	21650.8
0	21639.1
0	21599.9
0	21648.4
0	21652.2
0	21632.5
0	21660
0	21669.4
0	21648.2
0	21632.5
0	21616
0	21611.3
0	21597.1
0	21581.6
0	21644.4
0	21703.8
0	21750.5
0	21750.2
0	21728.6
0	21722.9
0	21724.4
0	21726.9
0	21711
0	21648.6
0	21647
0	21603.3
0	21529.5
0	21478.8
0	21473.6
0	21507.8
0	21444.7
0	21469.5
0	21420.5
0	21322
0	21074.5
0	21012.9
0	20948.6
0	20907.3
0	20893.3
0	20854.9
0	20719.8
0	20630
0	20572.4
0	20116.7
0	20277
0	20355.2
0	20294
0	20213.6
0	20427.8
0	20351.1
0	20361.3
0	20343.6
0	20353.8
0	20353.3
0	20329.4
0	20362.2
0	20209.7
0	20141.2
0	20129.5
0	20120.3
0	20006.7
0	19996.9
0	20042.2
0	20111
0	20125.4
0	20047.3
0	20069.9
0	20040.4
0	20051.5
0	20087.6
0	20099.3
0	20052.1
0	20003
0	19953.7
0	19910
0	19876.7
0	19886.3
0	19953.1
0	20011
0	19990.1
0	19921.2
0	19949.7
0	19932.4
0	19873.5
0	19849.4
0	19942.8
0	19977.3
0	19953.6
0	19909.9
0	19929.2
0	19884.5
0	19959.1
0	19908
0	19916
0	19850.9
0	19853.1
0	19868.2
0	19814.6
0	19676.6
0	19621.7
0	19697.3
0	19654.5
0	19644.2
0	19760.8
0	19741.5
0	19868.9
0	19867.2
0	19934.8
0	19925.5
0	19935.3
0	20208.6
0	20184.9
0	19924.7
0	20030.7
0	19729.6
0	19819.8
0	19855.2
0	19858.8
0	19873.2
0	20005
0	19965.9
0	20143.2
0	20094.2
0	20016.4
0	19910
0	19916.7
0	19983.8
0	19930.5
0	19964.1
0	19905.8
0	19910.7
0	19848.5
0	19937
0	19906.8
0	19956.7
0	20024.3
0	20023.7
0	20010.3
0	19956
0	19969.3
0	19944.5
0	19922.6
0	19932.8
0	20076.6
0	20122.2
0	20097.1
0	20057
0	20097.2
0	20158
0	20143.4
0	20205.5
0	20150.7
0	20175.8
0	20259.8
0	20228.9
0	20216
0	20331.5
0	20346.8
0	20604
0	20586.8
0	20467.8
0	20430.4
0	20444.1
0	20492.4
0	20363.6
0	20371.8
0	20406.1
0	20393.9
0	20294.9
0	20349.7
0	20308.2
0	20339.7
0	20383.6
0	20421.4
0	20376.6
0	20391.4
0	20383.5
0	20305.9
0	20241.7
0	20284.6
0	20224.8
0	20197.3
0	19927.8
0	19850.8
0	19892.5
0	19958.1
0	20198.2
0	20071.8
0	20125
0	20041.3
0	20013.8
0	20092.8
0	20081
0	20127.1
0	20106.8
0	20036.8
0	20040.4
0	20074.9
0	20039.3
0	20086.1
0	20054.3
0	20102.7
0	20061.3
0	20031.7
0	20074.5
0	20109
0	20103.4
0	20078.2
0	20110.4
0	20140.2
0	20169.5
0	20112.3
0	20094.7
0	20104.7
0	20098.4
0	20062
0	20035.3
0	20028.6
0	20059.1
0	20091.1
0	20105.8
0	20148.2
0	20171.4
0	20246.9
0	20198.3
0	20269.9
0	20248
0	20226.7
0	20186
0	20223
0	20205.1
0	20221
0	20221.3
0	20258
0	20393.2
0	20349.4
0	20338.2
0	20304.8
0	20348.1
0	20353.9
0	20391.5
0	20395.9
0	20330.8
0	20333.5
0	20379.7
0	20405.1
0	20400.1
0	20455.7
0	20354.9
0	20382.7
0	20374.3
0	20453.4
0	20441
0	20454.5
0	20381.3
0	20419.3
0	20351.6
0	20322.2
0	20352.3
0	20377.2
0	20407.4
0	20359.5
0	20387.4
0	20376.5
0	20365
0	20352.2
0	20390.7
0	20387
0	20413.8
0	20396
0	20383.5
0	20354.7
0	20359.3
0	20375
0	20329.4
0	20331.8
0	20340.4
0	20357.7
0	20330.9
0	20346.7
0	20368.9
0	20364.5
0	20359.5
0	20376.9
0	20369
0	20381.5
0	20400.4
0	20382.2
0	20396.2
0	20403.5
0	20431.3
0	20425.9
0	20427.5
0	20461.7
0	20481.3
0	20445.4
0	20352.1
0	20388.8
0	20395.8
0	20381.2
0	20412.8
0	20418.2
0	20420.7
0	20384
0	20368.6
0	20372.2
0	20387.5
0	20339.5
0	20396.1
0	20364.7
0	20332.6
0	20359
0	20366.6
0	20373.2
0	20366
0	20389.5
0	20394
0	20636.9
0	20665.6
0	20785.5
0	20718.8
0	20888
0	21184.6
0	21076.5
0	21175.3
0	20856.8
0	20865.6
0	20779.5
0	20852.2
0	20996.9
0	21205.7
0	21259
0	21205.9
0	21183.4
0	21169.9
0	21272.4
0	21162.9
0	21803
0	21789.8
0	21702.4
0	21710.5
0	21854.7
0	21889.7
0	21997.1
0	21926.8
0	22118
0	22470.1
0	22446
0	22295.2
0	22325.1
0	22329.5
0	22294.1
0	22302.9
0	22186.2
0	22194.8
0	22182
0	22172.9
0	22210.1
0	22220.6
0	22231.6
0	22417.7
0	22347.3
0	22355
0	22320.1
0	22333.7
0	22338
0	22373.2
0	22397.1
0	22321.3
0	22330.5
0	22345.7
0	22381.9
0	22334.5
0	22366.4
0	22451.9
0	22458.7
0	22398
0	22358.7
0	22290.9
0	22191.1
0	22214.7
0	22044
0	21948.9
0	21963.4
0	21960.4
0	22000
0	22046.3
0	22124.5
0	22096.8
0	22056.8
0	22035
0	22106.6
0	22058
0	22109.3
0	22026.2
0	22130.3
0	22332.4
0	22439.8
0	22345
0	22479.6
0	22918.8
0	23355.1
0	23423.8
0	23484.6
0	24015.2
0	24410.2
0	24117.6
0	23981.7
0	24057.4
0	23975.3
0	24042.3
0	23955.2
0	23909.6
0	23974
0	24148.2
0	24109.1
0	24112.8
0	24148.8
0	24202.4
0	24256.2
0	24295.8
0	24168.7
0	24279.7
0	24279.9
0	24157.7
0	24123.3
0	24185.3
0	24134.1
0	24195.5
0	24078.5
0	24103
0	24085
0	24198.9
0	24203.6
0	24186.6
0	24201.2
0	24164.2
0	24048.9
0	24068.2
0	24113.5
0	24011
0	24122.2
0	24116.3
0	24166.3
0	24146.7
0	24286.8
0	24209.8
0	24402.5
0	24318.8
0	24286.4
0	24271.8
0	24274.7
0	24255.8
0	24334
0	24385.9
0	24374.2
0	24374.5
0	24417.2
0	24328.6
0	24414.1
0	24682.8
0	24359.8
0	24293.9
0	24317.8
0	24346.5
0	24378.7
0	24287.9
0	24325.4
0	24388
0	24230.8
0	24228.6
0	24247.6
0	24156.1
0	24242.7
0	24214.6
0	24219.6
0	24231.6
0	24178
0	24227.1
0	24280.2
0	24258.5
0	24357.4
0	24391.2
0	24569.4
0	24672.3
0	24627
0	24723.7
0	24743
0	24703
0	24639.8
0	25457.7
0	25832.6
0	26228.2
0	25863.4
0	25898.1
0	25759.6
0	25826.2
0	25965
0	25847.1
0	25815.8
0	25861.7
0	25789.4
0	25854.6
0	25894.7
0	25993.2
0	25761.4
0	25808.8
0	25867.2
0	25846.5
0	25745.6
0	25723.4
0	25628.2
0	25310.1
0	25526.7
0	25412.6
0	24990.2
0	24606.4
0	24483.7
0	24577.7
0	25054.2
0	24890.2
0	24884.7
0	24667.2
0	24570.1
0	24302.4
0	24389.6
0	24489.7
0	24536
0	24769.6
0	24587
0	24636.1
0	24698.4
0	24685.8
0	24655.6
0	24742.4
0	24670.4
0	24569.3
0	24386.4
0	24497.6
0	24720.1
0	24873
0	24927.1
0	24870.8
0	24906
0	24851.7
0	24841.3
0	24838.2
0	24827.9
0	24819.9
0	24677.8
0	24733.3
0	24717.7
0	24683.7
0	24747.8
0	24765.8
0	24799.9
0	24844.1
0	24836.3
0	24748.2
0	24699.7
0	24683.7
0	24742.3
0	24815.8
0	24782
0	24752.3
0	24765.4
0	24814.3
0	24871.3
0	24877.1
0	24801.2
0	24786.5
0	24754.7
0	24736.8
0	24664.5
0	24558.3
0	24516.7
0	24551.6
0	24450.6
0	24609
0	24538.1
0	24497.2
0	24294.8
0	24588
0	24754.5
0	24642.5
0	24646.5
0	24616.8
0	24808.1
0	25025.1
0	24959.8
0	24932.5
0	24777
0	24811
0	24718.7
0	24505.6
0	24706.6
0	24725
0	24620.5
0	24514.6
0	24471
0	24224.5
0	24307.8
0	24171.7
0	24104.7
0	24303.5
0	24343.8
0	24167
0	24281.9
0	24160.6
0	24404.3
0	24432.4
0	24409.2
0	24324
0	24451.6
0	24250.5
0	24366.7
0	24246.9
0	24323.4
0	24398.2
0	24318.6
0	24360.8
0	24313.6
0	24442.7
0	24422.3
0	24585.8
0	24459.8
0	24400.4
0	24361.1
0	24339
0	24358
0	24296.6
0	24285.7
0	24275.3
0	24335.7
0	24186.2
0	24202.6
0	24243
0	24251.5
0	24263.6
0	24322.5
0	24379.8
0	24412.7
0	24390.6
0	24362.6
0	24252.9
0	24302.7
0	24264.1
0	24265.4
0	24288.3
0	24290.2
0	24210.3
0	24262.7
0	24267.6
0	24373.8
0	24374
0	24342.8
0	24458.5
0	24438.7
0	24438.3
0	24568.7
0	24594.4
0	24628.8
0	24596.9
0	24614.3
0	24647.2
0	24594.4
0	24612.5
0	24581.1
0	24434
0	24478.9
0	24777
0	24658.2
0	24741
0	24777.9
0	24903.5
0	24930.2
0	24835.9
0	24848.4
0	24758.9
0	24824.6
0	24727.8
0	24892.4
0	24733.6
0	24720.2
0	24763
0	24654.8
0	24756.7
0	24832.1
0	24755.3
0	24823.1
0	24870
0	24846.6
0	24815.8
0	24840.4
0	24886
0	24888.4
0	24814.5
0	24788.6
0	24755.3
0	24780.8
0	24716.8
0	24718.5
0	24741.9
0	24685
0	24673.7
0	24720
0	24700.4
0	24790.8
0	24870.5
0	24985.3
0	24992.6
0	24953.2
0	24899.9
0	24926
0	24914.3
0	24696.9
0	24774
0	24842.6
0	25069.6
0	24914
0	24899.8
0	24899.1
0	24908.4
0	24981.6
0	24977
0	24944.1
0	25038.6
0	24998.8
0	24969.9
0	24944.3
0	24917.1
0	24918.1
0	24974.6
0	25361.1
0	25390.3
0	25666.6
0	25796.3
0	25829.2
0	25556.7
0	25580.2
0	25701.7
0	25734.1
0	25669.7
0	25781.7
0	25756.9
0	25792.4
0	25753.5
0	25722
0	25750.7
0	25720.2
0	25691.6
0	25765.9
0	25796.5
0	25859.5
0	26132
0	26142.1
0	26009.8
0	25942.6
0	26062.8
0	26058.5
0	26126.1
0	26031.8
0	26012.2
0	25996.4
0	26029.5
0	26094.8
0	26101.8
0	26240.2
0	26336.2
0	26498.5
0	26673.6
0	26706.7
0	26660.8
0	26657.5
0	26838
0	26918.7
0	26688.1
0	26612.9
0	26543.3
0	26631.9
0	26616.9
0	26595.2
0	26531.8
0	26453.9
0	26585.1
0	26403.5
0	26133.7
0	26283
0	26387.4
0	26321.9
0	26318.1
0	26421.3
0	26514
0	26476.7
0	26443.2
0	26394
0	26606
0	26526
0	26447.2
0	26487.8
0	26357.5
0	26369
0	26460.1
0	26617.6
0	26763.8
0	26822.6
0	26820.8
0	26834.9
0	26745.7
0	26752.7
0	26669.5
0	26769.6
0	26830
0	26835.5
0	27161.4
0	27094.3
0	27182.4
0	27384.6
0	27649
0	27513.3
0	27534.2
0	27356.1
0	27268.1
0	27395.1
0	27296.4
0	27222.8
0	27420.2
0	27627.5
-1	27494.6
-1	27392.9
-1	27318.4
-1	27329.8
-1	27370.5
-1	27398
-1	27431
-1	27291
-1	27241
-1	27264.2
-1	27326.8
-1	27307.5
-1	27230.2
-1	27315.2
-1	27361.3
-1	27331.2
-1	27325.3
-1	27401
-1	27467.7
-1	27578
-1	27488.4
-1	27472.4
-1	27455.3
-1	27505.3
-1	27443.2
-1	27415.8
-1	27420.9
-1	27359.9
-1	27123.2
-1	27245.7
-1	27272.5
-1	27217.6
-1	27256.6
-1	27262.2
-1	27395.9
-1	27398.3
-1	27408.9
-1	27362.2
-1	27396.6
-1	27465.2
-1	27415.3
-1	27407.5
-1	27366.2
-1	27443.1
-1	27357.3
-1	27428.3
-1	27511.6
-1	27503.2
-1	27519.2
-1	27438.7
-1	27422.4
-1	27414.9
-1	27438.8
-1	27539.6
-1	27461.4
-1	27525.6
-1	27428.4
-1	27312.2
-1	27133.5
-1	27226.2
-1	27279.2
-1	27130
-1	27280.4
-1	27344
-1	27294.9
-1	27094.9
-1	27226.7
-1	27307.1
-1	27320.7
-1	27314.4
-1	27306.5
-1	27319.7
-1	27304.8
-1	27377.4
-1	27394.1
-1	27329.8
-1	27286.3
-1	27301.2
-1	27381.7
-1	27318
-1	27324.4
-1	27305.2
-1	27274
-1	27189.9
-1	27198.3
-1	27163.8
-1	26941.3
-1	26910.5
-1	26997.3
-1	26866.8
-1	26863.5
1	26907.5
1	27053.6
1	26980.3
1	27096
1	27077.5
1	27059.5
1	27095
1	27106.5
1	27104.9
1	27081
1	27137.4
1	27118.7
1	27116.1
1	27118.6
1	27097.4
1	27119.3
1	27198.7
1	27194.8
1	27128.6
1	27151.6
1	27142
1	27136.7
1	27152.8
1	27140
1	27060.1
1	27035.5
1	26977.6
1	26984.8
1	26935
1	26920.4
1	26950.8
1	26983
1	26974.8
1	26922.6
1	27037.3
1	27030.3
1	26982.6
1	26960.9
1	26940.6
1	27026.6
1	27043.3
1	26997.1
1	27078.7
1	27056.4
1	27052.8
1	27038.5
1	27045.8
1	27065
1	27161
1	27340.5
1	27188.7
1	27286.5
1	27247
1	27181.8
1	27211.9
1	27168.5
1	27178.3
1	27215.5
1	27336.1
1	27302
1	27327.7
1	27444.9
1	27487.5
1	27479.9
1	27546.6
1	27540.5
1	27607.9
1	27952.3
1	27923.4
1	27938.6
1	27892.7
1	27990.9
1	27898
1	27892.5
1	27981.6
1	28112.8
1	28303.7
1	28311.7
-1	28233.9
-1	28193.2
-1	28255.9
-1	28152.6
-1	27972.6
-1	27884.5
-1	27889.2
-1	28112.5
-1	28107.2
-1	28043.5
-1	27975.8
-1	28051
-1	28028.6
-1	28118.5
-1	28112.9
-1	28152.3
-1	28231.2
-1	28118.4
-1	27972.9
-1	27987.9
-1	27986.4
-1	27905.3
-1	27825.5
-1	27754
-1	27755.7
-1	27772.6
-1	27675.8
-1	27738.7
-1	27636.1
-1	27302.3
-1	27434.9
-1	27442.7
-1	27278.3
-1	27258.9
1	27269.2
1	27388.3
1	27414.6
1	27359.2
1	27437
1	27471.5
1	27432.3
1	27376.8
1	27520
1	27576.8
1	27542.2
1	27475.8
1	27628.5
1	27881.8
1	27850.5
1	28149.1
1	28183.1
1	28092
1	28199.8
1	28189
1	28313.8
-1	28240.9
-1	28212.9
-1	28091.2
-1	28198
-1	28095.4
-1	28120.3
-1	28148
-1	28101.4
-1	28081
-1	28255.4
-1	28175.1
-1	28188.9
-1	28127.4
-1	28184.5
-1	28174
-1	28225
-1	28115.3
-1	28083.5
-1	27852.4
-1	27822.7
-1	27936.9
-1	27992.5
-1	27954
-1	28055.9
-1	27937.8
-1	28028.5
-1	27933.8
-1	27694.5
-1	27609.7
-1	27642.9
-1	27581
-1	27553.8
-1	27676
-1	27669.9
-1	27730
-1	27627
-1	27705
-1	27846.3
-1	27972.5
-1	27980
-1	27887.7
-1	27720
-1	27811.7
-1	27785.1
-1	27901.2
-1	27909.1
-1	27903.8
-1	28001
-1	28086.5
-1	28086.5
-1	27982.8
-1	27996.1
-1	27890.2
-1	27913.1
-1	28020
-1	27952.2
-1	27846.1
-1	27811
-1	27628.5
-1	27717
-1	27780.7
-1	27826.3
-1	27812.7
-1	27850.2
-1	27741.6
-1	27799.9
-1	27889.6
-1	27875.7
-1	27811.3
-1	27835.8
-1	27853.1
-1	27779.7
-1	27784.3
-1	27748.6
-1	27781.6
-1	27787.3
-1	27858.5
-1	27912.6
-1	27896.6
-1	27906.8
-1	27905.5
-1	27881.1
-1	27792.6
-1	27801.4
-1	27712.7
-1	27708.4
-1	27713
-1	27637
-1	27369.5
-1	27505.1
1	27523.1
1	27505.2
1	27502.8
1	27526.7
1	27621.5
1	27646.7
1	27673.7
1	27649.9
1	27957.3
1	27929.2
1	28006.9
1	28044.5
1	28036.5
1	27962.2
1	27912.2
1	27955.1
1	28016.8
1	28040.1
1	28050.7
1	27962.6
1	28116.5
1	28188.9
1	28078
1	28041
1	27936
1	28037.9
1	27895.3
1	27855.8
1	27938
1	27888
1	27947.7
1	27934.9
1	28016.7
1	28041.1
1	28050.8
1	28115.1
1	28335.3
1	28343.9
1	28215.6
1	28218.7
1	28090
1	27988.7
1	28023.2
1	28127.7
1	28106.2
1	28128.8
1	28119.6
1	28153.7
1	28212.1
1	28126.8
1	28081
1	28139.8
1	28129.1
1	28077.3
1	27983.5
1	28012.6
1	28002.1
1	27997.8
1	28050
1	28024.3
1	27962.7
1	28031.2
1	28015.2
1	28116.8
1	28083
1	28105.5
1	28103.9
1	28078
1	27974.9
1	28028.9
1	28000
1	28062.6
1	28067
1	28086.8
1	28110.1
1	28099.3
1	28069.4
1	28049.6
1	28180
1	28203.8
1	28176.5
1	28154.1
1	28160
1	28155.3
1	28157.5
1	28196.4
1	28200
1	28254.7
1	28218.8
1	28201.5
1	28188.5
1	28168.8
1	28165.3
1	28205.2
1	28188.2
1	28204.6
1	28078.7
1	28103.7
1	28166.3
1	28170.7
1	28141.5
1	28087
1	28077
1	28098.3
1	28088.5
1	28100
1	28098.8
1	28118.9
1	28122
1	28155
1	28154.9
1	28174.5
1	28141
1	28122.7
1	28182.1
1	28194
1	28202.8
1	28220.1
1	28224.6
1	28320.6
1	28292.1
1	28285.6
1	28344
1	28396.6
1	28449.5
1	28563.6
1	28600
1	28690.5
-1	28605
-1	28595.1
-1	28527.2
-1	28612.8
-1	28665.3
-1	28647.3
-1	28543.5
-1	28383.5
-1	28386.8
-1	28516.3
-1	28358.6
-1	28470
-1	28209.2
-1	28028
-1	27415.2
-1	27550.8
-1	27141.2
-1	26667.3
1	26920
1	27100
1	27127.4
1	27311.3
1	27410
1	27290.5
1	27129.7
1	27083.5
1	27116.9
1	27167.2
1	27075.3
1	27209.2
1	27259.4
1	27318.2
1	27253.2
1	27251
1	27291.8
1	27355.2
1	27373.1
1	27322.3
1	27254.5
1	27259.9
1	27218.3
1	27150.9
1	27238.2
1	27289.3
1	27278.1
1	27346.2
1	27339.6
1	27316.7
1	27358.2
1	27356.8
1	27400
1	27392.8
1	27334.8
1	27275.2
1	27319.8
1	27396.2
1	27572.2
1	27629.2
1	27611.3
1	27648.9
1	27660
1	27647.7
1	27612.6
1	27591.9
1	27628.5
1	27631.9
1	27626.4
1	27614
1	27639.8
1	27632
1	27618
1	27627.4
1	27599.8
1	27622.8
1	27624.8
1	27624.8
1	27636.3
1	27612.5
1	27498.9
1	27497.5
1	27500
1	27584.5
1	27614.7
1	27593.1
1	27508.1
1	27470
1	27419.7
1	27358
1	27369.2
1	27369
1	27420
1	27358
1	27410
1	28045.3
1	28347.2
1	28476.1
1	28513.7
1	28580.9
-1	28454.9
-1	28484.1
-1	28408.9
-1	28465
-1	28342.2
-1	28215.7
-1	28300
-1	28297.2
-1	28355.4
-1	28244.1
-1	28110
-1	27903.8
-1	27932.8
-1	27908.2
-1	28142
-1	28370
-1	28177.4
-1	28156.3
-1	28218.5
-1	28280
-1	28251.6
-1	28124.3
-1	28147.8
-1	28163.8
-1	28136.6
-1	28139.2
-1	28230
-1	28214.1
-1	28339.9
-1	28365
-1	28294
-1	28295.4
-1	28314.3
-1	28292.1
-1	28303.1
-1	28195.3
-1	28206.2
-1	28287.3
-1	28316.1
-1	28253
-1	28306
-1	28272.6
-1	28224.5
-1	28186.3
-1	28190.7
-1	28227.4
-1	28216.2
-1	28220
-1	28229.1
-1	28194.1
-1	28169.5
-1	28130.4
-1	28204.3
-1	28226.6
-1	28267.9
-1	28284.5
-1	28281.6
-1	28330.6
-1	28278.7
-1	28262.8
-1	28226.7
-1	28209.4
-1	28274
-1	28274.6
-1	28186.5
-1	28163.2
-1	28061.4
-1	28034.4
-1	28028
-1	28187.7
-1	28097
-1	28041.1
-1	27989.8
-1	27984.7
-1	28021.8
-1	28039.7
-1	28047
-1	28080
-1	28080
-1	28080
-1	28080
-1	28080
-1	28080
-1	28160
-1	28095.8
-1	27998.4
-1	27989.1
-1	27872.9
-1	27971.4
-1	27947.3
-1	28018
-1	28001
-1	27939.7
-1	27911
-1	27831.3
-1	27800
-1	27682.8
-1	27629.4
-1	27610
-1	27632.4
-1	27736
-1	27751.5
-1	27740
-1	27761.5
-1	27845.3
-1	27805.2
-1	27821.6
-1	27798.8
-1	27701.6
-1	27543.2
-1	27584.8
-1	27400.6
-1	27192
1	27247.8
1	27335.1
1	27407.1
1	27415
1	27367.5
1	27298
1	27390.7
1	27458.4
1	27423.7
1	27454.5
1	27472.5
1	27500
1	27585.1
1	27556.3
1	27504.3
1	27515.9
1	27447.6
1	27498.5
1	27549.9
1	27635
1	27577.9
1	27599.7
1	27574.1
1	27610.6
1	27588
1	27581.7
1	27551.4
1	27603.9
1	27556.2
1	27535.2
1	27523.7
1	27518.9
1	27447.3
1	27458.7
1	27461.7
1	27482.3
1	27525.2
1	27495.7
1	27511.9
1	27543.6
1	27556.3
1	27485.4
1	27495.5
1	27439.2
1	27400
1	27422.6
1	27331.3
1	27419.2
1	27432.5
1	27482
1	27436.8
1	27401.7
1	27493.2
1	27477
1	27454.8
1	27479.8
1	27445.1
1	27457.2
1	27461.2
1	27410.8
1	27434.3
1	27451.7
1	27404.7
1	27427.7
1	27537.6
1	27567
1	27571.1
1	27599
1	27556.1
1	27527.1
1	27520.8
1	27558.4
1	27620.6
1	27647.4
1	27657.4
1	27700.5
1	27683.1
1	27629.2
1	27643.1
1	27468.4
1	27492.6
1	27481.6
1	27509.6
1	27502.1
1	27527.8
1	27442.9
1	27305.4
1	27255
1	27283.6
1	27189.7
1	27260.9
1	27333
1	27403.3
1	27354.7
1	27406.6
1	27400
1	27367.5
1	27411.5
1	27512.7
1	27477
1	27478.7
1	27447.3
1	27446.5
1	27434
1	27484.5
1	27463
1	27446.2
1	27438.8
1	27553.5
1	27531.3
1	27537.5
1	27568
1	27607.7
1	27593.3
1	27571
1	27576.3
1	27563.5
1	27589.6
1	27606.5
1	27554.5
1	27552.5
1	27529.3
1	27515.5
1	27522.4
1	27488.1
1	27516.6
1	27533.3
1	27487.8
1	27518.8
1	27544.8
1	27545.2
1	27502.7
1	27487.2
1	27496.7
1	27514.2
1	27518.8
1	27497.2
1	27504.9
1	27516.6
1	27518.8
1	27679.9
1	27659.2
1	27700.4
1	27697.9
1	27647.5
1	27686.7
1	27679.5
1	27655.2
1	27664.1
1	27678.6
1	27721
1	27664
1	27710.8
1	27866
1	27869.3
1	27853
1	27895.8
1	27919.7
1	27894.8
1	27896.3
1	28057.2
1	28150
-1	28062.1
-1	27943.6
-1	27806.4
-1	27795.2
-1	27826
-1	27831.5
-1	27759.6
-1	27803.9
-1	27808
-1	27793.2
-1	27795.9
-1	27699.3
-1	27765.6
-1	27803.3
-1	27846
-1	27837.8
-1	27877.2
-1	27821.2
-1	27815
-1	27808.8
-1	27816.5
-1	27789.9
-1	27804.7
-1	27828
-1	27877.9
-1	27839.2
-1	27756.8
-1	27777.6
-1	27790
-1	27800
-1	27776
-1	27838.1
-1	27990.5
-1	27990.3
-1	27998.4
-1	28040.3
-1	28054.3
-1	28051.7
-1	28010.2
-1	27968
-1	27932.5
-1	27981.3
-1	27967.8
-1	27994.3
-1	27948.1
-1	27890.4
-1	27878.4
-1	27827
-1	27869.4
-1	27847.9
-1	27850.8
-1	27879.2
-1	27885.9
-1	27840.4
-1	27892
-1	27888.7
-1	27930
-1	27928.2
-1	27888
-1	27907
-1	27840
-1	27850.8
-1	27826.9
-1	27715.2
-1	27750.9
-1	27780.6
-1	27762
-1	27785.8
-1	27801.5
-1	27810.8
-1	27825.6
-1	27808.8
-1	27790.5
-1	27795
-1	27813.4
-1	27848.5
-1	27824
-1	27907.6
-1	27914.6
-1	27925.6
-1	27905.1
-1	27868.5
-1	27890.7
-1	27915.4
-1	27939.1
-1	27938
-1	27884.6
-1	27892.7
-1	27909
-1	27826.6
-1	27778.4
-1	27750
-1	27739.4
-1	27783.1
-1	27783.2
-1	27693
-1	27579.2
-1	27341.6
-1	27393.9
-1	26960.4
-1	26720
1	26956.4
1	26932.8
1	26903.6
1	27168.4
1	27184
1	27144.5
1	27145.5
1	27121
1	26999
1	27024.7
1	26960
1	27060
1	27059.1
1	27103.4
1	27090.8
1	27061.7
1	27110
1	27008.9
1	26968.9
1	26945.2
1	27048.2
1	26984
1	27043.8
1	27120.9
1	27123.7
1	27105.4
1	27170.6
1	27194.7
1	27151
1	27110.9
1	27100
1	27127
1	27149
1	27109.2
1	27124.9
1	27097.3
1	27082
1	27059.5
1	26960.9
1	26898.1
1	27009.8
1	27098.3
1	27074.8
1	27055.9
1	26987.7
1	27009.6
1	27037.6
1	27011.6
1	26962.8
1	26954.8
1	26971.7
1	26989
1	26944.2
1	26922
1	26964.6
1	26948
1	26915.5
1	26921.2
1	26974.6
1	27068.3
1	27084.4
1	27052
1	27070.5
1	27029.3
1	27030
1	27040.3
1	26962.9
1	26961.9
1	26972.2
1	26998.2
1	27013.7
1	27002.9
1	26983.2
1	26946
1	26875
1	26901
1	26768.8
1	26726.5
1	26741
1	26832.6
1	26907
1	26903.6
1	27057.4
1	27081.2
1	26871.8
1	26917.7
1	26983
1	26905
1	26912.5
1	26917
1	26882
1	26969.1
1	27008.4
1	26941.5
1	26943
1	26950
1	26993.9
1	27016.7
1	26998.6
1	26922.2
1	26907.6
1	26918.1
1	26882.1
1	26876.7
1	26891.5
1	26820.9
1	26863.2
1	26866.8
1	26902.4
1	27034
1	27344.1
1	27280.8
1	27270.4
1	27299.8
1	27426
1	27325.3
1	27350.6
1	27310.5
1	27307.2
1	27240.1
1	27263.5
1	27253
1	27190.5
1	27198.9
1	27213.5
1	27176.5
1	27218.4
1	27224.4
1	27275.6
1	27290
1	27261.1
1	27268.3
1	27307.1
1	27280.3
1	27268.7
1	27336
1	27400
1	27364.3
1	27325.8
1	27309.3
1	27360
1	27362.3
1	27395
1	27381.5
1	27384.4
1	27352.1
1	27367.5
1	27373.8
1	27402.5
1	27538.5
1	27568.1
1	27564.9
1	27583.9
1	27535.2
1	27544.1
1	27588.5
1	27991.7
1	28085.6
1	28052.3
-1	27985.6
-1	28055.4
-1	28150
-1	28086.8
-1	28350
-1	28467.3
-1	28448.7
-1	28507
-1	28514.9
-1	28425.4
-1	28372.9
-1	28319.9
-1	28306.4
-1	28390
-1	28386.9
-1	28382.2
-1	28276.8
-1	28337.4
-1	28310.5
-1	28354
-1	28328
0	28350
0	28341.7
0	28441.8
0	28414
0	28364.6
0	28424
0	28425.9
0	28454.1
0	28361.9
0	28361.6
0	28291
0	28337.3
0	28423.4
0	28437.7
0	28442.8
0	28366.7
0	28336.7
0	28309.8
0	28152.5
0	28284.3
0	28310
0	28190.8
0	28252.3
0	28258.1
0	28240.8
0	28294.5
0	28316.1
0	28362.6
0	28357.2
0	28342.1
0	28419.5
0	28379.7
0	28440.4
0	28376.7
0	28388.6
0	28375.1
0	28466.4
0	28365.1
0	28291
0	28343.3
0	28390.7
0	28375.1
0	28389.4
0	28422.9
0	28423.5
0	28370
0	28348.6
0	28366.1
0	28420
0	28408.8
0	28328.5
0	28304.5
0	28355.8
0	28311.3
0	28350
0	28425.8
0	28819.3
0	29113.8
0	28964.8
0	28388.9
0	28408.8
0	28490
0	28489.2
0	28545.5
0	28640
0	28613
0	28587.6
0	28541.9
0	28493.6
0	28591.6
0	28614
0	28636.2
0	28598
0	28609.3
0	28613.9
0	28597.7
0	28656.5
0	28691.3
0	28725
0	28722.2
0	28706.3
0	28596.1
0	28572.8
0	28530.9
0	28581.4
0	28587.2
0	28583.6
0	28622.7
0	28556.7
0	28581.9
0	28602.5
0	28583.1
0	28614.3
0	28678.8
0	28644.8
0	28612.6
0	28607.4
0	28669.8
0	28646.3
0	28619.4
0	28572.2
0	28544.3
0	28518
0	28263.7
0	28400
0	28440.1
0	28428.5
0	28437.6
0	28354.2
0	28341.2
0	28300.3
0	28183.8
0	28226
0	28273
0	28247.3
0	28218.8
0	28100
0	27880.2
0	27839.4
0	27784.4
0	27883.6
0	27876.2
0	27903.7
0	27950.1
0	28040
0	27991.8
0	27986.1
0	27959.6
0	27980.4
0	28099.5
0	28149.8
0	28121
0	28089.4
0	28021.9
0	28068.5
0	28100.4
0	28106.3
0	28026
0	27898.6
0	27934
0	27985.9
0	28033.8
0	28028.5
0	28011.1
0	28124.2
0	28128.1
0	28249.2
0	28282.8
0	28229.2
0	28167.6
0	28153.1
0	28084.6
0	28161.8
0	28167.3
0	28146.8
0	28151.2
0	28222.4
0	28170
0	28168.4
0	28110.5
0	28161.9
0	28168.4
0	28179.6
0	28126.3
0	28140.2
0	28151
0	28034.5
0	28056.8
0	28066.5
0	28080
0	28080
0	27888.7
0	27803.6
0	27650
0	27738.5
0	27785.7
0	27751.3
0	27762
0	27797.3
0	27840
0	27836.8
0	27806.5
0	27820
0	27838.8
0	27928.2
0	27910
0	27893.8
0	27922
0	27880
0	27960
0	27928
0	27890.2
0	27940.4
0	28106.1
0	28110.4
0	28190.8
0	28279.3
0	28465
0	28370.8
0	28392
0	28407.8
0	28527.6
0	28521.8
0	28483.5
0	28391.1
0	28400
0	28495
0	28455.5
0	28405.2
0	28378.7
0	28430.8
0	28425.1
0	28389.4
0	28282.3
0	28334.5
0	28316.8
0	28344.7
0	28386.5
0	28315.5
0	28340
0	28404.8
0	28440.8
0	28469.3
0	28411.6
0	28361.9
0	28442.2
0	28391.8
0	28390
0	28441.3
0	28501.2
0	28477.2
0	28484.4
0	28568.7
0	28566.7
0	28570.3
0	28526.4
0	28550.7
0	28470.2
0	28465.4
0	28500
0	28488.7
0	28439.8
0	28438.3
0	28432.8
0	28437.6
0	28472.3
0	28610.6
0	28672.4
0	28605.2
0	28511.3
0	28583.4
0	28570.8
0	28523
0	28528.1
0	28541.1
0	28565.7
0	28592.8
0	28590.6
0	28580
0	28563.5
0	28532.6
0	28556.2
0	28571.1
0	28524.9
0	28428.8
0	28479.9
0	28482.7
0	28400
0	28402
0	28408.6
0	28425
0	28438
0	28474.1
0	28480.2
0	28440.6
0	28423.3
0	28428
0	28457.9
0	28425.5
0	28395.3
0	28427.9
0	28441.1
0	28465.3
0	28441
0	28432
0	28417.3
0	28372.8
0	28389
0	28420
0	28404.9
0	28422.9
0	28412.5
0	28424.3
0	28411
0	28417.8
0	28396.5
0	28365.3
0	28352.4
0	28318
0	28324.2
0	28358.6
0	28366.6
0	28400.1
0	28441.3
0	28421.8
0	28390
0	28326
0	28370.4
0	28364
0	28380.5
0	28372.4
0	28376.9
0	28344.6
0	28354.8
0	28376.7
0	28372.2
0	28375.1
0	28368.6
0	28382
0	28401
0	28424.1
0	28503
0	28446.8
0	28484.1
0	28477.7
0	28480.3
0	28477.7
0	28492
0	28514.1
0	28508.2
0	28517.9
0	28529.6
0	28501.4
0	28459.3
0	28452.7
0	28471.7
0	28464.2
0	28423.6
0	28366.3
0	28385.3
0	28410
0	28414.5
0	28388.3
0	28414.5
0	28420.5
0	28409.2
0	28406.1
0	28414.9
0	28497.3
0	28486.3
0	28476.6
0	28464.4
0	28461.4
0	28427.8
0	28386.1
0	28401.4
0	28422.3
0	28464
0	28470
0	28433.2
0	28426
0	28454.9
0	28458.3
0	28469.3
0	28459.1
0	28433.6
0	28416.4
0	28390.7
0	28414.4
0	28390.9
0	28381.4
0	28392.1
0	28398.1
0	28404.2
0	28410.6
0	28379
0	28390.5
0	28397.3
0	28367.2
0	28372.5
0	28373.9
0	28381.5
0	28357.9
0	28341.3
0	28302.7
0	28313.2
0	28265.3
0	28185.6
0	28265.8
0	28295.6
0	28279.5
0	28261.2
0	28314.5
0	28297.8
0	28273.1
0	28103.2
0	28105.5
0	28089
0	28124.8
0	28133.8
0	27991.2
0	28064.3
0	28122
0	28132.1
0	28109.2
0	28191.1
0	28194.4
0	28190.7
0	28171.3
0	28178
0	28157
0	28128.3
0	28121
0	27948.8
0	27943.8
0	27988
0	28040.9
0	28083.2
0	28058.8
0	28124
0	28111.8
0	28050.5
0	28014.8
0	27899.7
0	27963.2
0	27965.3
0	28105.8
0	28092
0	28112.4
0	28143.2
0	28171.9
0	28157.3
0	28142
0	28087.9
0	28114.6
0	28093.3
0	28018.4
0	27714.9
0	27709.9
0	27777.6
0	27776.9
0	27782.7
0	27719.1
0	27680.5
0	27725
0	27733.7
0	27753.8
0	27708.4
0	27688.6
0	27633.1
0	27704.4
0	27698
0	27714.8
0	27727.9
0	27679.6
0	27681.9
0	27711.2
0	27697.7
0	27779.5
0	27796.8
0	27919
0	27877.4
0	27958.7
0	28127.6
0	28382.2
0	28316.8
0	28335
0	28302.7
0	28327
0	28317.7
0	28327.3
0	28326.3
0	28409.4
0	28357.4
0	28303.8
0	28241
0	28271
0	28284.9
0	28253.7
0	28233
0	28134.5
0	28101.1
0	28163
0	28141.3
0	28214.7
0	28194.4
0	28258.8
0	28237.7
0	28243
0	28088
0	27995
0	27961.7
0	28074.8
0	28028.1
0	28051.5
0	28093.8
0	28043
0	28011.2
0	27930.8
0	27996.8
0	27981
0	27988.7
0	27986.5
0	27984.1
0	28094
0	28130
0	28152
0	28156.7
0	28125
0	28159.4
0	28081.1
0	27713
0	27757.8
0	27794.6
0	27582.8
0	27427.1
0	27525
0	27571.5
0	27714.6
0	27758.7
0	27900.1
0	27860
0	27800
0	27882.2
0	27877.7
0	27854.2
0	27800
0	27761.7
0	27758.3
0	27726.8
0	27760.6
0	27716.3
0	27877.2
0	27825.9
0	27816.2
0	27842.1
0	27915
0	27917.7
0	27857.3
0	27878
0	27933.6
0	27880
0	27855.1
0	27879.7
0	27852.1
0	27780.7
0	27813.9
0	27846.9
0	27893.2
0	27900
0	27890
0	27880
0	27903.1
0	28029.3
0	28078.1
0	28105.6
0	28029.2
0	27966.7
0	28021.3
0	28000
0	28004.8
0	28088.6
0	28103.5
0	28037.6
0	28071.1
0	28160
0	28198.8
0	28219.1
0	28255.7
0	28210.3
0	28219.6
0	28333.5
0	28296.2
0	28245.4
0	28289.5
0	28238.3
0	28315.3
0	28253.2
0	28267.7
0	28294.1
0	28269.1
0	28180
0	28111
0	28188.8
0	28154.3
0	28174
0	28123
0	28082.2
0	28004.3
0	28050
0	28030
0	28000.2
0	28059.1
0	28116.6
0	28099
0	28089.8
0	28140.2
0	28204.8
0	28227
0	28168.4
0	28123.2
0	28187.5
0	28114.4
0	28124.5
0	28094.4
0	28155.6
0	28189.2
0	28192.1
0	28180
0	28252.2
0	28250
0	28233.4
0	28210.7
0	28185.5
0	28223.6
0	28254.6
0	28237
0	28210.4
0	28187.3
0	28186.1
0	28116.6
0	28113.2
0	28165.5
0	28133.2
0	28249.3
0	28426.6
0	28661.8
0	28624.7
0	28610.4
0	28588.4
0	28571.4
0	28635.3
0	28642.4
0	28562.5
0	28565.6
0	28480
0	28447.7
0	28500
0	28544.7
0	28508.8
0	28539.4
0	28523
0	28506.6
0	28536.3
0	28588.1
0	28550.5
0	28582.8
0	28566.7
0	28556.1
0	28506.7
0	28534.4
0	28513.5
0	28486
0	28511
0	28525.2
0	28464.6
0	28570.8
0	28561.2
0	28543.8
0	28559.3
0	28519.7
0	28511.3
0	28508.8
0	28529.7
0	28496.2
0	28499.1
0	28510
0	28487.2
0	28524.8
0	28545
0	28554.4
0	28565
0	28539.2
0	28479.9
0	28569
0	28553.9
0	28494.9
0	28384.8
0	28404.6
0	28140
0	28177.3
0	28153
0	28105.2
0	28035.5
0	28010
0	28054.8
0	28031.1
0	27893.5
0	27918
0	27953.8
0	27948
0	28014.2
0	28070.5
0	28002.1
0	28023.7
0	28043.4
0	27962
0	27998.7
0	28030.2
0	28068.2
0	28203
0	28300
0	28240.6
0	28248.1
0	28208.1
0	28208.5
0	28150.6
0	28195.7
0	28189.3
0	28155.2
0	28181.1
0	28144.4
0	28136.5
0	28189.5
0	28175.3
0	28167.6
0	28174.5
0	28180
0	28170
0	28094.5
0	28113.5
0	28000
0	27999.2
0	28011.4
0	27963.2
0	28037.8
0	28064.5
0	28070.5
0	28072
0	28056.5
0	28039.7
0	28073.3
0	28080
0	28075.2
0	28128.4
0	28113
0	28092.5
0	28093.5
0	28068.9
0	28068
0	28071.3
0	28001.1
0	28036.8
0	28017.7
0	28039
0	28071.2
0	28063.9
0	28055.5
0	28030
0	27992.3
0	27911
0	27942.3
0	27912
0	27968.2
0	27953.6
0	27972.6
0	28009.6
0	27967.7
0	27904
0	27867.2
0	27895.5
0	27834.1
0	27850
0	27910.5
0	27902.8
0	27935.2
0	27945.5
0	27908.6
0	27997.6
0	27911.8
0	27903.7
0	27940.4
0	27933.5
0	27847
0	27891.2
0	27934.4
0	27936.3
0	27918.9
0	27952.8
0	28047.7
0	28073.9
0	28137
0	28090.4
0	28110.9
0	28103.3
0	28125
0	28065.1
0	28047.6
0	28077.3
0	28056.9
0	28041.4
0	28059
0	28094.3
0	27992.4
0	27963.3
0	27993.6
0	28003.2
0	28039.4
0	28017.8
0	28058
0	28089
0	28077.8
0	27975.8
0	28003.8
0	28020.3
0	27986.9
0	27989.2
0	27931.7
0	27924
0	27981.3
0	28007.9
0	28040.5
0	28040.1
0	28031.8
0	28033.8
0	28018.3
0	28025.1
0	28052.3
0	28098
0	28069
0	28054
0	28079.1
0	28056.5
0	28063.1
0	28012.4
0	27988
0	28017.2
0	28012.6
0	27988.8
0	28047.6
0	28038.7
0	28029
0	28052.9
0	28061.7
0	28021.8
0	28004
0	27984.2
0	27961.9
0	27980
0	27947
0	27947.4
0	27919.8
0	27960.1
0	27945.7
0	27926.8
0	27859.9
0	27839.8
0	27871.7
0	27927.4
0	27884.6
0	27816.8
0	27859.2
0	27836.7
0	27889.3
0	27869.5
0	27867.7
0	27925.9
0	27948.7
0	27933.4
0	27892.4
0	27905
0	27871.5
0	27840.9
0	27889.7
0	27914.4
0	27924
0	27892.6
0	27901.9
0	27851.9
0	27887.6
0	27896.9
0	27931
0	27956.5
0	27930.1
0	27914.6
0	27920.8
0	27912.9
0	27928.4
0	27944.1
0	27931.7
0	27908.4
0	27882
0	27879.3
0	27901.4
0	27919
0	27926.2
0	27911.5
0	27910
0	27925
0	27894.4
0	27891.8
0	27874.3
0	27890.2
0	27899.6
0	27897.5
0	27906.4
0	27891
0	27894.2
0	27864.2
0	27898
0	27875.8
0	27870
0	27891.1
0	27867.8
0	27882.3
0	27932.5
0	27956
0	27931.6
0	27904
0	27919.7
0	27906.3
0	27891.6
0	27897
0	27870
0	27880.3
0	27895.2
0	27896.4
0	27917.9
0	27903.2
0	27907.7
0	27920.5
0	27911.4
0	27956.8
0	27953.4
0	28046.4
0	27998.6
0	28023.4
0	28032.9
0	28010
0	28001.2
0	27985
0	28011.5
0	28013.9
0	28041.7
0	28140.9
0	28110
0	28127.6
0	28111
0	28113.1
0	28096
0	28103.2
0	28088
0	28086.2
0	28092
0	28098
0	28090.1
0	28025.5
0	28052
0	28059
0	28058.3
0	28032.5
0	28030
0	28017.2
0	27995.3
0	28011.6
0	28009.6
0	28026.7
0	28017.9
0	28016.1
0	27993.6
0	28005.6
0	27963
0	27987.6
0	27997.9
0	27980.4
0	28003
0	28020.7
0	28021.8
0	28049.6
0	28030
0	28027.7
0	28010.7
0	28007.6
0	27990.1
0	28014.7
0	28015
0	27999
0	28005.4
0	28002.5
0	28000.9
0	27999.6
0	27982.1
0	27935.1
0	27954.7
0	27943.5
0	27932.8
0	27904.4
0	27938.5
0	27926
0	27926.3
0	27924.1
0	27937.5
0	27954
0	27936.3
0	27911.7
0	27931.8
0	27925.2
0	27919.5
0	27929.8
0	27927.8
0	27888.7
0	27915.6
0	27937.8
0	27969.6
0	27960.7
0	27942.3
0	27938.4
0	27954.4
0	28010.1
0	28033.9
0	28036.8
0	28050.1
0	28061.2
0	28053.8
0	28077.8
0	28060.5
0	28064
0	28056.2
0	28036.3
0	28027.4
0	28046.6
0	28047
0	28027.7
0	28022.7
0	28033.7
0	28033.3
0	28037.4
0	28054.2
0	28063
0	28041.7
0	27999.2
0	27953.5
0	27948.7
0	27918.7
0	27880.1
0	27867.2
0	27908.4
0	27887.2
0	27903
0	27908.3
0	27885.3
0	27872.5
0	27881.6
0	27911.1
0	27897.1
0	27919.2
0	27898.6
0	27902.7
0	27907.7
0	27895.8
0	27893.2
0	27883.7
0	27866.9
0	27921.8
0	27930.2
0	27925.2
0	27960
0	27956.5
0	27930.1
0	27914.4
0	27901.4
0	27905
0	27905.6
0	27918
0	27844.6
0	27863.5
0	27866.5
0	27889
0	27887.5
0	27912.6
0	27891.9
0	27914
0	27911.1
0	27921.2
0	27897
0	27900.3
0	27885.9
0	27876.7
0	27906.7
0	27936.2
0	27925.2
0	27943
0	28026.7
0	28085
0	28189.9
0	28099.4
0	28140.4
0	28116.9
0	28115.3
0	28120.8
0	28114.6
0	28174.6
0	28315.7
0	28324.7
0	28437.2
0	28409.5
0	28429.1
0	28373.2
0	28371.4
0	28360
0	28368.1
0	28300.8
0	28323.8
0	28364.5
0	28381
0	28400
0	28381.2
0	28327.9
0	28257.4
0	28290.4
0	28304
0	28303
0	28303.3
0	28325.8
0	28296
0	28286.4
0	28304.5
0	28308.5
0	28278.5
0	28296.3
0	28299.9
0	28292
0	28234.5
0	28218.8
0	28233.3
0	28288.6
0	28282.2
0	28287.6
0	28259
0	28270.3
0	28277.9
0	28287.5
0	28275
0	28274.5
0	28284.6
0	28339.8
0	28343
0	28326.4
0	28295.2
0	28308.5
0	28320
0	28314.3
0	28310.3
0	28314.5
0	28300.7
0	28315
0	28331.9
0	28348.9
0	28337.7
0	28303.4
0	28305.6
0	28281
0	28271.6
0	28301.7
0	28277.9
0	28281.5
0	28255
0	28231.7
0	28217.5
0	28251.2
0	28237.4
0	28307.8
0	28305.4
0	28445.4
0	28415
0	28497.6
0	28439.4
0	28407.9
0	28443.2
0	28558.7
0	29036.8
0	29134
0	29100.7
0	29118.7
0	29160
0	29136.4
0	29125.4
0	29174.2
0	29273.1
0	29174.5
0	29097.3
0	29131.1
0	29173.1
0	29121.3
0	29109.8
0	29115
0	29115.1
0	29119.9
0	29223.3
0	29205
0	29222.3
0	29500.2
0	29569.6
0	29671.4
0	29594
0	29747.4
0	29675.8
0	29647
0	29637.3
0	29666
0	29675.5
0	29789
0	29928.9
0	29801.3
0	29824.7
0	29908.1
0	30189.9
0	30273.3
0	30293.9
0	30078.2
0	30083
0	30001.4
0	29985.2
0	30038.7
0	30116
0	30094.8
0	30108.5
0	30072.5
0	30109
0	30107.9
0	30070.8
0	29997.3
0	29883.8
0	30026.8
0	30087
0	30070.7
0	30035.8
0	30108.8
0	30098.2
0	30126.2
0	30106.9
0	30083.4
0	30115
0	30087.3
0	30093.9
0	30055
0	30056.8
0	30015.1
0	30052.4
0	30035.3
0	30061.7
0	30111.8
0	30122.5
0	30104.4
0	30104.2
0	30076.1
0	30055.2
0	30134.4
0	30065.8
0	30119
0	30098.9
0	30097.7
0	30171
0	30122.2
0	30246.3
0	30220.3
0	30210.6
0	30018.3
0	30060.4
0	30211
0	30181.1
0	30168
0	30194.2
0	30199.4
0	30203
0	30188
0	30128
0	30115.4
0	30155
0	30162.5
0	30207.6
0	30208.3
0	30178
0	30191.5
0	30230.2
0	30260.1
0	30419.7
0	30179.3
0	30130
0	30109.8
0	30075
0	30130
0	30164.2
0	30210.2
0	30180.7
0	30130.9
0	30189.5
0	30195.7
0	30182.2
0	30207.8
0	30263.8
0	30230.2
0	30194
0	30238.5
0	30200.4
0	30262.2
0	30309.2
0	30290.9
0	30224.8
0	30237.2
0	30228.1
0	30175
0	30170.8
0	30045.6
0	29933.6
0	29943.3
0	29916.2
0	29950
0	29988.8
0	29926
0	29922
0	29940.4
0	29960.1
0	29956
0	29978.6
0	29952.5
0	29925.9
0	29938.5
0	29920
0	29880.5
0	29904.4
0	29917.1
0	29932.9
0	29969
0	30041
0	30007
0	29987
0	30027.2
0	29984
0	29975.6
0	29915
0	29932.1
0	29986
0	29993.8
0	30007.7
0	29991.9
0	30022
0	30002.5
0	29996.3
0	29990.6
0	29982.5
0	29963.7
0	30016.3
0	29973.5
0	30007.1
0	30293.9
0	30157.1
0	30231.1
0	30173.1
0	30114.7
0	30053.7
0	30136.4
0	30212.4
0	30105.7
0	30024.7
0	29803.7
0	29922.9
0	29921.5
0	29964
0	29969.5
0	29991.8
0	29933.6
0	29939
0	29990.8
0	30008.1
0	30040
0	30023.9
0	30040.2
0	29952.7
0	29943.1
0	29917.3
0	29870.8
0	29824.7
0	29875.3
0	29798.6
0	29840.5
0	29885.5
0	29888.9
0	29947.5
0	29937.8
0	29944.1
0	29950.9
0	29944.1
0	29925.3
0	29933.8
0	29906.6
0	29841.3
0	29880
0	29911.8
0	29876.7
0	29888.1
0	29922.1
0	29950
0	30016.8
0	29984.7
0	29990.9
0	29974.6
0	30047.1
0	30065.1
0	30028.8
0	30040.7
0	30147.8
0	30116.5
0	30089.7
0	30088.5
0	30073
0	30072.2
0	30071.6
0	30088.8
0	30055.6
0	30053.7
0	30041.5
0	30077.3
0	30083.9
0	30105.1
0	30079.7
0	30071
0	30051.8
0	30016.5
0	30060.2
0	30055.7
0	30060
0	30068.6
0	30043.5
0	30071
0	30104.4
0	30188.1
0	30293.1
0	30246.3
0	30177
0	30204.8
0	30167.2
0	30204.7
0	30199.5
0	30203.1
0	30190
0	30202.5
0	30193.1
0	30159.8
0	30176.5
0	30181.1
0	30211.7
0	30272.1
0	30242.9
0	30257.6
0	30208.3
0	30175.8
0	30217.9
0	30300.8
0	30382.8
0	30435.3
0	30339.9
0	30406.7
0	30393.2
0	30441.4
0	30355.5
0	30357.7
0	30319.3
0	30322.4
0	30377.9
0	30358.3
0	30362
0	30425.8
0	30485
0	30427.2
0	30438.5
0	30440.8
0	30387.5
0	30358.6
0	30343.4
0	30335.1
0	30230.6
0	30245.4
0	30245
0	30252
0	30287.5
0	30283.4
0	30317.2
0	30283.7
0	30346.8
0	30350
0	30330
0	30296.1
0	30289.1
0	30303.7
0	30326.5
0	30373.8
0	30361.1
0	30399.1
0	30726.8
0	30745.7
0	30813.2
0	30777.2
0	30812.9
0	30775.3
0	30807.9
0	30738
0	30654.5
0	30595.8
0	30620
0	30674.2
0	30688.1
0	30690.9
0	30731.8
0	30709.9
0	30704.9
0	30708.8
0	30770
0	30757.1
0	30821.7
0	30796.3
0	30763.9
0	30818
0	30849.5
0	30942.9
0	30900.9
0	30942.1
0	30786.8
0	30733.7
0	30754.6
0	30696
0	30693.6
0	30730.2
0	30700
0	30744
0	30790.1
0	30794.2
0	30806.7
0	30811
0	30789
0	30766
0	30789.6
0	30766.5
0	30757.8
0	30801.9
0	30841.1
0	30820
0	30763.8
0	30617
0	30665
0	30674.9
0	30718.2
0	30721.5
0	30617.3
0	30602.9
0	30606.5
0	30599.9
0	30419.3
0	30233.5
0	30273.1
0	30237.9
0	30269.4
0	30200.3
0	30125.8
0	30147.5
0	30222.9
0	30240.5
0	30227.2
0	30276.6
0	30345.5
0	30352
0	30284
0	30277.1
0	30214.4
0	30262.2
0	30330
0	30324.1
0	30328.2
0	30430
0	30490.8
0	30448.8
0	30454.6
0	30470.8
0	30484.1
0	30454.1
0	30425.4
0	30420.3
0	30430
0	30435.3
0	30432.9
0	30416.9
0	30390.5
0	30466.9
0	30443.5
0	30545
0	30396.1
0	30372.5
0	30346.5
0	30324.1
0	30384
0	30370
0	30390.8
0	30387.4
0	30390.7
0	30380
0	30390.7
0	30387.9
0	30379.5
0	30376.1
0	30361.9
0	30340
0	30361.4
0	30356.1
0	30396.1
0	30401.4
0	30408.8
0	30427
0	30400.9
0	30395.7
0	30377.3
0	30391
0	30410.4
0	30434.5
0	30419.1
0	30433.3
0	30419.7
0	30418.6
0	30387.2
0	30385.1
0	30412.6
0	30407.7
0	30427.9
0	30459.9
0	30442.7
0	30430.9
0	30402.3
0	30417.1
0	30411.7
0	30405.2
0	30414.7
0	30385.3
0	30397
0	30392.6
0	30418.3
0	30423.3
0	30427.9
0	30417.3
0	30355.3
0	30335.2
0	30360.4
0	30364.8
0	30375.6
0	30359.4
0	30394.4
0	30400
0	30402.5
0	30325.3
0	30278.3
0	30307.7
0	30305.1
0	30320
0	30290
0	30272.5
0	30250
0	30246.2
0	30266.6
0	30280.7
0	30291.6
0	30300.8
0	30291.5
0	30291.5
0	30257
0	30331.7
0	30316.7
0	30322.1
0	30315
0	30280.7
0	30250.7
0	30285.9
0	30303.3
0	30263.8
0	30319.4
0	30340
0	30353.3
0	30351
0	30340.6
0	30327.5
0	30306.8
0	30295.1
0	30278.2
0	30284.5
0	30319
0	30277.5
0	30173.4
0	30229.5
0	30226.6
0	30237
0	30270.8
0	30261.5
0	30266.6
0	30264.2
0	30255
0	30236.8
0	30236.4
0	30249.4
0	30255
0	30268.6
0	30283
0	30298.5
0	30333
0	30318.5
0	30310
0	30306.3
0	30319.9
0	30322.2
0	30330.2
0	30306.1
0	30303.3
0	30339.2
0	30347.1
0	30345
0	30340.4
0	30330.1
0	30330.8
0	30337.4
0	30314.3
0	30300.8
0	30283
0	30279.3
0	30271
0	30284.1
0	30287
0	30290.2
0	30296
0	30268.9
0	30246.9
0	30226.5
0	30254.7
0	30243.3
0	30244.9
0	30260
0	30240.4
0	30239
0	30235.8
0	30250
0	30251
0	30274.3
0	30297.5
0	30311.8
0	30310.7
0	30336.2
0	30340
0	30333
0	30307.7
0	30281.9
0	30293.5
0	30335
0	30335.2
0	30334.2
0	30305.7
0	30300
0	30312.2
0	30344.6
0	30327
0	30478.4
0	30498.3
0	30514.7
0	30468.7
0	30309.1
0	30308.2
0	30356.3
0	30384
0	30343
0	30298.2
0	30311.2
0	30362.7
0	30385.6
0	30371.1
0	30322.4
0	30331.9
0	30331
0	30313.5
0	30280.5
0	30280.3
0	30304.7
0	30301
0	30055.7
0	29911
0	29842.9
0	29914.9
0	29944.8
0	29980
0	29946.2
0	29926.3
0	29984
0	30062.6
0	30020
0	30006.2
0	29991.7
0	29975.3
0	29982.8
0	29964
0	29944.5
0	29967.8
0	29981.2
0	29990
0	29960.5
0	29960
0	29997.9
0	29992
0	29954.3
0	29909.8
0	29901.3
0	29920
0	29903.4
0	29880.3
0	29838.3
0	29830.3
0	29873.1
0	29914
0	29918.1
0	29922.5
0	29904
0	29878
0	29877
0	29886.2
0	29845.8
0	29881.1
0	29884.7
0	29871.9
0	29765
0	29559.5
0	29570.8
0	29557.2
0	29520.7
0	29492.6
0	29529.8
0	29477.8
0	29360.2
0	29430.5
0	29402.2
0	29432.8
0	29452.2
0	29388.8
0	29440.4
0	29423.1
0	29388.8
0	29314.4
0	29358.3
0	29390.9
0	29414.3
0	29451.1
0	29464.4
0	29509.3
0	29475.5
0	29474.2
0	29462.7
0	29471.7
0	29522.2
0	29535.1
0	29525
0	29518.6
0	29552.5
0	29492.4
0	29467.2
0	29470.5
0	29446
0	29457.3
0	29443.8
0	29440
0	29438.6
0	29469.4
0	29452.2
0	29480
0	29502.2
0	29515.7
0	29502.3
0	29480
0	29470
0	29438.8
0	29430.3
0	29449.2
0	29399.2
0	29326.7
0	29364.2
0	29205.2
0	29280.3
0	29395.8
0	29373.5
0	29415.6
0	29428.8
0	29471.1
0	29465.8
0	29485.1
0	29453.4
0	29479
0	29447
0	29447.7
0	29459.7
0	29504.2
0	29494.7
0	29514.7
0	29544.7
0	29545.8
0	29542.1
0	29570
0	29705.5
0	29672.4
0	29721
0	29710.9
0	29726.6
0	29736.8
0	29775.6
0	29784.1
0	29722.9
0	29701.6
0	29703.9
0	29717.3
0	29825.8
0	29878.6
0	29897.7
0	29879.5
0	29927.2
0	29887.1
0	29899.3
0	29927.7
0	29991.3
0	30316.5
0	30380.6
0	30428
0	30394.5
0	30287.3
0	30303.1
0	30303.9
0	30334.5
0	30361.4
0	30381.3
0	30299.8
0	30181.5
0	30257.2
0	30247.8
0	30124.4
0	30187.2
0	30152.7
0	30184.9
0	30256.6
0	30204.9
0	30232.2
0	30220.8
0	30237.9
0	30179.9
0	30152.1
0	30025.5
0	30032.9
0	30231.7
0	30174.8
0	30144.5
0	30167.6
0	30161
0	30196.8
0	30221.5
0	30247.7
0	30261
0	30329.4
0	30419.1
0	30347.3
0	30346.7
0	30318.4
0	30371.7
0	30331.8
0	30335.1
0	30312.8
0	30370.9
0	30345.7
0	30332.8
0	30381.3
0	30380
0	30365.6
0	30314.4
0	30305.5
0	30319.2
0	30278.2
0	30310.1
0	30298.4
0	30233.4
0	30192.1
0	30249.3
0	30211
0	30200.6
0	30210.5
0	30265.4
0	30210.9
0	30211.2
0	30178.5
0	30225
0	30219.8
0	30202.6
0	30230
0	30225.2
0	30281
0	30268.3
0	30220.7
0	30110
0	30110.3
0	30008.1
0	30030.4
0	30108.5
0	30095
0	30077.8
0	29465.5
0	29283.8
0	29281.5
0	29168.5
0	29217.4
0	29218.2
0	29267.8
0	29200.6
0	29165.2
0	29195.3
0	29157
0	29257.3
0	29271.7
0	29269.4
0	29285
0	29310.7
0	29222.9
0	29247.7
0	29235.3
0	29218.7
0	29208.7
0	29263.1
0	29282.1
0	29333
0	29445.2
0	29399
0	29463.5
0	29393.5
0	29379.7
0	29378.7
0	29232.8
0	29260.4
0	29303.6
0	29314.7
0	29330.4
0	29315.2
0	29270
0	29256.6
0	29212.4
0	29318.1
0	29319.3
0	29292.9
0	29242.2
0	29277.5
0	29321.4
0	29293.5
0	29257.5
0	29227.1
0	29257.3
0	29212.9
0	29210.6
0	29237.7
0	29205.2
0	29057.1
0	28940
0	29170
0	29178.2
0	29081.3
0	29147
0	29076.2
0	28944.2
0	28728.6
0	28775.5
0	28797.1
0	28726.9
0	28894.1
0	28922.5
0	28920
0	28870.6
0	28861.2
0	28962.8
0	28934.1
0	28891.4
0	28882.1
0	28829
0	28742.6
0	28795.5
0	28831.2
0	28829.3
0	28862.5
0	28887.6
0	28932.5
0	28897.1
0	28867.5
0	28902.2
0	28868.6
0	28848.2
0	28893.5
0	28971.5
0	28971.1
0	28941
0	28925.6
0	28896.2
0	28915
0	28887.4
0	28869.7
0	28920.8
0	28924.2
0	28812.7
0	28826.6
0	28840.9
0	28857.1
0	28879.1
0	28866
0	28833.4
0	28817.9
0	28832.8
0	28855.2
0	28777.7
0	28755.4
0	28688.6
0	28607.1
0	28639
0	28720.8
0	28815.1
0	28893
0	28857.1
0	28778
0	28757
0	28820.1
0	28853.2
0	28772.7
0	28764.7
0	28719.7
0	28699.8
0	28697.6
0	28556.7
0	28506.7
0	28541.6
0	28571.8
0	28614
0	28442.6
0	28508.8
0	28569.5
0	28516.1
0	28452.2
0	28515
0	28347
0	28312.4
0	28360.5
0	28256
0	28083.6
0	28184.5
0	28104.4
0	28106.6
0	28215.7
0	28240
0	28204.6
0	28237.8
0	28201.5
0	28219.2
0	28230.4
0	28314.7
0	28285.8
0	28216
0	28249.1
0	28299.2
0	28224.9
0	28230.9
0	28243.7
0	28289.7
0	28147.4
0	28277.8
0	28291.3
0	28240.2
0	28250
0	28220.7
0	28200.9
0	28239.3
0	28170.7
0	28217.6
0	28247.5
0	28273.1
0	28303
0	28293.6
0	28321.4
0	28325.5
0	28303.3
0	28260.6
0	28236.2
0	28238.7
0	28222
0	28235
0	28158.2
0	28162
0	28164.7
0	28021.3
0	27916.9
0	27995.2
0	27861.8
0	27952.4
0	28155
0	28081.2
0	28125.2
0	28049.8
0	28071.9
0	28029.1
0	28003.2
0	28081.7
0	28060.8
0	28082.4
0	28111.1
0	28051.3
0	28002
0	27958
0	28008.6
0	28013.4
0	28066.2
0	28099.4
0	28176
0	28177.9
0	28218.6
0	28203.3
0	28164.3
0	28268.2
0	28113.4
0	28084.6
0	28180.6
0	28074.1
0	28060.9
0	28061.5
0	28082.2
0	28120.8
0	28040.7
0	28051.5
0	27977.3
0	28050.2
0	28042.7
0	28043.7
0	27892.2
0	27924
0	27901.6
0	27932.8
0	27936.3
0	27840.2
0	27784
0	27384.9
0	27382.9
0	27349.9
0	27279.9
0	27319
0	27370.5
0	27294.6
0	27270.9
0	27343
0	27358.3
0	27303.4
0	27280
0	27316.5
0	27260.9
0	27239
0	27266.1
0	27316.1
0	27297.6
0	27301.7
0	27262.8
0	27318.4
0	27282
0	27228
0	27225.1
0	27177
0	27225.7
0	27277.8
0	27291.7
0	27298.9
0	27254.2
0	27238.5
0	27241.5
0	27247.3
0	27289.7
0	27303.6
0	27322.2
0	27321.3
0	27330.7
0	27319.5
0	27348
0	27308
0	27339
0	27363.9
0	27397.6
0	27347
0	27316.5
0	27331.2
0	27346.5
0	27333.8
0	27329.9
0	27301
0	27277.8
0	27266
0	27240
0	27262.8
0	27211.4
0	27243
0	27231.9
0	27263.8
0	27239.1
0	27251
0	27221.3
0	27208.4
0	27250
0	27265.5
0	27255
0	27285
0	27286.7
0	27290.9
0	27307.3
0	27336.8
0	27338
0	27353.8
0	27286.2
0	27268.1
0	27255
0	27267
0	27306.8
0	27314.9
0	27476.1
0	27436
0	27465.7
0	27457.7
0	27488.9
0	27657
0	27609
0	27644.7
0	27586.6
0	27641.2
0	27704.9
0	27703.6
0	27668.6
0	27643.7
0	27592.6
0	27578.2
0	27601.3
0	27635
0	27622.4
0	27643.2
0	27622.6
0	27661.4
0	27659
0	27682.8
0	27634.5
0	27603.3
0	27616.4
0	27647.6
0	27669.1
0	27800
0	27743.4
0	27840.4
0	27853.3
0	27820.2
0	27804.7
0	27838.7
0	27816.8
0	27746.8
0	27725.1
0	27506.6
0	27541.8
0	27635
0	27660.8
0	27480.3
0	27551.2
0	27495.7
0	27554
0	27597.9
0	27592
0	27557.5
0	27624.6
0	27570.8
0	27557.8
0	27559.8
0	27580.9
0	27593.6
0	27605.8
0	27589.3
0	27587.3
0	27564.7
0	27585.1
0	27592.2
0	27594.9
0	27590.8
0	27588.1
0	27567.5
0	27594.8
0	27683.9
0	27718.9
0	27720
0	27679.2
0	27703.6
0	27710.5
0	27701
0	27669.1
0	27624.8
0	27629
0	27635
0	27556
0	27543.5
0	27527.6
0	27554.7
0	27546.7
0	27576.8
0	27642.9
0	27615.2
0	27670
0	27639.4
0	27606
0	27604.2
0	27612
0	27645.2
0	27630.8
0	27628.1
0	27639.2
0	27639.4
0	27552.5
0	27526.1
0	27401.8
0	27430
0	27474.5
0	27398.7
0	27539.1
0	27629.6
0	27584.4
0	27612.5
0	27542.3
0	27538.6
0	27513
0	27493
0	27431.3
0	27526.3
0	27455.7
0	27480.5
0	27453.5
0	27488
0	27465.8
0	27490
0	27518.1
0	27505.4
0	27504.6
0	27529.5
0	27506.9
0	27512.8
0	27517.8
0	27443.6
0	27534.5
0	27585.6
0	27591.7
0	27611.8
0	27629.4
0	27568
0	27590.6
0	27562.2
0	27450
0	27454.7
0	27807.5
0	27898
0	27819.2
0	27791.8
0	27752.5
0	27789.3
0	27715.9
0	27677.3
0	27745.2
0	27737.4
0	27728
0	27770.7
0	27790.5
0	27763.2
0	27759.1
0	27727.2
0	27702.3
0	27740
0	27741.6
0	27683.9
0	27654.8
0	27698.3
0	27669.9
0	27613.6
0	27546.7
0	27438.8
0	27472.8
0	27463.4
0	27452
0	27501.5
0	27393.3
0	27313.9
0	27185.8
0	27275.3
0	27300
0	27352.5
0	27313.1
0	27332
0	27354.9
0	27350.6
0	27418.9
0	27425.5
0	27402
0	27455.4
0	27550.8
0	27481.9
0	27495.3
0	27481.2
0	27443.8
0	27447.6
0	27415.4
0	27674.6
0	27624.2
0	27648.6
0	27610.7
0	27330.4
0	27430.2
0	27373
0	27246.9
0	27248.8
0	27267
0	27300.1
0	27323.8
0	27371.5
0	27110.5
0	27263.5
0	27343.5
0	27377.3
0	27381.5
0	27366.5
0	27449.6
0	27334.4
0	27339.9
0	27381.3
0	27345
0	27398.8
0	27383.3
0	27435.7
0	27421
0	27394
0	27460.4
0	27432.7
0	27370.8
0	27381.3
0	27414.6
0	27414.3
0	27450.2
0	27461.3
0	27463.9
0	27489.8
0	27546.2
0	27503.4
0	27510.9
0	27530.2
0	27483.9
0	27465.8
0	27459
0	27470.5
0	27472.2
0	27416.5
0	27403.2
0	27344.6
0	27374.3
0	27402.4
0	27402.8
0	27403
0	27409.8
0	27418.3
0	27345.7
0	27370
0	27370.2
0	27405.6
0	27410
0	27333.6
0	27382.6
0	27394.3
0	27413.2
0	27407.1
0	27431.2
0	27422.8
0	27357.3
0	27372.1
0	27346.1
0	27267.6
0	27266.5
0	27294
0	27317.1
0	27362.6
0	27430.9
0	27393.6
0	27346.6
0	27350
0	27323
0	27324.3
0	27306.7
0	27345.8
0	27331
0	27394.5
0	27332.9
0	27405.5
0	27391
0	27386
0	27410.6
0	27372.7
0	27394.3
0	27409.8
0	27401
0	27384.8
0	27344.6
0	27293.5
0	27298.1
0	27261.6
0	27294.7
0	27396.6
0	27363.4
0	27352.8
0	27345
0	27350
0	27386
0	27406
0	27393.3
0	27347.1
0	27362.2
0	27559
0	27617.7
0	27665.3
0	27695.5
0	27618.6
0	27577.7
0	27483.4
0	27506.6
0	27540
0	27611.4
0	27861.3
0	27927.8
0	27955.8
0	27975
0	28182.2
0	28232.7
0	28177.6
0	28262.9
0	28251.2
0	28237.3
0	28263.1
0	28233.2
0	28167.1
0	28269
0	28286.5
0	28300.8
0	28377
0	28422.1
0	28384.3
0	28299.6
0	28269.8
0	28296.7
0	28330.2
0	28392
0	28383.5
0	28366.4
0	28352.5
0	28389.3
0	28388
0	28328.1
0	28335.6
0	28309.1
0	28338.9
0	28364.7
0	28337.7
0	28328.9
0	28362.8
0	28394.4
0	28393.6
0	28395.2
0	28439
0	28363.9
0	28366.8
0	28395
0	28390
0	28357.3
0	28332.5
0	28376.2
0	28402.4
0	28660
0	28649.3
0	28727.2
0	28747.5
0	28767.5
0	28814.5
0	28867.5
0	28812.2
0	28860.7
0	28972.5
0	28998.8
0	28923.3
0	28929.1
0	28963.7
0	28952.3
0	29092
0	29743.9
0	29800.8
0	29965.5
0	29841.1
0	29829
0	29723.9
0	29847.1
0	29770.5
0	29646.4
0	29629.5
0	29700.2
0	29775.1
0	29699.5
0	29799.9
0	29820
0	29827.3
0	29810.2
0	29781.4
0	29810.3
0	29802.3
0	29795.4
0	29824.2
0	29720.9
0	29739.2
0	29788.9
0	29723
0	29741.5
0	29600.9
0	29077.1
0	28272.4
0	27884.2
0	27736.1
0	27550.4
0	28102.2
0	28413.4
0	28222.1
0	28296.7
0	28252.4
0	28677.7
0	28576
0	28374.8
0	28298.5
0	28298.2
0	28450.2
0	28379.7
0	28325.5
0	28415.3
0	28572.5
0	29397.7
0	29178.8
0	29225.5
0	29058.7
0	28848.3
0	28860
0	28741.7
0	29093.5
0	28949.7
0	28972.3
0	29034.3
0	28893.5
0	28942.7
0	28970
0	28885.8
0	28963.6
0	28963.5
0	29038.7
0	29096.1
0	29070
0	29163.7
0	29124.8
0	29083.1
0	29034.8
0	28982.7
0	29004.3
0	28793.3
0	28848.9
0	28830
0	28873.2
0	28893.8
0	28795.1
0	28977.2
0	28990.6
0	28955.4
0	28942.1
0	28912
0	28989.4
0	28931.7
0	28973
0	28949.5
0	29019.6
0	28990.8
0	29094.5
0	29052.8
0	28937.9
0	28934.2
0	29000.5
0	29001.8
0	28760.6
0	28862.1
0	28907.8
0	28887.4
0	28870.6
0	28936.3
0	29051.3
0	29009.3
0	29043
0	28974.5
0	29019.1
0	29274.1
0	28974.7
0	29149.7
0	29083.9
0	29131.6
0	29091.5
0	29129.8
0	29174
0	29260.6
0	29290.7
0	29296.1
0	29340
0	29629.3
0	29884.6
0	29772.1
0	29571.4
0	29650
0	29775.2
0	29674
0	29533.8
0	29559.4
0	29606.1
0	29619.3
0	29752.7
0	29702.8
0	29613
0	29647.1
0	29601.8
0	29586.4
0	29542
0	29385.2
0	29408.2
0	29473.5
0	29433.2
0	29472.8
0	29427.4
0	29385.4
0	29413.3
0	29554.2
0	29478.7
0	29471.2
0	29535.8
0	29516.3
0	29462
0	29475.4
0	29411
0	29395.9
0	29391.7
0	29361.8
0	29407.7
0	29420.5
0	29482.2
0	29470.3
0	29478.6
0	29501.9
0	29486.3
0	29488.2
0	29530.4
0	29474
0	29479.5
0	29430.2
0	29429.9
0	29467.1
0	29499.3
0	29450.5
0	29491.6
0	29488.8
0	29423.1
0	29362.5
0	29210
0	29252
0	29216.8
0	29219
0	29239.2
0	29199.4
0	29205.8
0	29287
0	29307.9
0	29262.3
0	29299.1
0	29296.5
0	29287
0	29235.4
0	29268.2
0	29331.1
0	29329.6
0	29229.3
0	29268
0	29320
0	28950.1
0	29029.5
0	29166.3
0	29239.2
0	29136.1
0	29096.7
0	29013.2
0	29073.4
0	29095.4
0	29146.9
0	29255.7
0	29144.4
0	29174.7
0	29273.4
0	29220
0	29221.8
0	29254
0	29239.4
0	29166.3
0	29173.7
0	29180
0	29242.7
0	29350
0	29313.1
0	29390
0	29328.5
0	29367.7
0	29323.1
0	29320.4
0	29338
0	29342.2
0	29331.7
0	29322.2
0	29328.6
0	29380.7
0	29388.1
0	29405.6
0	29345.3
0	29374.8
0	29300.2
0	29327.1
0	29311.7
0	29305.2
0	29306.3
0	29301.4
0	29262
0	29253
0	29280.6
0	29268.9
0	29272.6
0	29290.8
0	29321.3
0	29356
0	29374.9
0	29363.4
0	29373.9
0	29357.1
0	29345.7
0	29355.3
0	29410
0	29366
0	29372.7
0	29406.6
0	29377.5
0	29363.9
0	29356
0	29356.5
0	29318.1
0	29322
0	29328.6
0	29340
0	29316.9
0	29339.2
0	29345.5
0	29319.1
0	29301.9
0	29316
0	29313.9
0	29272.1
0	29295
0	29280
0	29298.8
0	29287.8
0	29264.9
0	29268.1
0	29267.6
0	29273.1
0	29256.9
0	29287.7
0	29332.1
0	29320.2
0	29306.6
0	29304.9
0	29281.4
0	29301.3
0	29347.4
0	29340.4
0	29384.1
0	29357
0	29363.1
0	29350
0	29336.1
0	29312.4
0	29335.4
0	29336.5
0	29271.2
0	29271.8
0	29265.2
0	29263.8
0	29281.8
0	29254.2
0	29241
0	29155
0	29155.2
0	29216.1
0	29188.2
0	29161.8
0	29176
0	29185.8
0	29248.3
0	29271.3
0	29240.7
0	29232.9
0	29253.2
0	29228.9
0	29221.4
0	29232.2
0	29227
0	29248.7
0	29230
0	29193
0	29207
0	29224.8
0	29200.7
0	29191.5
0	29174.1
0	29211.1
0	29230.5
0	29213
0	29214.4
0	29185
0	29136
0	29147
0	29138.5
0	29133.5
0	29097
0	29118.8
0	29120
0	29143.6
0	29177
0	29165.7
0	29160.9
0	29169.1
0	29178.9
0	29180.3
0	29181.4
0	29197.4
0	29210.6
0	29239.1
0	29237.1
0	29237.3
0	29258.5
0	29261.2
0	29240
0	29266.3
0	29271.4
0	29276.7
0	29284.2
0	29288.9
0	29266.4
0	29266.6
0	29290.5
0	29295.1
0	29270
0	29260
0	29254
0	29243.9
0	29258.6
0	29294.7
0	29280.2
0	29222.2
0	29221.9
0	29223.9
0	29214.8
0	29187
0	29197
0	29204.7
0	29203.7
0	29223.8
0	29238.2
0	29260.6
0	29281.2
0	29274.6
0	29292.5
0	29280.3
0	29272
0	29358.9
0	29395
0	29574.9
0	29821
0	29866.4
0	29655.2
0	29729.4
0	29632.1
0	29690.9
0	29717.5
0	29715.2
0	29770.1
0	29765.3
0	29644.4
0	29654.4
0	29645.4
0	29616.5
0	29577.1
0	29379.1
0	29359.8
0	29367.7
0	29361.1
0	29208.5
0	29312.6
0	29320
0	29329.9
0	29437.8
0	29472.6
0	29372.5
0	29411.2
0	29410.6
0	29418.1
0	29398.3
0	29378.7
0	29399.5
0	29391.7
0	29392.3
0	29233.2
0	29290
0	29301.7
0	29303.8
0	29315.6
0	29257.5
0	29254
0	28677.1
0	28504.4
0	28635.5
0	28582.2
0	28583
0	28549.4
0	28481.5
0	28587
0	28590.3
0	28561.1
0	28564
0	28542.8
0	28502.4
0	28555
0	28631.5
0	28550.7
0	28421.5
0	28483.7
0	28503.4
0	28557.4
0	28554.8
0	28594.3
0	28615.8
0	28660.8
0	28636.8
0	28629.1
0	28593.7
0	28597.2
0	28603.5
0	28574.5
0	28581.3
0	28603.9
0	28554.8
0	28525
0	28550.3
0	28542
0	28527.2
0	28552.4
0	28534.8
0	28549.6
0	28558.5
0	28523.9
0	28527.7
0	28574
0	28589.8
0	28596.3
0	28575.3
0	28599.6
0	28530.8
0	28457.8
0	28496.5
0	28484.5
0	28441.3
0	28473.3
0	28382.8
0	28110.8
0	28108.6
0	28170.6
0	28141
0	28119.3
0	28220
0	28360.8
0	28338.2
0	28181.3
0	28273.9
0	28278.2
0	28244.3
0	28212.7
0	28128.6
0	28173.8
0	28035.4
0	28015.6
0	27952.4
0	27843.4
0	27911.2
0	27844.6
0	27903.4
0	27678.1
0	27805.8
0	27885.6
0	27984.6
0	27985.5
0	27978.4
0	27974.1
0	28062.4
0	28020
0	28116.3
0	28098.3
0	28090
0	28068.3
0	27999.3
0	28075
0	28125.2
0	28050.4
0	28071.7
0	28044
0	28077.1
0	27942.9
0	27996.7
0	27956.8
0	27970.9
0	28008.5
0	27973.8
0	27946.7
0	27983.1
0	28043.8
0	28015.6
0	27976.2
0	27983
0	27927.7
0	27948.9
0	27948.6
0	27986.7
0	28000
0	28035
0	27981.6
0	27995.9
0	27999.1
0	28077.6
0	28077.9
0	28045.8
0	28057.5
0	28110
0	28070
0	28050
0	28028.5
0	28027.5
0	27960.8
0	27990.7
0	27983.2
0	27995.4
0	27980.1
0	28026.4
0	28016.5
0	28041.2
0	28058.5
0	28046.2
0	28084.8
0	28055.2
0	28043.8
0	28214.1
0	28107
0	28063.5
0	28061.8
0	27989.7
0	28009.1
0	28015.3
0	28495.2
0	28541.2
0	28374.2
0	28456
0	28512.4
0	28668.2
0	28540.7
0	28483.6
0	28544.4
0	28512.5
0	28468.6
0	28493.6
0	28494.5
0	28512.2
0	28583.5
0	28609.3
0	28596.3
0	28676.6
0	28718.9
0	28796.3
0	28803
0	28743.3
0	28686.1
0	28661.9
0	28705.1
0	28763.2
0	28676
0	28660.3
0	28649.9
0	28660
0	28660.5
0	28698
0	28764.9
0	28755.8
0	28736.9
0	28707.7
0	28670.8
0	28638.7
0	28669.9
0	28598.4
0	28630.2
0	28567.3
0	28503.7
0	28561.1
0	28514.5
0	28565.1
0	28542.1
0	28426.2
0	28449.7
0	28487.7
0	28508.6
0	28491.1
0	28514.2
0	28531.4
0	28520.9
0	28489.7
0	28518.3
0	28476.5
0	28515
0	28504.7
0	28483.1
0	28490.7
0	28477.2
0	28449.1
0	28530
0	28606.2
0	28600
0	28594.8
0	28657.4
0	28633.8
0	28653.8
0	28640
0	28711.6
0	28686.6
0	28691.2
0	28665.3
0	28639
0	28644.5
0	28665.4
0	28674.7
0	28625.8
0	28645.9
0	28573.5
0	28594.5
0	28634.6
0	28593.3
0	28543.7
0	28508.1
0	28535
0	28330.7
0	28306.5
0	28251.6
0	28228.9
0	28342.5
0	28373.5
0	28336.8
0	28231.2
0	28247.8
0	28215.9
0	28261.4
0	28239.8
0	28300.3
0	28311.5
0	28301.4
0	28424.3
0	28360
0	28477
0	28455.9
0	28577.5
0	28722.8
0	28576.7
0	28615.8
0	28517.9
0	28468.2
0	28444.3
0	28301.8
0	28351.2
0	28352.4
0	28323
0	28429.6
0	28413.1
0	28323.7
0	28518.7
0	28613.9
0	28845.5
0	28977.8
0	28923.5
0	29028.2
0	29176.2
0	29157.6
0	29107.1
0	29097
0	29043.7
0	28946.2
0	29026.2
0	29080
0	29037
0	29000.7
0	29043.9
0	29061.1
0	28979.4
0	29012.6
0	29070.7
0	29045.8
0	29040.5
0	29008.2
0	29060.6
0	29091.1
0	29065.3
0	29041.5
0	29096.9
0	29092.9
0	29097.4
0	29094.7
0	29102.3
0	29120
0	29116.9
0	29149
0	29203.9
0	29139.9
0	29121.1
0	29132.2
0	29166.7
0	29119.1
0	29096
0	29074.2
0	29058.2
0	28994.7
0	29080.6
0	29060.1
0	29089.3
0	29078.8
0	29051.7
0	29047.9
0	29089
0	29092
0	29163
0	29276
0	29243.6
0	29264.5
0	29185.4
0	29161.5
0	29154.7
0	29161.3
0	29189.7
0	29057
0	29054.8
0	29066.8
0	28881.1
0	28703.4
0	28761.5
0	28785.5
0	28860
0	28865.3
0	28783.7
0	28918.2
0	28894.5
0	28853.3
0	28866.2
0	28889.9
0	28941.8
0	28896.9
0	28924.8
0	28896.8
0	28868.6
0	28849.7
0	28842.3
0	28844.5
0	28721.3
0	28763.2
0	28799.2
0	28764.8
0	28824.2
0	28854.4
0	28895.1
0	28819.4
0	28864.3
0	28860.3
0	28870.2
0	28844.5
0	28817.4
0	28838.5
0	28840
0	28794
0	28763
0	28780.8
0	28779.9
0	28836.2
0	28835.2
0	28811.6
0	28838.2
0	28852
0	28885.9
0	28914.3
0	28937.6
0	28920
0	28916.3
0	29318.6
0	29325.7
0	29273.2
0	29245
0	29300.6
0	29246.3
0	29259.9
0	29248.1
0	29175.2
0	29198.2
0	29227
0	29240.3
0	29233.9
0	29228.1
0	29197.8
0	29209.1
0	29236.7
0	29198
0	29187.6
0	29190.9
0	29197.7
0	29163.8
0	29121.4
0	29104.7
0	29064.1
0	29062.3
0	29093
0	29113.7
0	29094.7
0	29058
0	29043.9
0	29082.8
0	29111
0	29101
0	29090.2
0	29133
0	29083.3
0	29110.7
0	29138.7
0	29095.8
0	29096.4
0	29149.4
0	29176.9
0	29158.3
0	28965.3
0	28952.4
0	29010
0	29007.8
0	29166.2
0	29175.6
0	29163
0	29163.6
0	29347.5
0	29259.2
0	29190
0	29298.9
0	29278.6
0	29356.5
0	29579.1
0	29528.5
0	29503.4
0	29586.9
0	29563.9
0	29567.1
0	29579.2
0	29460.4
0	29491.5
0	29493.4
0	29457
0	29399.2
0	29376.9
0	29426.7
0	29487.7
0	29561.7
0	29508.3
0	29483
0	29485.5
0	29493.1
0	29484.9
0	29517.1
0	29488.8
0	29486.8
0	29511.2
0	29512.2
0	29545.9
0	29589.7
0	29558
0	29536.1
0	29487.4
0	29505.6
0	29506.8
0	29557.6
0	29694
0	29671.1
0	29612
0	29563.7
0	29610.6
0	29541.4
0	29465.4
0	29471.7
0	29486.1
0	29463.8
0	29415.7
0	29373.3
0	29360.4
0	29353.6
0	29386
0	29372.9
0	29356.5
0	29343.3
0	29371.1
0	29370.5
0	29336.6
0	29347
0	29370.1
0	29341
0	29342.1
0	29386.2
0	29388.1
0	29408.2
0	29388
0	29363.3
0	29255.9
0	29299.4
0	29338.7
0	29330.1
0	29300.7
0	29295
0	29331
0	29285.1
0	29295
0	29212.7
0	29252.9
0	29238.6
0	29254.6
0	29240.3
0	29251.9
0	29266.2
0	29252.5
0	29248
0	29075.8
0	29096.8
0	29068.4
0	29028.6
0	28935.2
0	28935.8
0	28694
0	28637.8
0	28620.6
0	28606.6
0	28549
0	28583.4
0	28618.2
0	28576.6
0	28658.8
0	28693.9
0	28653.9
0	28701.5
0	28676.8
0	28820.4
0	28755.9
0	28771.9
0	28848.5
0	28863.7
0	28924.5
0	28912.4
0	28901
0	28865.1
