0	1
0	1.00196
0	1.00137
0	1.00033
0	1.00133
0	1.00136
0	1.00182
0	1.00211
0	1.00134
0	1.00283
0	1.00644
0	1.00614
0	1.00381
0	1.00373
0	1.00515
0	1.00524
0	1.00454
0	1.0044
0	1.00323
0	1.00343
0	1.00522
0	1.00482
0	1.00424
0	1.00399
0	0.999787
0	0.998919
0	0.999295
0	0.999444
0	0.998287
0	0.999511
0	0.997458
0	0.998149
0	0.998881
0	0.999789
0	0.999973
0	1.00116
0	1.00094
0	1.00107
0	1.00109
0	1.00115
0	1.0007
0	0.999962
0	1.00004
0	0.999757
0	0.999365
0	0.999824
0	1.0003
0	1.00343
0	1.0024
0	1.0016
0	1.00338
0	1.00223
0	1.00278
0	1.00322
0	1.00396
0	1.00357
0	1.00253
0	1.0021
0	1.00229
0	1.00274
0	1.00256
0	1.00241
0	1.00291
0	1.00283
0	1.00248
0	1.00245
0	1.0023
0	1.00152
0	1.00131
0	1.00126
0	1.00131
0	1.00172
0	1.00072
0	1.00092
0	1.00047
0	0.999624
0	1.00013
0	1.00015
0	1.00049
0	1.00001
0	0.998925
0	0.998154
0	0.998752
0	0.999807
0	1.00091
0	0.999505
0	0.998381
0	0.999193
0	0.998831
0	0.998548
0	0.997406
0	0.999083
0	0.998268
0	0.9988
0	0.999551
0	0.999221
0	0.999273
0	0.999169
0	0.997981
0	0.997014
0	0.996605
0	0.995427
0	0.995539
0	0.983447
0	0.991245
0	0.996269
0	0.996062
0	0.995072
0	0.992189
0	0.994334
0	0.992397
0	0.992997
0	0.996042
0	0.995862
0	0.995544
0	0.99492
0	0.993783
0	0.991114
0	0.990665
0	0.992124
0	0.991259
0	0.990227
0	0.98731
0	0.984915
0	0.983044
0	0.986647
0	0.984175
0	0.98129
0	0.982791
0	0.98639
0	0.984253
0	0.983043
0	0.986591
0	0.986975
0	0.986457
0	0.986412
0	0.988255
0	0.990367
0	0.990576
0	0.992701
0	0.991567
0	0.991897
0	0.992714
0	0.99167
0	0.991703
0	0.99037
0	0.989494
0	0.9905
0	0.990055
0	0.990415
0	0.989641
0	0.989128
0	0.986478
0	0.987866
0	0.988548
0	0.988963
0	0.987301
0	0.987452
0	0.98807
0	0.985744
0	0.983502
0	0.97859
0	0.979733
0	0.982824
0	0.982381
0	0.98172
0	0.982886
0	0.982043
0	0.981142
0	0.981831
0	0.980449
0	0.979926
0	0.98212
0	0.982325
0	0.981258
0	0.982132
0	0.980967
0	0.981482
0	0.982311
0	0.981866
0	0.983383
0	0.987122
0	0.986707
0	0.98487
0	0.985742
0	0.985169
0	0.984975
0	0.985384
0	0.983633
0	0.983273
0	0.982375
0	0.981259
0	0.982157
0	0.983126
0	0.981259
0	0.981343
0	0.980984
0	0.980663
0	0.980615
0	0.988312
0	0.986283
0	0.988339
0	0.988025
0	0.987687
0	0.985736
0	0.986251
0	0.988017
0	0.986093
0	0.985666
0	0.985406
0	0.983281
0	0.983186
0	0.980258
0	0.98044
0	0.982757
0	0.982306
0	0.982442
0	0.983387
0	0.98162
0	0.980978
0	0.981918
0	0.98631
0	0.986261
0	0.985246
0	0.985096
0	0.9822
0	0.982177
0	0.981398
0	0.981657
0	0.980826
0	0.972914
0	0.969694
0	0.968185
0	0.968325
0	0.968598
0	0.968981
0	0.970762
0	0.969471
0	0.969221
0	0.969404
0	0.969956
0	0.969054
0	0.968486
0	0.969156
0	0.972151
0	0.970736
0	0.971463
0	0.970414
0	0.970955
0	0.97218
0	0.971463
0	0.970492
0	0.969652
0	0.969957
0	0.970159
0	0.970877
0	0.970113
0	0.970107
0	0.970092
0	0.9702
0	0.96978
0	0.969864
0	0.97022
0	0.969681
0	0.968885
0	0.967933
0	0.967843
0	0.966309
0	0.965659
0	0.966012
0	0.96753
0	0.967771
0	0.966231
0	0.964505
0	0.965748
0	0.966159
0	0.965638
0	0.963886
0	0.966054
0	0.966221
0	0.965342
0	0.966571
0	0.966988
0	0.966041
0	0.96534
0	0.964608
0	0.964398
0	0.963764
0	0.963071
0	0.965876
0	0.968523
0	0.970609
0	0.970595
0	0.969632
0	0.969376
0	0.969442
0	0.969554
0	0.968846
0	0.96606
0	0.965989
0	0.964039
0	0.960748
0	0.958486
0	0.958251
0	0.959778
0	0.956963
0	0.958067
0	0.955883
0	0.951485
0	0.940442
0	0.937693
0	0.934823
0	0.932983
0	0.932358
0	0.930644
0	0.924612
0	0.920606
0	0.918037
0	0.897699
0	0.904854
0	0.908343
0	0.90561
0	0.902025
0	0.911585
0	0.908161
0	0.908614
0	0.907825
0	0.908281
0	0.908259
0	0.907191
0	0.908657
0	0.901852
0	0.898792
0	0.898273
0	0.89786
0	0.892792
0	0.892354
0	0.894374
0	0.897447
0	0.898091
0	0.894603
0	0.895613
0	0.894298
0	0.894789
0	0.896402
0	0.896923
0	0.894817
0	0.892625
0	0.890427
0	0.888477
0	0.88699
0	0.887419
0	0.890398
0	0.892982
0	0.892051
0	0.888977
0	0.890247
0	0.889477
0	0.886846
0	0.885774
0	0.889939
0	0.891479
0	0.890421
0	0.888471
0	0.889332
0	0.887341
0	0.890669
0	0.888388
0	0.888743
0	0.88584
0	0.885939
0	0.88661
0	0.884218
0	0.878061
0	0.87561
0	0.878986
0	0.877073
0	0.876617
0	0.881818
0	0.880955
0	0.886643
0	0.886568
0	0.889581
0	0.889166
0	0.889607
0	0.9018
0	0.900745
0	0.889132
0	0.893864
0	0.880428
0	0.884452
0	0.886032
0	0.88619
0	0.886832
0	0.892714
0	0.890973
0	0.898883
0	0.896697
0	0.893223
0	0.888478
0	0.888778
0	0.891772
0	0.889391
0	0.890889
0	0.888291
0	0.888509
0	0.885733
0	0.889681
0	0.888332
0	0.890558
0	0.893578
0	0.893551
0	0.892951
0	0.890529
0	0.891123
0	0.890017
0	0.889039
0	0.889496
0	0.895913
0	0.897947
0	0.896828
0	0.895035
0	0.896832
0	0.899545
0	0.898891
0	0.901664
0	0.899217
0	0.900338
0	0.904085
0	0.902708
0	0.902133
0	0.907285
0	0.907968
0	0.919447
0	0.918676
0	0.91337
0	0.911698
0	0.912311
0	0.914467
0	0.908717
0	0.909084
0	0.910616
0	0.91007
0	0.905655
0	0.9081
0	0.906249
0	0.907652
0	0.909611
0	0.911297
0	0.909299
0	0.909959
0	0.909605
0	0.906145
0	0.903278
0	0.905194
0	0.902524
0	0.901299
0	0.889273
0	0.885835
0	0.887697
0	0.890625
0	0.90134
0	0.895698
0	0.898073
0	0.894334
0	0.893111
0	0.896633
0	0.896107
0	0.898163
0	0.897258
0	0.894133
0	0.894294
0	0.895837
0	0.894247
0	0.896334
0	0.894918
0	0.897078
0	0.895227
0	0.893905
0	0.895816
0	0.897359
0	0.897105
0	0.895984
0	0.897418
0	0.898752
0	0.900059
0	0.897506
0	0.896719
0	0.897167
0	0.896884
0	0.895259
0	0.89407
0	0.89377
0	0.895129
0	0.896559
0	0.897214
0	0.899105
0	0.90014
0	0.903512
0	0.901344
0	0.904537
0	0.903558
0	0.90261
0	0.900792
0	0.902444
0	0.901644
0	0.902353
0	0.902369
0	0.904004
0	0.910038
0	0.908085
0	0.907583
0	0.906093
0	0.908026
0	0.908286
0	0.909964
0	0.910161
0	0.907257
0	0.907378
0	0.909438
0	0.910571
0	0.910346
0	0.91283
0	0.90833
0	0.909572
0	0.909197
0	0.912726
0	0.912173
0	0.912773
0	0.909507
0	0.911205
0	0.908184
0	0.906873
0	0.908215
0	0.909325
0	0.910672
0	0.908536
0	0.90978
0	0.909292
0	0.908783
0	0.908209
0	0.909929
0	0.909762
0	0.910959
0	0.910167
0	0.909605
0	0.90832
0	0.908527
0	0.909225
0	0.907193
0	0.907299
0	0.907685
0	0.908453
0	0.907259
0	0.907965
0	0.908953
0	0.908761
0	0.908536
0	0.909311
0	0.908962
0	0.90952
0	0.91036
0	0.909548
0	0.910175
0	0.910499
0	0.91174
0	0.9115
0	0.91157
0	0.913095
0	0.913969
0	0.91237
0	0.908205
0	0.909844
0	0.910155
0	0.909506
0	0.910916
0	0.911157
0	0.911267
0	0.909627
0	0.908942
0	0.909101
0	0.909786
0	0.907645
0	0.910167
0	0.908768
0	0.907336
0	0.908511
0	0.908852
0	0.909145
0	0.908826
0	0.909877
0	0.910074
0	0.920913
0	0.922197
0	0.927547
0	0.924567
0	0.932118
0	0.945354
0	0.940529
0	0.94494
0	0.930728
0	0.931119
0	0.92728
0	0.930523
0	0.936981
0	0.946297
0	0.948676
0	0.946305
0	0.9453
0	0.944699
0	0.949273
0	0.944388
0	0.972953
0	0.972364
0	0.968461
0	0.968825
0	0.975259
0	0.976821
0	0.981613
0	0.978474
0	0.987006
0	1.00272
0	1.00165
0	0.994917
0	0.996251
0	0.996444
0	0.994866
0	0.99526
0	0.990053
0	0.990435
0	0.989864
0	0.989457
0	0.991118
0	0.991588
0	0.992078
0	1.00038
0	0.997242
0	0.997584
0	0.996025
0	0.996635
0	0.996824
0	0.998394
0	0.999463
0	0.996082
0	0.996489
0	0.997169
0	0.998784
0	0.996671
0	0.998094
0	1.00191
0	1.00221
0	0.999504
0	0.997748
0	0.994722
0	0.99027
0	0.991321
0	0.983706
0	0.979464
0	0.980108
0	0.979974
0	0.981743
0	0.983808
0	0.987298
0	0.986062
0	0.984276
0	0.983303
0	0.986501
0	0.984331
0	0.986621
0	0.982912
0	0.987558
0	0.996574
0	1.00137
0	0.99714
0	1.00315
0	1.02274
0	1.04221
0	1.04528
0	1.04799
0	1.07167
0	1.0893
0	1.07624
0	1.07018
0	1.07355
0	1.06989
0	1.07288
0	1.06899
0	1.06696
0	1.06983
0	1.0776
0	1.07586
0	1.07603
0	1.07763
0	1.08002
0	1.08242
0	1.08419
0	1.07852
0	1.08347
0	1.08348
0	1.07803
0	1.07649
0	1.07926
0	1.07698
0	1.07972
0	1.0745
0	1.07559
0	1.07479
0	1.07987
0	1.08008
0	1.07932
0	1.07997
0	1.07832
0	1.07317
0	1.07404
0	1.07606
0	1.07148
0	1.07644
0	1.07618
0	1.07841
0	1.07754
0	1.08379
0	1.08035
0	1.08895
0	1.08522
0	1.08377
0	1.08312
0	1.08325
0	1.08241
0	1.0859
0	1.08821
0	1.08769
0	1.0877
0	1.08961
0	1.08565
0	1.08947
0	1.10146
0	1.08705
0	1.0841
0	1.08517
0	1.08645
0	1.08789
0	1.08384
0	1.08551
0	1.08831
0	1.08129
0	1.08119
0	1.08204
0	1.07796
0	1.08182
0	1.08057
0	1.08079
0	1.08133
0	1.07894
0	1.08113
0	1.0835
0	1.08253
0	1.08694
0	1.08845
0	1.0964
0	1.10099
0	1.09897
0	1.10328
0	1.10415
0	1.10236
0	1.09954
0	1.13604
0	1.15277
0	1.17042
0	1.15414
0	1.1557
0	1.14951
0	1.15249
0	1.15868
0	1.15342
0	1.15202
0	1.15407
0	1.15084
0	1.15375
0	1.15554
0	1.15994
0	1.14959
0	1.15171
0	1.15432
0	1.15339
0	1.14889
0	1.1479
0	1.14365
0	1.12945
0	1.13912
0	1.13403
0	1.11518
0	1.09805
0	1.09258
0	1.09677
0	1.11803
0	1.11072
0	1.11047
0	1.10077
0	1.09643
0	1.08449
0	1.08838
0	1.09285
0	1.09491
0	1.10534
0	1.09719
0	1.09938
0	1.10216
0	1.10159
0	1.10025
0	1.10412
0	1.10091
0	1.0964
0	1.08823
0	1.0932
0	1.10312
0	1.10995
0	1.11236
0	1.10985
0	1.11142
0	1.109
0	1.10853
0	1.1084
0	1.10794
0	1.10758
0	1.10124
0	1.10371
0	1.10302
0	1.1015
0	1.10436
0	1.10517
0	1.10669
0	1.10866
0	1.10831
0	1.10438
0	1.10222
0	1.1015
0	1.10412
0	1.1074
0	1.10589
0	1.10456
0	1.10515
0	1.10733
0	1.10987
0	1.11013
0	1.10675
0	1.10609
0	1.10467
0	1.10387
0	1.10064
0	1.09591
0	1.09405
0	1.09561
0	1.0911
0	1.09817
0	1.09501
0	1.09318
0	1.08415
0	1.09723
0	1.10466
0	1.09966
0	1.09984
0	1.09852
0	1.10705
0	1.11674
0	1.11382
0	1.11261
0	1.10567
0	1.10718
0	1.10306
0	1.09355
0	1.10252
0	1.10335
0	1.09868
0	1.09396
0	1.09201
0	1.08101
0	1.08473
0	1.07865
0	1.07566
0	1.08453
0	1.08633
0	1.07845
0	1.08357
0	1.07816
0	1.08903
0	1.09029
0	1.08925
0	1.08545
0	1.09114
0	1.08217
0	1.08736
0	1.08201
0	1.08542
0	1.08876
0	1.08521
0	1.08709
0	1.08498
0	1.09075
0	1.08984
0	1.09713
0	1.09151
0	1.08886
0	1.08711
0	1.08612
0	1.08697
0	1.08423
0	1.08374
0	1.08328
0	1.08597
0	1.0793
0	1.08003
0	1.08184
0	1.08222
0	1.08275
0	1.08538
0	1.08794
0	1.08941
0	1.08842
0	1.08717
0	1.08228
0	1.0845
0	1.08278
0	1.08284
0	1.08386
0	1.08394
0	1.08038
0	1.08271
0	1.08293
0	1.08767
0	1.08768
0	1.08629
0	1.09145
0	1.09057
0	1.09055
0	1.09637
0	1.09752
0	1.09905
0	1.09763
0	1.0984
0	1.09987
0	1.09751
0	1.09832
0	1.09692
0	1.09036
0	1.09236
0	1.10566
0	1.10036
0	1.10406
0	1.10571
0	1.11131
0	1.1125
0	1.10829
0	1.10885
0	1.10486
0	1.10779
0	1.10347
0	1.11081
0	1.10373
0	1.10313
0	1.10504
0	1.10021
0	1.10476
0	1.10812
0	1.1047
0	1.10772
0	1.10982
0	1.10877
0	1.1074
0	1.1085
0	1.11053
0	1.11064
0	1.10734
0	1.10618
0	1.1047
0	1.10583
0	1.10298
0	1.10305
0	1.1041
0	1.10156
0	1.10106
0	1.10312
0	1.10225
0	1.10628
0	1.10984
0	1.11496
0	1.11529
0	1.11353
0	1.11115
0	1.11231
0	1.11179
0	1.10209
0	1.10553
0	1.10859
0	1.11872
0	1.11178
0	1.11114
0	1.11111
0	1.11153
0	1.11479
0	1.11459
0	1.11312
0	1.11734
0	1.11556
0	1.11427
0	1.11313
0	1.11192
0	1.11196
0	1.11448
0	1.13173
0	1.13303
0	1.14536
0	1.15115
0	1.15262
0	1.14046
0	1.14151
0	1.14693
0	1.14837
0	1.1455
0	1.1505
0	1.14939
0	1.15098
0	1.14924
0	1.14784
0	1.14912
0	1.14776
0	1.14648
0	1.14979
0	1.15116
0	1.15397
0	1.16613
0	1.16658
0	1.16068
0	1.15768
0	1.16305
0	1.16285
0	1.16587
0	1.16166
0	1.16078
0	1.16008
0	1.16156
0	1.16447
0	1.16478
0	1.17096
0	1.17525
0	1.18249
0	1.1903
0	1.19178
0	1.18973
0	1.18958
0	1.19764
0	1.20124
0	1.19095
0	1.18759
0	1.18448
0	1.18844
0	1.18777
0	1.1868
0	1.18397
0	1.1805
0	1.18635
0	1.17825
0	1.16621
0	1.17287
0	1.17753
0	1.17461
0	1.17444
0	1.17904
0	1.18318
0	1.18151
0	1.18002
0	1.17782
0	1.18728
0	1.18371
0	1.1802
0	1.18201
0	1.17619
0	1.17671
0	1.18077
0	1.1878
0	1.19432
0	1.19695
0	1.19687
0	1.1975
0	1.19352
0	1.19383
0	1.19012
0	1.19458
0	1.19728
0	1.19753
0	1.21207
0	1.20907
0	1.213
0	1.22203
0	1.23383
-1	1.22777
-1	1.2287
-1	1.22076
-1	1.21683
-1	1.2225
-1	1.21809
-1	1.21481
-1	1.22362
-1	1.23287
-1	1.22694
-1	1.2224
-1	1.21907
-1	1.21958
-1	1.2214
-1	1.22263
-1	1.2241
-1	1.21785
-1	1.21562
-1	1.21666
-1	1.21945
-1	1.21859
-1	1.21514
-1	1.21893
-1	1.22099
-1	1.21965
-1	1.21938
-1	1.22276
-1	1.22574
-1	1.23066
-1	1.22666
-1	1.22595
-1	1.22519
-1	1.22741
-1	1.22464
-1	1.22342
-1	1.22365
-1	1.22093
-1	1.21036
-1	1.21583
-1	1.21702
-1	1.21457
-1	1.21631
-1	1.21657
-1	1.22253
-1	1.22264
-1	1.22311
-1	1.22103
-1	1.22256
-1	1.22562
-1	1.2234
-1	1.22305
-1	1.2212
-1	1.22464
-1	1.22081
-1	1.22398
-1	1.22769
-1	1.22732
-1	1.22803
-1	1.22444
-1	1.22372
-1	1.22338
-1	1.22445
-1	1.22894
-1	1.22546
-1	1.22832
-1	1.22398
-1	1.2188
-1	1.21082
-1	1.21496
-1	1.21733
-1	1.21067
-1	1.21738
-1	1.22022
-1	1.21803
-1	1.2091
-1	1.21498
-1	1.21857
-1	1.21918
-1	1.21889
-1	1.21854
-1	1.21913
-1	1.21847
-1	1.22171
-1	1.22245
-1	1.21958
-1	1.21764
-1	1.21831
-1	1.2219
-1	1.21905
-1	1.21934
-1	1.21849
-1	1.21709
-1	1.21334
-1	1.21372
-1	1.21218
-1	1.20224
-1	1.20087
-1	1.20474
-1	1.19892
-1	1.19878
1	1.20074
1	1.20726
1	1.20399
1	1.20915
1	1.20833
1	1.20752
1	1.20911
1	1.20962
1	1.20955
1	1.20848
1	1.211
1	1.21016
1	1.21005
1	1.21016
1	1.20921
1	1.21019
1	1.21373
1	1.21356
1	1.2106
1	1.21163
1	1.2112
1	1.21096
1	1.21168
1	1.21111
1	1.20755
1	1.20645
1	1.20386
1	1.20419
1	1.20196
1	1.20132
1	1.20267
1	1.20411
1	1.20374
1	1.20141
1	1.20653
1	1.20622
1	1.20409
1	1.20312
1	1.20221
1	1.20605
1	1.2068
1	1.20474
1	1.20838
1	1.20738
1	1.20722
1	1.20658
1	1.20691
1	1.20777
1	1.21205
1	1.22006
1	1.21328
1	1.21765
1	1.21589
1	1.21298
1	1.21432
1	1.21239
1	1.21282
1	1.21448
1	1.21986
1	1.21834
1	1.21949
1	1.22472
1	1.22662
1	1.22628
1	1.22926
1	1.22898
1	1.23199
1	1.24736
1	1.24607
1	1.24675
1	1.2447
1	1.24908
1	1.24494
1	1.24469
1	1.24867
1	1.25453
1	1.26304
1	1.2634
1	1.25993
1	1.25811
1	1.26091
1	1.2563
1	1.24827
1	1.24433
1	1.24455
1	1.25451
1	1.25427
1	1.25143
1	1.24841
1	1.25177
1	1.25077
1	1.25478
1	1.25453
1	1.25629
1	1.25981
1	1.25477
1	1.24828
1	1.24895
1	1.24888
1	1.24526
1	1.2417
1	1.23851
1	1.23859
1	1.23934
1	1.23502
1	1.23783
1	1.23325
1	1.21836
1	1.22427
1	1.22462
1	1.21728
1	1.21642
1	1.21688
1	1.22219
1	1.22337
1	1.2209
1	1.22437
1	1.22591
1	1.22416
1	1.22168
1	1.22807
1	1.2306
-1	1.22906
-1	1.2261
-1	1.23291
-1	1.24421
-1	1.24282
-1	1.25615
-1	1.25766
-1	1.2536
-1	1.25841
-1	1.25792
-1	1.2635
-1	1.26024
-1	1.25899
-1	1.25356
-1	1.25833
-1	1.25375
-1	1.25486
-1	1.25609
-1	1.25402
-1	1.2531
-1	1.26089
-1	1.2573
-1	1.25792
-1	1.25518
-1	1.25772
-1	1.25725
-1	1.25953
-1	1.25463
-1	1.25322
-1	1.2429
-1	1.24158
-1	1.24667
-1	1.24916
-1	1.24744
-1	1.25198
-1	1.24671
-1	1.25076
-1	1.24654
-1	1.23586
-1	1.23207
-1	1.23356
-1	1.23079
-1	1.22958
-1	1.23503
-1	1.23476
-1	1.23744
-1	1.23284
-1	1.23633
-1	1.24263
-1	1.24826
-1	1.2486
-1	1.24448
-1	1.237
-1	1.24109
-1	1.2399
-1	1.24508
-1	1.24543
-1	1.2452
-1	1.24953
-1	1.25335
-1	1.25335
-1	1.24872
1	1.24932
1	1.24459
1	1.24561
1	1.25038
1	1.24736
1	1.24262
1	1.24105
1	1.23291
1	1.23686
1	1.2397
1	1.24174
1	1.24113
1	1.24281
1	1.23796
1	1.24056
1	1.24456
1	1.24394
1	1.24107
1	1.24216
1	1.24294
1	1.23966
1	1.23987
1	1.23827
1	1.23975
1	1.24
1	1.24318
1	1.24559
1	1.24488
1	1.24533
1	1.24527
1	1.24419
1	1.24024
1	1.24063
1	1.23667
1	1.23648
1	1.23669
1	1.23329
1	1.22135
1	1.2274
1	1.22821
1	1.22741
1	1.22731
1	1.22837
1	1.2326
1	1.23372
1	1.23493
1	1.23387
1	1.24759
1	1.24633
1	1.2498
1	1.25148
-1	1.25112
-1	1.2478
-1	1.24557
-1	1.24748
-1	1.25024
-1	1.25128
-1	1.25175
-1	1.24782
-1	1.25469
-1	1.25792
-1	1.25297
-1	1.25132
-1	1.24663
-1	1.25118
-1	1.24482
-1	1.24305
-1	1.24672
-1	1.24449
-1	1.24716
-1	1.24659
-1	1.25023
-1	1.25132
-1	1.25175
-1	1.25463
-1	1.26445
-1	1.26484
-1	1.25911
-1	1.25925
-1	1.25351
-1	1.24899
-1	1.25052
-1	1.25519
-1	1.25423
-1	1.25524
-1	1.25483
-1	1.25635
-1	1.25896
-1	1.25515
-1	1.2531
-1	1.25573
-1	1.25525
-1	1.25294
-1	1.24875
-1	1.25005
-1	1.24959
-1	1.24939
-1	1.25172
-1	1.25057
-1	1.24782
-1	1.25088
-1	1.25017
-1	1.2547
-1	1.25319
-1	1.2542
-1	1.25413
-1	1.25297
-1	1.24837
-1	1.25078
-1	1.24949
-1	1.25228
-1	1.25248
-1	1.25337
-1	1.2544
-1	1.25392
-1	1.25259
-1	1.2517
-1	1.25752
-1	1.25858
-1	1.25737
-1	1.25637
-1	1.25663
-1	1.25642
-1	1.25652
-1	1.25825
-1	1.25842
-1	1.26086
-1	1.25926
-1	1.25848
-1	1.2579
-1	1.25702
-1	1.25687
-1	1.25865
-1	1.25789
-1	1.25862
-1	1.253
-1	1.25412
-1	1.25691
-1	1.25711
-1	1.2558
-1	1.25337
-1	1.25293
-1	1.25388
-1	1.25344
-1	1.25395
-1	1.2539
-1	1.25479
-1	1.25493
-1	1.2564
-1	1.2564
-1	1.25728
-1	1.25578
-1	1.25497
-1	1.25762
-1	1.25815
-1	1.25854
-1	1.25931
-1	1.25951
-1	1.2638
-1	1.26253
-1	1.26223
-1	1.26484
-1	1.26719
-1	1.26955
-1	1.27464
-1	1.27626
-1	1.2803
-1	1.27649
-1	1.27604
-1	1.27302
-1	1.27683
-1	1.27918
-1	1.27837
-1	1.27374
-1	1.2666
-1	1.26675
-1	1.27253
-1	1.26549
-1	1.27046
-1	1.25883
-1	1.25074
-1	1.22339
-1	1.22944
-1	1.21117
-1	1.19002
1	1.2013
1	1.20933
1	1.21055
1	1.21876
1	1.22316
1	1.21783
1	1.21065
1	1.20859
1	1.21008
1	1.21233
1	1.20822
1	1.2142
1	1.21644
1	1.21907
1	1.21616
1	1.21606
1	1.21789
1	1.22071
1	1.22151
1	1.21925
1	1.21622
1	1.21646
1	1.21461
1	1.2116
1	1.2155
1	1.21777
1	1.21728
1	1.22031
1	1.22002
1	1.219
1	1.22085
1	1.22079
1	1.22271
1	1.22239
1	1.21981
1	1.21714
1	1.21914
1	1.22254
1	1.2304
1	1.23294
1	1.23214
1	1.23382
1	1.23432
1	1.23377
1	1.2322
1	1.23128
1	1.23291
1	1.23307
1	1.23282
1	1.23226
1	1.23342
1	1.23307
1	1.23244
1	1.23286
1	1.23163
1	1.23266
1	1.23274
1	1.23275
1	1.23326
1	1.2322
1	1.22713
1	1.22707
1	1.22718
1	1.23095
1	1.23229
1	1.23133
1	1.22754
1	1.22584
1	1.2236
1	1.22084
1	1.22134
1	1.22133
1	1.22361
1	1.22084
1	1.22316
1	1.25151
1	1.26498
1	1.27074
1	1.27241
1	1.27541
1	1.26979
1	1.27109
1	1.26774
1	1.27024
1	1.26476
1	1.25911
1	1.26288
1	1.26275
1	1.26535
1	1.26038
1	1.2544
1	1.2452
1	1.24649
1	1.24539
1	1.25583
1	1.266
1	1.25741
1	1.25647
1	1.25924
1	1.26199
1	1.26072
1	1.25504
1	1.25608
1	1.2568
1	1.25559
1	1.2557
1	1.25976
1	1.25904
1	1.26466
1	1.26578
1	1.26261
1	1.26267
1	1.26352
1	1.26253
1	1.26302
1	1.25821
1	1.25869
1	1.26231
1	1.2636
1	1.26078
1	1.26314
1	1.26165
1	1.25951
1	1.2578
1	1.258
1	1.25964
1	1.25914
1	1.25931
1	1.25972
1	1.25815
1	1.25705
-1	1.25531
-1	1.25861
-1	1.2596
-1	1.26145
-1	1.26218
-1	1.26206
-1	1.26424
-1	1.26193
-1	1.26122
-1	1.25961
-1	1.25883
-1	1.26172
-1	1.26174
-1	1.25781
-1	1.25678
-1	1.25223
-1	1.25102
-1	1.25074
-1	1.25787
-1	1.25382
-1	1.25132
-1	1.24903
-1	1.24881
-1	1.25046
-1	1.25126
-1	1.25159
-1	1.25306
-1	1.25306
-1	1.25306
-1	1.25306
-1	1.25306
-1	1.25306
-1	1.25663
-1	1.25377
-1	1.24942
-1	1.249
-1	1.24382
-1	1.24821
-1	1.24714
-1	1.2503
-1	1.24953
-1	1.2468
-1	1.24552
-1	1.24196
-1	1.24057
-1	1.23534
-1	1.23295
-1	1.23209
1	1.23309
1	1.23771
1	1.2384
1	1.23789
1	1.23885
1	1.24259
1	1.2408
1	1.24153
1	1.24051
1	1.23618
1	1.2291
1	1.23096
1	1.22274
1	1.21343
1	1.21592
1	1.21982
1	1.22303
1	1.22338
1	1.22127
1	1.21817
1	1.2223
1	1.22532
1	1.22377
1	1.22515
1	1.22595
1	1.22718
1	1.23098
1	1.22969
1	1.22737
1	1.22789
1	1.22484
1	1.22711
1	1.2294
1	1.2332
1	1.23066
1	1.23163
1	1.23049
1	1.23211
1	1.2311
1	1.23082
1	1.22947
1	1.23181
1	1.22968
1	1.22875
1	1.22824
1	1.22802
1	1.22483
1	1.22534
1	1.22547
1	1.22639
1	1.2283
1	1.22698
1	1.22771
1	1.22912
1	1.22969
1	1.22652
1	1.22698
1	1.22447
1	1.22272
1	1.22372
1	1.21965
1	1.22357
1	1.22416
1	1.22637
1	1.22436
1	1.22279
1	1.22687
1	1.22615
1	1.22516
1	1.22628
1	1.22473
1	1.22527
1	1.22545
1	1.2232
1	1.22425
1	1.22502
1	1.22292
1	1.22395
1	1.22885
1	1.23017
1	1.23035
1	1.2316
1	1.22968
1	1.22839
1	1.2281
1	1.22979
1	1.23256
1	1.23376
1	1.2342
1	1.23613
1	1.23535
1	1.23294
1	1.23356
1	1.22577
1	1.22685
1	1.22636
1	1.22761
1	1.22727
1	1.22842
1	1.22463
1	1.2185
1	1.21624
1	1.21752
1	1.21333
1	1.21651
1	1.21973
1	1.22286
1	1.22069
1	1.22301
1	1.22272
1	1.22126
1	1.22323
1	1.22775
1	1.22615
1	1.22623
1	1.22483
1	1.22479
1	1.22423
1	1.22649
1	1.22552
1	1.22478
1	1.22445
1	1.22956
1	1.22857
1	1.22885
1	1.23021
1	1.23198
1	1.23134
1	1.23035
1	1.23058
1	1.23001
1	1.23118
1	1.23193
1	1.22961
1	1.22952
1	1.22848
1	1.22787
1	1.22818
1	1.22665
1	1.22792
1	1.22866
1	1.22663
1	1.22802
1	1.22918
1	1.2292
1	1.2273
1	1.22661
1	1.22703
1	1.22781
1	1.22802
1	1.22705
1	1.2274
1	1.22792
1	1.22802
1	1.2352
1	1.23428
1	1.23612
1	1.23601
1	1.23376
1	1.23551
1	1.23519
1	1.2341
1	1.2345
1	1.23515
1	1.23704
1	1.2345
1	1.23659
1	1.24351
1	1.24366
1	1.24293
1	1.24484
1	1.24591
1	1.2448
1	1.24486
1	1.25204
1	1.25618
1	1.25226
1	1.24698
-1	1.24085
-1	1.24035
-1	1.24173
-1	1.24197
-1	1.23876
-1	1.24074
-1	1.24092
-1	1.24026
-1	1.24038
-1	1.23607
-1	1.23903
-1	1.24071
-1	1.24262
-1	1.24225
-1	1.24401
-1	1.24151
-1	1.24123
-1	1.24096
-1	1.2413
-1	1.24011
-1	1.24078
-1	1.24181
-1	1.24404
-1	1.24232
-1	1.23864
-1	1.23957
-1	1.24012
-1	1.24056
-1	1.23949
-1	1.24227
-1	1.24907
-1	1.24906
-1	1.24942
-1	1.25129
-1	1.25192
-1	1.2518
-1	1.24994
-1	1.24806
-1	1.24648
-1	1.24865
-1	1.24805
-1	1.24923
-1	1.24717
-1	1.2446
-1	1.24406
-1	1.24177
-1	1.24366
-1	1.2427
-1	1.24283
-1	1.2441
-1	1.2444
-1	1.24237
-1	1.24467
-1	1.24452
-1	1.24637
-1	1.24628
-1	1.24449
-1	1.24534
-1	1.24235
-1	1.24283
-1	1.24176
-1	1.23678
-1	1.23837
-1	1.2397
-1	1.23887
-1	1.23993
-1	1.24063
-1	1.24105
-1	1.24171
-1	1.24096
-1	1.24014
-1	1.24034
-1	1.24116
-1	1.24273
-1	1.24164
-1	1.24537
-1	1.24568
-1	1.24617
-1	1.24525
-1	1.24362
1	1.24461
1	1.24571
1	1.24677
1	1.24672
1	1.24434
1	1.2447
1	1.24543
1	1.24175
1	1.2396
1	1.23833
1	1.23786
1	1.23981
1	1.23982
1	1.23579
1	1.23071
1	1.22011
1	1.22244
1	1.2031
1	1.19237
1	1.20292
1	1.20187
1	1.20056
1	1.21238
1	1.21308
1	1.21131
1	1.21136
1	1.21027
1	1.20482
1	1.20597
1	1.20308
1	1.20754
1	1.2075
1	1.20948
1	1.20892
1	1.20762
1	1.20977
1	1.20526
1	1.20348
1	1.20242
1	1.20701
1	1.20415
1	1.20682
1	1.21026
1	1.21039
1	1.20957
1	1.21248
1	1.21355
1	1.21161
1	1.20982
1	1.20933
1	1.21053
1	1.21151
1	1.20974
1	1.21044
1	1.20921
1	1.20853
1	1.20752
1	1.20312
1	1.20032
1	1.2053
1	1.20925
1	1.2082
1	1.20736
1	1.20432
1	1.20529
1	1.20654
1	1.20538
1	1.20321
1	1.20285
1	1.2036
1	1.20437
1	1.20237
1	1.20139
1	1.20329
1	1.20255
1	1.2011
1	1.20135
1	1.20373
1	1.20791
1	1.20863
1	1.20719
1	1.20801
1	1.20617
1	1.2062
1	1.20666
1	1.20321
1	1.20317
1	1.20363
1	1.20479
1	1.20548
1	1.205
1	1.20411
1	1.20245
1	1.19929
1	1.20045
1	1.19455
1	1.19266
1	1.19331
1	1.1974
1	1.20072
1	1.20056
1	1.20743
1	1.20849
1	1.19915
1	1.20119
1	1.20411
1	1.20063
1	1.20096
1	1.20116
1	1.1996
1	1.20349
1	1.20524
1	1.20226
1	1.20232
1	1.20263
1	1.20459
1	1.20561
1	1.2048
1	1.20139
1	1.20074
1	1.20121
1	1.1996
1	1.19936
1	1.20002
1	1.19687
1	1.19876
1	1.19892
1	1.20051
1	1.20638
1	1.22022
1	1.2174
1	1.21693
1	1.21824
1	1.22388
1	1.21938
1	1.22051
1	1.21872
1	1.21857
1	1.21558
1	1.21662
1	1.21615
1	1.21337
1	1.21374
1	1.21439
1	1.21274
1	1.21461
1	1.21488
1	1.21717
1	1.21781
1	1.21652
1	1.21684
1	1.21857
1	1.21737
1	1.21686
1	1.21986
1	1.22271
1	1.22112
1	1.2194
1	1.21867
1	1.22093
1	1.22103
1	1.22249
1	1.22189
1	1.22202
1	1.22058
1	1.22126
1	1.22155
1	1.22283
1	1.2289
1	1.23022
1	1.23007
1	1.23092
1	1.22875
1	1.22915
1	1.23113
1	1.24912
1	1.25331
1	1.25182
-1	1.24885
-1	1.25196
-1	1.25619
-1	1.25336
-1	1.26511
-1	1.27034
-1	1.26951
-1	1.27211
-1	1.27247
-1	1.26847
-1	1.26613
-1	1.26377
-1	1.26316
-1	1.26689
-1	1.26676
-1	1.26655
-1	1.26184
-1	1.26455
-1	1.26335
-1	1.26529
-1	1.26413
-1	1.26511
-1	1.26474
-1	1.2692
-1	1.26796
-1	1.26576
-1	1.26841
-1	1.2685
-1	1.26975
-1	1.26564
-1	1.26563
-1	1.26247
-1	1.26454
-1	1.26839
-1	1.26902
-1	1.26925
-1	1.26585
-1	1.26452
-1	1.26331
-1	1.25629
-1	1.26218
-1	1.26332
-1	1.258
-1	1.26075
-1	1.26101
-1	1.26024
-1	1.26263
-1	1.2636
-1	1.26567
-1	1.26543
-1	1.26476
-1	1.26821
-1	1.26644
-1	1.26914
-1	1.2663
-1	1.26683
-1	1.26623
-1	1.2703
-1	1.26578
-1	1.26248
-1	1.26481
-1	1.26692
-1	1.26623
-1	1.26687
-1	1.26836
-1	1.26839
-1	1.266
-1	1.26505
-1	1.26583
-1	1.26823
-1	1.26773
-1	1.26415
-1	1.26308
-1	1.26537
-1	1.26338
-1	1.26511
-1	1.26849
-1	1.28605
-1	1.29919
-1	1.29254
-1	1.26685
-1	1.26773
-1	1.27136
-1	1.27132
-1	1.27383
-1	1.27805
-1	1.27685
-1	1.27571
-1	1.27367
-1	1.27152
-1	1.27589
-1	1.27689
-1	1.27788
-1	1.27618
-1	1.27668
-1	1.27688
-1	1.27616
-1	1.27879
-1	1.28034
-1	1.28184
-1	1.28172
-1	1.28101
-1	1.27609
-1	1.27505
-1	1.27318
-1	1.27543
-1	1.2757
-1	1.27553
-1	1.27728
-1	1.27433
-1	1.27546
-1	1.27638
-1	1.27551
-1	1.2769
-1	1.27978
-1	1.27826
-1	1.27683
-1	1.2766
-1	1.27938
-1	1.27833
-1	1.27713
-1	1.27502
-1	1.27378
-1	1.2726
-1	1.26126
-1	1.26734
-1	1.26913
-1	1.26861
-1	1.26902
-1	1.2653
-1	1.26472
-1	1.26289
-1	1.25769
-1	1.25958
-1	1.26167
-1	1.26052
-1	1.25925
-1	1.25395
-1	1.24414
-1	1.24232
-1	1.23987
1	1.2443
1	1.24396
1	1.24519
1	1.24726
1	1.25128
1	1.24912
1	1.24887
1	1.24769
1	1.24862
1	1.25393
1	1.25617
1	1.25489
1	1.25348
1	1.25047
1	1.25255
1	1.25397
1	1.25423
1	1.25065
1	1.24496
1	1.24655
1	1.24886
1	1.251
1	1.25076
1	1.24999
1	1.25503
1	1.25521
1	1.26061
1	1.26211
1	1.25972
1	1.25697
1	1.25632
1	1.25327
1	1.25671
1	1.25696
1	1.25604
1	1.25624
1	1.25941
1	1.25708
1	1.25701
1	1.25442
1	1.25672
1	1.257
1	1.2575
1	1.25513
1	1.25575
1	1.25623
1	1.25103
1	1.25202
1	1.25246
1	1.25306
1	1.25306
1	1.24452
1	1.24072
1	1.23387
1	1.23782
1	1.23993
1	1.23839
1	1.23887
1	1.24045
1	1.24235
1	1.24221
1	1.24085
1	1.24146
1	1.2423
1	1.24629
1	1.24547
1	1.24475
1	1.24601
1	1.24413
1	1.24771
1	1.24628
1	1.24459
1	1.24683
1	1.25422
1	1.25441
1	1.258
1	1.26195
1	1.27024
1	1.26604
1	1.26698
1	1.26769
1	1.27304
-1	1.27277
-1	1.27107
-1	1.26694
-1	1.26734
-1	1.27158
-1	1.26982
-1	1.26757
-1	1.26639
-1	1.26871
-1	1.26846
-1	1.26687
-1	1.26209
-1	1.26442
-1	1.26363
-1	1.26487
-1	1.26674
-1	1.26357
-1	1.26466
-1	1.26755
-1	1.26916
-1	1.27043
-1	1.26786
-1	1.26564
-1	1.26922
-1	1.26697
-1	1.26689
-1	1.26918
-1	1.27186
-1	1.27078
-1	1.27111
-1	1.27487
-1	1.27478
-1	1.27494
-1	1.27298
-1	1.27407
-1	1.27047
-1	1.27026
-1	1.2718
-1	1.2713
-1	1.26912
-1	1.26905
-1	1.26881
-1	1.26902
-1	1.27057
-1	1.27674
-1	1.2795
-1	1.2765
-1	1.27231
-1	1.27552
-1	1.27496
-1	1.27283
-1	1.27305
-1	1.27364
-1	1.27473
-1	1.27594
-1	1.27584
-1	1.27537
-1	1.27464
-1	1.27326
-1	1.27431
-1	1.27497
-1	1.27291
-1	1.26863
-1	1.27091
-1	1.27103
-1	1.26734
-1	1.26743
-1	1.26772
-1	1.26846
-1	1.26904
-1	1.27065
-1	1.27092
-1	1.26915
-1	1.26838
-1	1.26859
-1	1.26992
-1	1.26848
-1	1.26713
-1	1.26859
-1	1.26918
-1	1.27025
-1	1.26917
-1	1.26877
-1	1.26811
-1	1.26613
-1	1.26685
-1	1.26823
-1	1.26756
-1	1.26836
-1	1.2679
-1	1.26843
-1	1.26783
-1	1.26813
-1	1.26718
-1	1.26579
-1	1.26522
-1	1.26368
-1	1.26396
-1	1.26549
-1	1.26585
-1	1.26734
-1	1.26918
-1	1.26831
-1	1.26689
-1	1.26404
-1	1.26602
-1	1.26573
-1	1.26647
-1	1.26611
-1	1.26631
-1	1.26487
-1	1.26532
-1	1.2663
-1	1.2661
-1	1.26623
-1	1.26594
-1	1.26654
-1	1.26738
-1	1.26842
-1	1.27194
-1	1.26943
-1	1.27109
-1	1.27081
-1	1.27092
-1	1.27081
-1	1.27145
-1	1.27243
-1	1.27217
-1	1.2726
-1	1.27312
-1	1.27186
-1	1.26999
-1	1.26969
-1	1.27054
-1	1.27021
-1	1.26839
-1	1.26584
1	1.26668
1	1.26779
1	1.26799
1	1.26682
1	1.26799
1	1.26826
1	1.26775
1	1.26761
1	1.26801
1	1.27168
1	1.27119
1	1.27076
1	1.27022
1	1.27008
1	1.26858
1	1.26672
1	1.2674
1	1.26833
1	1.27019
1	1.27046
1	1.26882
1	1.2685
1	1.26979
1	1.26994
1	1.27043
1	1.26998
1	1.26884
1	1.26807
1	1.26693
1	1.26798
1	1.26694
1	1.26651
1	1.26699
1	1.26726
1	1.26753
1	1.26781
1	1.2664
1	1.26692
1	1.26722
1	1.26588
1	1.26611
1	1.26617
1	1.26651
1	1.26546
1	1.26472
1	1.263
1	1.26347
1	1.26133
1	1.25777
1	1.26135
1	1.26268
1	1.26196
1	1.26115
1	1.26353
1	1.26278
1	1.26168
1	1.25409
1	1.2542
1	1.25346
1	1.25506
1	1.25546
1	1.2491
1	1.25236
1	1.25493
1	1.25538
1	1.25436
1	1.25802
1	1.25816
1	1.258
1	1.25714
1	1.25743
1	1.2565
1	1.25521
1	1.25489
1	1.24721
1	1.24698
1	1.24896
1	1.25132
1	1.2532
1	1.25211
1	1.25502
1	1.25448
1	1.25175
1	1.25015
1	1.24501
1	1.24785
1	1.24794
1	1.25421
1	1.25359
1	1.25451
1	1.25588
1	1.25716
1	1.25651
1	1.25583
1	1.25341
1	1.25461
1	1.25365
1	1.25031
1	1.23677
1	1.23655
1	1.23957
1	1.23953
1	1.23979
1	1.23695
1	1.23523
1	1.23722
1	1.23761
1	1.23851
1	1.23648
1	1.2356
1	1.23312
1	1.2363
1	1.23601
1	1.23676
1	1.23735
1	1.23519
1	1.23529
1	1.2366
1	1.236
1	1.23965
1	1.24042
1	1.24588
-1	1.24402
-1	1.24765
-1	1.25519
-1	1.26655
-1	1.26363
-1	1.26444
-1	1.263
-1	1.26408
-1	1.26367
-1	1.2641
-1	1.26405
-1	1.26776
-1	1.26544
-1	1.26305
-1	1.26025
-1	1.26158
-1	1.26221
-1	1.26081
-1	1.25989
-1	1.25549
-1	1.254
-1	1.25676
-1	1.2558
-1	1.25907
-1	1.25816
-1	1.26104
-1	1.2601
-1	1.26033
-1	1.25342
-1	1.24927
-1	1.24778
-1	1.25283
-1	1.25074
-1	1.25179
-1	1.25367
-1	1.25141
-1	1.24999
-1	1.2464
-1	1.24935
-1	1.24864
-1	1.24899
-1	1.24889
-1	1.24878
-1	1.25368
-1	1.25529
-1	1.25627
-1	1.25648
-1	1.25507
-1	1.2566
-1	1.25311
-1	1.23668
-1	1.23868
-1	1.24032
-1	1.23087
-1	1.22392
-1	1.22829
1	1.23037
1	1.23675
1	1.23872
1	1.24503
-1	1.24324
-1	1.24056
-1	1.24423
-1	1.24403
-1	1.24298
-1	1.24057
-1	1.23885
-1	1.23871
-1	1.2373
-1	1.23881
-1	1.23683
-1	1.24401
-1	1.24172
-1	1.24129
-1	1.24244
-1	1.2457
-1	1.24582
-1	1.24312
-1	1.24405
-1	1.24653
-1	1.24414
-1	1.24302
-1	1.24412
-1	1.24289
-1	1.23971
-1	1.24118
-1	1.24266
-1	1.24472
-1	1.24503
-1	1.24458
-1	1.24413
-1	1.24516
-1	1.2508
-1	1.25298
-1	1.2542
-1	1.25079
-1	1.248
-1	1.25044
-1	1.24949
-1	1.2497
-1	1.25345
-1	1.25411
-1	1.25117
-1	1.25266
-1	1.25663
-1	1.25836
-1	1.25927
-1	1.2609
-1	1.25887
-1	1.25929
-1	1.26437
-1	1.26271
-1	1.26044
-1	1.26241
-1	1.26012
-1	1.26356
-1	1.26079
-1	1.26144
-1	1.26262
-1	1.2615
-1	1.25752
-1	1.25445
-1	1.25791
-1	1.25638
-1	1.25726
-1	1.25498
-1	1.25316
-1	1.24968
-1	1.25172
-1	1.25083
-1	1.2495
-1	1.25213
-1	1.25469
-1	1.25391
-1	1.2535
-1	1.25575
-1	1.25863
-1	1.25962
-1	1.257
-1	1.25499
-1	1.25786
-1	1.2546
-1	1.25505
-1	1.2537
-1	1.25643
-1	1.25794
-1	1.25806
-1	1.25752
-1	1.26074
-1	1.26065
-1	1.2599
-1	1.25889
-1	1.25777
-1	1.25947
-1	1.26085
-1	1.26007
-1	1.25888
-1	1.25785
-1	1.25779
-1	1.25469
-1	1.25454
-1	1.25687
-1	1.25544
-1	1.26062
-1	1.26853
-1	1.27902
-1	1.27737
-1	1.27673
-1	1.27575
-1	1.27499
-1	1.27784
-1	1.27816
-1	1.27459
-1	1.27473
-1	1.27091
-1	1.26947
-1	1.2718
-1	1.2738
-1	1.2722
-1	1.27356
-1	1.27283
-1	1.2721
-1	1.27342
-1	1.27574
-1	1.27406
-1	1.2755
-1	1.27478
-1	1.2743
-1	1.2721
-1	1.27334
-1	1.2724
-1	1.27118
-1	1.27229
-1	1.27293
-1	1.27022
-1	1.27496
-1	1.27453
-1	1.27376
-1	1.27445
-1	1.27268
-1	1.27231
-1	1.27219
-1	1.27313
-1	1.27163
-1	1.27176
-1	1.27225
-1	1.27123
-1	1.27291
-1	1.27381
-1	1.27423
-1	1.2747
-1	1.27355
-1	1.27091
-1	1.27488
-1	1.27421
-1	1.27158
-1	1.26666
-1	1.26754
-1	1.25574
-1	1.2574
-1	1.25632
-1	1.25418
-1	1.25107
-1	1.24994
1	1.25194
1	1.25088
1	1.24474
1	1.24583
1	1.24743
1	1.24717
1	1.25012
1	1.25264
1	1.24958
1	1.25055
1	1.25143
1	1.24779
1	1.24943
1	1.25084
1	1.25253
1	1.25855
1	1.26288
1	1.26023
1	1.26056
1	1.25878
1	1.25879
1	1.25621
1	1.25822
1	1.25794
1	1.25642
1	1.25757
1	1.25593
1	1.25558
1	1.25795
1	1.25731
1	1.25697
1	1.25728
1	1.25752
1	1.25708
1	1.25371
1	1.25455
1	1.24949
1	1.24945
1	1.25
1	1.24785
1	1.25118
1	1.25237
1	1.25264
1	1.2527
1	1.25201
1	1.25126
1	1.25276
1	1.25306
1	1.25285
1	1.25522
1	1.25453
1	1.25362
1	1.25366
1	1.25257
1	1.25252
1	1.25267
1	1.24954
1	1.25113
1	1.25028
1	1.25123
1	1.25267
1	1.25234
1	1.25197
1	1.25083
1	1.24915
1	1.24552
1	1.24692
1	1.24556
1	1.24807
1	1.24742
1	1.24827
1	1.24992
1	1.24805
1	1.24521
1	1.24357
1	1.24483
1	1.24209
1	1.2428
1	1.2455
1	1.24515
1	1.2466
1	1.24706
1	1.24541
1	1.24938
1	1.24556
1	1.24519
1	1.24683
1	1.24652
1	1.24266
1	1.24463
1	1.24656
1	1.24665
1	1.24587
1	1.24738
1	1.25162
1	1.25279
1	1.2556
1	1.25352
1	1.25444
1	1.2541
1	1.25507
1	1.2524
1	1.25161
1	1.25294
1	1.25203
1	1.25134
1	1.25212
1	1.2537
1	1.24915
1	1.24785
1	1.24921
1	1.24964
1	1.25125
1	1.25028
1	1.25208
1	1.25346
1	1.25296
1	1.24841
1	1.24966
1	1.2504
1	1.24891
1	1.24901
1	1.24644
1	1.2461
1	1.24866
1	1.24984
1	1.2513
1	1.25128
1	1.25091
1	1.251
1	1.25031
1	1.25061
1	1.25182
1	1.25386
1	1.25257
1	1.2519
1	1.25302
1	1.25201
1	1.25231
1	1.25004
1	1.24896
1	1.25026
1	1.25005
1	1.24899
1	1.25161
1	1.25122
1	1.25078
1	1.25185
1	1.25225
1	1.25046
1	1.24967
1	1.24879
1	1.24779
1	1.2486
1	1.24713
1	1.24714
1	1.24591
1	1.24771
1	1.24707
1	1.24623
1	1.24324
1	1.24234
1	1.24376
1	1.24625
1	1.24434
1	1.24131
1	1.2432
1	1.2422
1	1.24455
1	1.24367
1	1.24359
1	1.24618
1	1.2472
1	1.24652
1	1.24469
1	1.24525
1	1.24376
1	1.24239
1	1.24457
1	1.24567
1	1.2461
1	1.2447
1	1.24511
1	1.24288
1	1.24447
1	1.24489
1	1.24641
1	1.24755
1	1.24637
1	1.24568
1	1.24596
1	1.2456
1	1.2463
1	1.247
1	1.24644
1	1.2454
1	1.24422
1	1.2441
1	1.24509
1	1.24588
1	1.24619
1	1.24554
1	1.24547
1	1.24614
1	1.24478
1	1.24466
1	1.24388
1	1.24459
1	1.24501
1	1.24492
1	1.24531
1	1.24463
1	1.24477
1	1.24343
1	1.24494
1	1.24395
1	1.24369
1	1.24463
1	1.24359
1	1.24424
1	1.24648
1	1.24753
1	1.24644
1	1.24521
1	1.24591
1	1.24531
1	1.24465
1	1.24489
1	1.24369
1	1.24415
1	1.24482
1	1.24487
1	1.24583
1	1.24517
1	1.24537
1	1.24594
1	1.24554
1	1.24756
1	1.24741
1	1.25156
1	1.24943
1	1.25053
1	1.25096
1	1.24994
1	1.24954
1	1.24882
1	1.25
1	1.25011
1	1.25135
1	1.25578
1	1.2544
1	1.25518
1	1.25445
1	1.25454
1	1.25378
1	1.2541
1	1.25342
1	1.25334
1	1.2536
1	1.25386
1	1.25351
1	1.25063
1	1.25181
1	1.25212
1	1.25209
1	1.25094
1	1.25083
1	1.25026
1	1.24928
1	1.25001
1	1.24992
1	1.25068
1	1.25029
1	1.25021
1	1.2492
1	1.24974
1	1.24784
1	1.24894
1	1.2494
1	1.24862
1	1.24962
1	1.25041
1	1.25046
1	1.2517
1	1.25083
1	1.25072
1	1.24997
1	1.24983
1	1.24905
1	1.25015
1	1.25016
1	1.24945
1	1.24973
1	1.2496
1	1.24953
1	1.24947
1	1.24869
1	1.24659
1	1.24747
1	1.24697
1	1.24649
1	1.24522
1	1.24674
1	1.24619
1	1.2462
1	1.2461
1	1.2467
1	1.24744
1	1.24665
1	1.24555
1	1.24645
1	1.24615
1	1.2459
1	1.24636
1	1.24627
1	1.24452
1	1.24572
1	1.24671
1	1.24813
1	1.24774
1	1.24691
1	1.24674
1	1.24746
1	1.24994
1	1.251
1	1.25113
1	1.25173
1	1.25222
1	1.25189
1	1.25296
1	1.25219
1	1.25235
1	1.252
1	1.25111
1	1.25071
1	1.25157
1	1.25159
1	1.25073
1	1.2505
1	1.251
1	1.25098
1	1.25116
1	1.25191
1	1.2523
1	1.25135
1	1.24946
1	1.24741
1	1.2472
1	1.24586
1	1.24414
1	1.24357
1	1.2454
1	1.24446
1	1.24516
1	1.2454
1	1.24437
1	1.2438
1	1.24421
1	1.24552
1	1.2449
1	1.24589
1	1.24496
1	1.24515
1	1.24537
1	1.24484
1	1.24473
1	1.2443
1	1.24355
1	1.246
1	1.24638
1	1.24615
1	1.24771
1	1.24755
1	1.24637
1	1.24567
1	1.24509
1	1.24525
1	1.24528
1	1.24583
1	1.24255
1	1.2434
1	1.24353
1	1.24453
1	1.24447
1	1.24559
1	1.24467
1	1.24565
1	1.24552
1	1.24597
1	1.24489
1	1.24504
1	1.2444
1	1.24399
1	1.24533
1	1.24664
1	1.24615
1	1.24695
1	1.25068
1	1.25328
1	1.25797
1	1.25392
1	1.25576
1	1.25471
1	1.25464
1	1.25488
1	1.25461
1	1.25728
1	1.26358
1	1.26398
1	1.269
1	1.26776
1	1.26864
1	1.26614
1	1.26606
1	1.26556
1	1.26592
1	1.26291
1	1.26394
1	1.26575
1	1.26649
1	1.26734
1	1.2665
1	1.26412
1	1.26098
1	1.26245
1	1.26306
1	1.26301
1	1.26303
1	1.26403
1	1.2627
1	1.26227
1	1.26308
1	1.26325
1	1.26192
1	1.26271
1	1.26287
1	1.26252
1	1.25996
1	1.25925
1	1.2599
1	1.26237
1	1.26208
1	1.26232
1	1.26105
1	1.26155
1	1.26189
1	1.26232
1	1.26176
1	1.26174
1	1.26219
1	1.26465
1	1.2648
1	1.26405
1	1.26266
1	1.26326
1	1.26377
1	1.26351
1	1.26334
1	1.26352
1	1.26291
1	1.26355
1	1.2643
1	1.26506
1	1.26456
1	1.26303
1	1.26313
1	1.26203
1	1.26161
1	1.26295
1	1.26189
1	1.26205
1	1.26087
1	1.25983
1	1.25919
1	1.2607
1	1.26008
1	1.26323
1	1.26312
1	1.26937
1	1.26801
1	1.27169
1	1.2691
1	1.26769
1	1.26927
1	1.27442
1	1.29576
1	1.3001
1	1.29861
1	1.29941
1	1.30125
1	1.3002
1	1.29971
1	1.30189
1	1.3063
1	1.3019
1	1.29846
1	1.29996
1	1.30184
-1	1.29953
-1	1.29902
-1	1.29924
-1	1.29925
-1	1.29947
-1	1.30408
-1	1.30327
-1	1.30404
-1	1.31644
-1	1.31953
-1	1.32407
-1	1.32062
-1	1.32747
-1	1.32427
-1	1.32299
-1	1.32256
-1	1.32383
-1	1.32426
-1	1.32932
-1	1.33556
-1	1.32987
-1	1.33092
-1	1.33464
-1	1.34721
-1	1.35094
-1	1.35185
-1	1.34223
-1	1.34244
-1	1.3388
-1	1.33808
-1	1.34047
-1	1.34391
-1	1.34297
-1	1.34358
-1	1.34197
-1	1.3436
-1	1.34355
-1	1.3419
-1	1.33862
-1	1.33356
-1	1.33993
-1	1.34262
-1	1.34189
-1	1.34034
1	1.3436
1	1.34312
1	1.34437
1	1.34351
1	1.34246
1	1.34387
1	1.34264
1	1.34293
1	1.34119
1	1.34127
1	1.33941
1	1.34108
1	1.34032
1	1.34149
1	1.34373
1	1.34421
1	1.3434
1	1.34339
1	1.34213
1	1.3412
1	1.34474
1	1.34167
1	1.34405
1	1.34315
1	1.3431
1	1.34637
1	1.34419
1	1.34973
1	1.34857
1	1.34814
1	1.33956
1	1.34143
1	1.34816
1	1.34682
1	1.34624
1	1.34741
1	1.34764
1	1.3478
1	1.34713
1	1.34445
1	1.34389
1	1.34566
1	1.34599
1	1.348
1	1.34803
1	1.34668
1	1.34728
1	1.34901
1	1.35034
1	1.35747
-1	1.34674
-1	1.34454
-1	1.34364
-1	1.34209
-1	1.34454
-1	1.34607
-1	1.34812
-1	1.3468
-1	1.34458
-1	1.3472
-1	1.34747
-1	1.34687
-1	1.34801
-1	1.35051
-1	1.34901
-1	1.3474
-1	1.34938
-1	1.34768
-1	1.35044
-1	1.35254
-1	1.35172
-1	1.34877
-1	1.34933
-1	1.34892
-1	1.34655
-1	1.34636
-1	1.34078
-1	1.33578
-1	1.33621
-1	1.335
-1	1.33651
-1	1.33824
-1	1.33544
-1	1.33526
-1	1.33608
-1	1.33696
-1	1.33678
-1	1.33778
-1	1.33662
-1	1.33543
-1	1.336
-1	1.33517
-1	1.33341
-1	1.33447
-1	1.33504
-1	1.33574
-1	1.33736
-1	1.34057
-1	1.33905
-1	1.33816
-1	1.33995
-1	1.33803
-1	1.33765
-1	1.33495
-1	1.33571
-1	1.33812
-1	1.33847
-1	1.33908
-1	1.33838
-1	1.33972
-1	1.33885
-1	1.33857
-1	1.33832
-1	1.33796
-1	1.33712
-1	1.33947
-1	1.33756
-1	1.33906
-1	1.35186
-1	1.34575
-1	1.34905
-1	1.34646
-1	1.34386
-1	1.34114
-1	1.34483
-1	1.34822
-1	1.34346
-1	1.33984
-1	1.32998
-1	1.3353
-1	1.33524
-1	1.33713
-1	1.33738
-1	1.33838
-1	1.33578
-1	1.33602
-1	1.33833
-1	1.3391
-1	1.34052
-1	1.33981
-1	1.34053
-1	1.33663
-1	1.3362
-1	1.33505
-1	1.33297
-1	1.33092
-1	1.33317
-1	1.32975
-1	1.33162
-1	1.33363
-1	1.33378
-1	1.3364
-1	1.33596
-1	1.33625
-1	1.33655
-1	1.33625
-1	1.3354
-1	1.33578
-1	1.33457
-1	1.33166
-1	1.33339
-1	1.33481
-1	1.33324
-1	1.33374
-1	1.33526
-1	1.33651
-1	1.33949
-1	1.33806
-1	1.33833
-1	1.33761
-1	1.34084
-1	1.34165
-1	1.34002
-1	1.34055
-1	1.34534
-1	1.34394
-1	1.34274
-1	1.34269
-1	1.342
-1	1.34196
-1	1.34193
-1	1.3427
-1	1.34122
-1	1.34113
-1	1.34059
-1	1.34219
-1	1.34248
-1	1.34343
-1	1.34229
-1	1.34191
-1	1.34105
-1	1.33948
-1	1.34143
-1	1.34123
-1	1.34142
-1	1.3418
-1	1.34068
-1	1.34191
-1	1.3434
-1	1.34714
-1	1.35182
-1	1.34973
-1	1.34664
-1	1.34788
-1	1.3462
-1	1.34788
-1	1.34764
-1	1.3478
-1	1.34722
-1	1.34778
-1	1.34736
-1	1.34587
-1	1.34662
-1	1.34682
-1	1.34819
-1	1.35088
-1	1.34958
-1	1.35023
-1	1.34804
-1	1.34658
-1	1.34846
-1	1.35216
-1	1.35582
-1	1.35817
-1	1.35391
-1	1.35689
-1	1.35629
-1	1.35844
-1	1.3546
-1	1.3547
-1	1.35299
-1	1.35313
-1	1.3556
-1	1.35473
-1	1.35489
-1	1.35774
-1	1.36038
-1	1.3578
-1	1.35831
-1	1.35841
-1	1.35603
-1	1.35474
-1	1.35406
-1	1.35369
-1	1.34903
-1	1.34969
-1	1.34967
-1	1.34998
-1	1.35157
-1	1.35139
-1	1.35289
-1	1.3514
-1	1.35422
-1	1.35436
-1	1.35346
-1	1.35195
-1	1.35164
-1	1.35229
-1	1.35331
-1	1.35542
-1	1.35485
-1	1.35655
-1	1.37117
-1	1.37202
-1	1.37503
-1	1.37342
-1	1.37502
-1	1.37334
-1	1.37479
-1	1.37167
-1	1.36795
-1	1.36533
-1	1.36641
-1	1.36882
-1	1.36945
-1	1.36957
-1	1.3714
-1	1.37042
-1	1.37019
-1	1.37037
-1	1.3731
-1	1.37253
-1	1.37541
-1	1.37427
-1	1.37283
-1	1.37524
-1	1.37665
-1	1.38081
-1	1.37894
-1	1.38078
-1	1.37385
-1	1.37148
-1	1.37241
-1	1.3698
-1	1.36969
-1	1.37133
-1	1.36998
-1	1.37194
-1	1.374
-1	1.37418
-1	1.37474
-1	1.37493
-1	1.37395
-1	1.37292
-1	1.37398
-1	1.37294
-1	1.37256
-1	1.37452
-1	1.37627
-1	1.37533
-1	1.37283
-1	1.36627
-1	1.36842
-1	1.36886
-1	1.37079
-1	1.37094
-1	1.36629
-1	1.36564
-1	1.3658
-1	1.36551
-1	1.35745
-1	1.34916
-1	1.35093
-1	1.34936
-1	1.35076
-1	1.34768
-1	1.34435
-1	1.34532
-1	1.34869
-1	1.34947
-1	1.34888
-1	1.35108
-1	1.35416
-1	1.35445
-1	1.35141
-1	1.3511
-1	1.34831
-1	1.35044
-1	1.35347
-1	1.3532
-1	1.35339
-1	1.35793
-1	1.36064
-1	1.35877
-1	1.35903
-1	1.35975
-1	1.36034
-1	1.359
-1	1.35772
-1	1.35749
-1	1.35793
-1	1.35817
-1	1.35806
-1	1.35734
-1	1.35617
-1	1.35958
-1	1.35853
-1	1.36306
-1	1.35641
-1	1.35536
-1	1.3542
-1	1.3532
-1	1.35587
-1	1.35525
-1	1.35618
-1	1.35603
-1	1.35617
-1	1.3557
-1	1.35617
-1	1.35605
-1	1.35568
-1	1.35552
-1	1.35489
-1	1.35391
-1	1.35487
-1	1.35463
-1	1.35642
-1	1.35665
-1	1.35698
-1	1.3578
-1	1.35663
-1	1.3564
-1	1.35558
-1	1.35619
-1	1.35705
-1	1.35813
-1	1.35744
-1	1.35808
-1	1.35747
-1	1.35742
-1	1.35602
-1	1.35593
-1	1.35715
-1	1.35693
-1	1.35784
-1	1.35926
-1	1.35849
-1	1.35797
-1	1.35669
-1	1.35735
-1	1.35711
-1	1.35682
-1	1.35725
-1	1.35593
-1	1.35646
-1	1.35626
-1	1.35741
-1	1.35763
-1	1.35783
-1	1.35736
-1	1.35459
-1	1.3537
-1	1.35482
-1	1.35502
1	1.3555
1	1.35478
1	1.35634
1	1.35659
1	1.3567
1	1.35325
1	1.35116
1	1.35247
1	1.35235
1	1.35302
1	1.35168
1	1.3509
1	1.3499
1	1.34973
1	1.35064
1	1.35127
1	1.35175
1	1.35216
1	1.35175
1	1.35175
1	1.35021
1	1.35354
1	1.35287
1	1.35311
1	1.3528
1	1.35126
1	1.34993
1	1.3515
1	1.35228
1	1.35051
1	1.35299
1	1.35391
1	1.35451
1	1.3544
1	1.35394
1	1.35335
1	1.35243
1	1.35191
1	1.35115
1	1.35144
1	1.35298
1	1.35112
1	1.34648
1	1.34898
1	1.34885
1	1.34931
1	1.35082
1	1.35041
1	1.35064
1	1.35053
1	1.35012
1	1.34931
1	1.34929
1	1.34987
1	1.35012
1	1.35073
1	1.35137
1	1.35206
1	1.3536
1	1.35295
1	1.35257
1	1.35241
1	1.35301
1	1.35312
1	1.35347
1	1.3524
1	1.35228
1	1.35388
1	1.35423
1	1.35413
1	1.35393
1	1.35347
1	1.3535
1	1.3538
1	1.35276
1	1.35216
1	1.35137
1	1.3512
1	1.35083
1	1.35142
1	1.35155
1	1.35169
1	1.35195
1	1.35074
1	1.34976
1	1.34884
1	1.3501
1	1.3496
1	1.34967
1	1.35034
1	1.34947
1	1.34941
1	1.34926
1	1.3499
1	1.34994
1	1.35098
1	1.35201
1	1.35265
1	1.3526
1	1.35374
1	1.35391
1	1.3536
1	1.35247
1	1.35132
1	1.35184
1	1.35369
1	1.3537
1	1.35365
1	1.35238
1	1.35213
1	1.35267
1	1.35412
1	1.35333
1	1.36009
1	1.36098
1	1.36171
1	1.35965
1	1.35253
1	1.35249
1	1.35464
1	1.35588
1	1.35405
1	1.35205
1	1.35263
1	1.35492
1	1.35595
1	1.3553
1	1.35313
1	1.35355
1	1.35351
1	1.35273
1	1.35125
1	1.35125
1	1.35233
1	1.35217
1	1.34123
1	1.33477
1	1.33173
1	1.33494
1	1.33627
1	1.33785
1	1.33634
1	1.33545
1	1.33803
1	1.34153
1	1.33963
1	1.33902
1	1.33837
1	1.33764
1	1.33797
1	1.33713
1	1.33626
1	1.3373
1	1.3379
1	1.33829
1	1.33698
1	1.33695
1	1.33865
1	1.33838
1	1.3367
1	1.33471
1	1.33433
1	1.33517
1	1.33443
1	1.3334
1	1.33152
1	1.33117
1	1.33308
1	1.3349
1	1.33508
1	1.33528
1	1.33446
1	1.33329
1	1.33325
1	1.33366
1	1.33186
1	1.33343
1	1.33359
1	1.33302
1	1.32825
1	1.31908
1	1.31959
1	1.31898
1	1.31735
1	1.3161
1	1.31776
1	1.31543
1	1.31019
1	1.31332
1	1.31206
1	1.31343
1	1.31429
1	1.31146
1	1.31377
1	1.313
1	1.31146
1	1.30814
1	1.3101
1	1.31156
1	1.3126
1	1.31424
1	1.31484
1	1.31684
1	1.31533
1	1.31528
1	1.31476
1	1.31516
1	1.31742
1	1.318
1	1.31754
1	1.31726
1	1.31877
1	1.31609
1	1.31497
1	1.31511
1	1.31402
1	1.31452
1	1.31392
1	1.31375
1	1.31369
1	1.31506
1	1.31429
1	1.31553
1	1.31653
1	1.31713
1	1.31653
1	1.31554
1	1.31509
1	1.3137
1	1.31332
1	1.31416
1	1.31193
1	1.3087
1	1.31037
1	1.30327
1	1.30662
1	1.31178
1	1.31078
1	1.31266
1	1.31325
1	1.31514
1	1.3149
1	1.31576
1	1.31435
1	1.31549
1	1.31406
1	1.3141
1	1.31463
1	1.31661
1	1.31619
1	1.31708
1	1.31842
1	1.31847
1	1.31831
1	1.31955
1	1.3256
1	1.32412
1	1.32629
1	1.32584
1	1.32654
1	1.32699
1	1.32873
1	1.3291
1	1.32637
1	1.32542
1	1.32553
1	1.32612
1	1.33097
1	1.33332
1	1.33417
1	1.33336
1	1.33549
1	1.3337
1	1.33424
1	1.33551
1	1.33835
1	1.35286
1	1.35572
1	1.35784
1	1.35635
1	1.35156
1	1.35227
1	1.3523
1	1.35367
1	1.35487
1	1.35576
1	1.35212
1	1.34684
1	1.35022
1	1.3498
1	1.34429
1	1.34709
1	1.34555
1	1.34699
1	1.35019
1	1.34788
1	1.3491
1	1.34859
1	1.34936
1	1.34677
1	1.34553
1	1.33988
1	1.34021
1	1.34908
1	1.34654
1	1.34519
1	1.34622
1	1.34592
1	1.34752
1	1.34862
1	1.34979
1	1.35039
1	1.35344
1	1.35744
-1	1.35424
-1	1.35421
-1	1.35295
-1	1.35533
-1	1.35355
-1	1.35369
-1	1.3527
-1	1.35529
-1	1.35416
-1	1.35359
-1	1.35575
-1	1.3557
-1	1.35505
-1	1.35277
-1	1.35237
-1	1.35299
-1	1.35115
-1	1.35258
-1	1.35205
-1	1.34916
-1	1.34731
-1	1.34987
-1	1.34815
-1	1.34769
-1	1.34814
-1	1.35058
-1	1.34815
-1	1.34817
-1	1.3467
-1	1.34878
-1	1.34855
-1	1.34778
-1	1.349
-1	1.34879
-1	1.35128
-1	1.35071
-1	1.34859
-1	1.34365
-1	1.34366
-1	1.3391
-1	1.3401
-1	1.34358
-1	1.34298
-1	1.34221
-1	1.31489
-1	1.30678
-1	1.30668
-1	1.30163
-1	1.30382
-1	1.30385
-1	1.30606
-1	1.30307
-1	1.30149
-1	1.30283
-1	1.30112
-1	1.30559
-1	1.30624
-1	1.30614
-1	1.30683
-1	1.30798
-1	1.30406
-1	1.30517
-1	1.30462
-1	1.30387
-1	1.30343
-1	1.30586
-1	1.3067
-1	1.30897
-1	1.31398
-1	1.31192
-1	1.3148
-1	1.31167
-1	1.31106
-1	1.31101
-1	1.3045
-1	1.30574
-1	1.30766
-1	1.30816
-1	1.30886
-1	1.30818
-1	1.30616
-1	1.30556
-1	1.30359
-1	1.30831
-1	1.30836
-1	1.30719
-1	1.30492
-1	1.3065
-1	1.30846
-1	1.30721
-1	1.3056
-1	1.30425
-1	1.3056
-1	1.30361
-1	1.30351
-1	1.30472
-1	1.30327
-1	1.29666
-1	1.29144
-1	1.3017
1	1.30206
1	1.29774
1	1.30068
1	1.29752
1	1.29163
1	1.28201
1	1.28409
1	1.28506
1	1.28193
1	1.28939
1	1.29066
1	1.29055
1	1.28834
1	1.28792
1	1.29245
1	1.29117
1	1.28927
1	1.28885
1	1.28649
1	1.28263
1	1.28499
1	1.28658
1	1.2865
1	1.28798
1	1.2891
1	1.2911
1	1.28952
1	1.2882
1	1.28975
1	1.28825
1	1.28734
1	1.28936
1	1.29284
1	1.29283
1	1.29148
1	1.29079
1	1.28948
1	1.29032
1	1.28909
1	1.2883
1	1.29058
1	1.29073
1	1.28575
1	1.28638
1	1.28701
1	1.28774
1	1.28872
1	1.28814
1	1.28668
1	1.28599
1	1.28665
1	1.28765
1	1.2842
1	1.2832
1	1.28022
1	1.27658
1	1.278
1	1.28165
1	1.28586
1	1.28934
1	1.28774
1	1.28421
1	1.28327
1	1.28609
1	1.28757
1	1.28397
1	1.28362
1	1.28161
1	1.28072
1	1.28062
1	1.27433
1	1.2721
1	1.27366
1	1.27501
1	1.27689
1	1.26924
1	1.27219
1	1.2749
1	1.27252
1	1.26967
1	1.27247
1	1.26497
1	1.26343
1	1.26558
1	1.26091
1	1.25322
1	1.25772
1	1.25415
1	1.25425
1	1.25912
1	1.2602
1	1.25862
1	1.2601
1	1.25848
1	1.25927
1	1.25977
1	1.26353
1	1.26225
1	1.25913
1	1.26061
1	1.26284
1	1.25953
1	1.2598
1	1.26036
1	1.26242
1	1.25607
1	1.26189
1	1.26249
1	1.26021
1	1.26065
1	1.25934
1	1.25846
1	1.26017
1	1.25711
1	1.2592
1	1.26053
1	1.26168
1	1.26301
1	1.26259
1	1.26383
1	1.26401
1	1.26303
1	1.26112
1	1.26003
1	1.26014
1	1.2594
1	1.25998
1	1.25655
1	1.25672
1	1.25684
1	1.25044
1	1.24578
1	1.24927
1	1.24333
1	1.24737
1	1.25641
1	1.25311
1	1.25507
1	1.25171
1	1.2527
1	1.25079
1	1.24963
1	1.25314
1	1.25221
1	1.25317
1	1.25445
1	1.25178
1	1.24958
1	1.24762
1	1.24987
1	1.25009
1	1.25244
1	1.25393
1	1.25734
1	1.25743
1	1.25925
1	1.25856
1	1.25682
1	1.26146
1	1.25455
1	1.25327
1	1.25755
1	1.2528
1	1.25221
1	1.25224
1	1.25316
1	1.25488
1	1.25131
1	1.25179
1	1.24848
1	1.25173
1	1.2514
1	1.25144
1	1.24468
1	1.2461
1	1.2451
1	1.24649
1	1.24665
1	1.24236
1	1.23985
1	1.22204
1	1.22195
1	1.22048
1	1.21736
1	1.2191
1	1.2214
1	1.21801
1	1.21695
1	1.22017
1	1.22085
1	1.2184
1	1.21736
1	1.21899
1	1.21651
1	1.21553
1	1.21674
1	1.21897
1	1.21814
1	1.21833
1	1.21659
1	1.21907
1	1.21745
1	1.21504
1	1.21491
1	1.21276
1	1.21494
1	1.21726
1	1.21788
1	1.2182
1	1.21621
1	1.21551
1	1.21564
1	1.2159
1	1.21779
1	1.21841
1	1.21924
1	1.2192
1	1.21962
1	1.21912
1	1.22039
1	1.21861
1	1.21999
1	1.2211
1	1.22261
1	1.22035
1	1.21899
1	1.21965
1	1.22033
1	1.21976
1	1.21959
1	1.2183
1	1.21726
1	1.21674
1	1.21558
1	1.21659
1	1.2143
1	1.21571
1	1.21521
1	1.21664
1	1.21553
1	1.21607
1	1.21474
1	1.21417
1	1.21602
1	1.21671
1	1.21624
1	1.21758
1	1.21766
1	1.21785
1	1.21858
1	1.21989
1	1.21995
1	1.22065
1	1.21764
1	1.21683
1	1.21624
1	1.21678
1	1.21856
1	1.21892
1	1.22611
1	1.22432
1	1.22565
1	1.22529
1	1.22668
1	1.23418
1	1.23204
1	1.23364
1	1.23104
1	1.23348
1	1.23632
1	1.23627
1	1.2347
1	1.23359
1	1.23131
1	1.23067
1	1.2317
1	1.2332
1	1.23264
1	1.23357
1	1.23265
1	1.23438
1	1.23427
1	1.23534
1	1.23318
1	1.23179
1	1.23237
1	1.23376
1	1.23472
1	1.24056
1	1.23804
1	1.24237
1	1.24294
1	1.24147
1	1.24077
1	1.24229
1	1.24132
1	1.23819
1	1.23722
1	1.22747
1	1.22904
1	1.2332
1	1.23435
1	1.2263
1	1.22946
1	1.22699
1	1.22959
1	1.23155
1	1.23128
1	1.22974
1	1.23274
1	1.23034
1	1.22976
1	1.22985
1	1.23079
1	1.23136
1	1.2319
1	1.23116
1	1.23107
1	1.23006
1	1.23098
1	1.23129
1	1.23141
1	1.23123
1	1.23111
1	1.23019
1	1.23141
1	1.23538
1	1.23695
1	1.237
1	1.23518
1	1.23627
1	1.23657
1	1.23615
1	1.23472
1	1.23275
1	1.23293
1	1.2332
1	1.22968
1	1.22912
1	1.22841
1	1.22962
1	1.22926
1	1.2306
1	1.23355
1	1.23232
1	1.23476
1	1.2334
1	1.23191
1	1.23183
1	1.23217
1	1.23366
1	1.23301
1	1.2329
1	1.23339
1	1.2334
1	1.22952
1	1.22834
1	1.2228
1	1.22405
1	1.22604
1	1.22266
1	1.22892
1	1.23296
1	1.23095
1	1.2322
1	1.22907
1	1.2289
1	1.22776
1	1.22687
1	1.22411
1	1.22835
1	1.2252
1	1.22631
1	1.2251
1	1.22664
1	1.22565
1	1.22673
1	1.22799
1	1.22742
1	1.22738
1	1.2285
1	1.22748
1	1.22775
1	1.22797
1	1.22466
1	1.22872
1	1.231
1	1.23127
1	1.23217
1	1.23295
1	1.23021
1	1.23122
1	1.22995
1	1.22495
1	1.22515
1	1.2409
1	1.24494
1	1.24142
1	1.2402
1	1.23844
1	1.24009
1	1.23681
1	1.23509
1	1.23812
1	1.23777
1	1.23735
1	1.23926
1	1.24014
1	1.23892
1	1.23874
1	1.23732
1	1.23621
1	1.23789
1	1.23796
1	1.23539
1	1.23409
1	1.23603
1	1.23476
1	1.23225
1	1.22926
1	1.22445
1	1.22596
1	1.22554
1	1.22503
1	1.22725
1	1.22242
1	1.21887
1	1.21315
1	1.21715
1	1.21826
1	1.2206
1	1.21884
1	1.21968
1	1.2207
1	1.22051
1	1.22356
1	1.22386
1	1.2228
1	1.22519
1	1.22945
1	1.22637
1	1.22697
1	1.22634
1	1.22467
1	1.22484
1	1.2234
1	1.23497
1	1.23272
1	1.23381
1	1.23212
1	1.21961
1	1.22406
1	1.22151
1	1.21589
1	1.21597
1	1.21678
1	1.21826
1	1.21932
1	1.22145
1	1.2098
1	1.21663
1	1.22019
1	1.2217
1	1.22189
1	1.22122
1	1.22493
1	1.21979
1	1.22003
1	1.22188
1	1.22026
1	1.22266
1	1.22197
1	1.22431
1	1.22365
1	1.22245
1	1.22541
1	1.22417
1	1.22141
1	1.22188
1	1.22337
1	1.22335
1	1.22495
1	1.22545
1	1.22557
1	1.22672
1	1.22924
1	1.22733
1	1.22767
1	1.22853
1	1.22646
1	1.22565
1	1.22535
1	1.22586
1	1.22594
1	1.22345
1	1.22286
1	1.22024
1	1.22157
1	1.22282
1	1.22284
1	1.22285
1	1.22315
1	1.22353
1	1.22029
1	1.22137
1	1.22138
1	1.22296
1	1.22316
1	1.21975
1	1.22194
1	1.22246
1	1.2233
1	1.22303
1	1.22411
1	1.22373
1	1.22081
1	1.22147
1	1.22031
1	1.21681
1	1.21676
1	1.21798
1	1.21901
1	1.22105
1	1.22409
1	1.22243
1	1.22033
1	1.22048
1	1.21928
1	1.21934
1	1.21855
1	1.2203
1	1.21964
1	1.22247
1	1.21972
1	1.22296
1	1.22231
1	1.22209
1	1.22319
1	1.2215
1	1.22246
1	1.22315
1	1.22276
1	1.22204
1	1.22024
1	1.21796
1	1.21817
1	1.21654
1	1.21802
1	1.22256
1	1.22108
1	1.22061
1	1.22026
1	1.22048
1	1.22209
1	1.22298
1	1.22242
1	1.22035
1	1.22103
1	1.22981
1	1.23243
1	1.23455
1	1.2359
1	1.23247
1	1.23064
1	1.22644
1	1.22747
1	1.22896
1	1.23215
1	1.2433
1	1.24627
1	1.24752
1	1.24837
1	1.25762
1	1.25988
1	1.25741
1	1.26122
1	1.2607
1	1.26008
1	1.26123
1	1.2599
1	1.25695
1	1.2615
1	1.26228
1	1.26291
1	1.26631
1	1.26832
-1	1.26664
-1	1.26286
-1	1.26153
-1	1.26273
-1	1.26423
-1	1.26698
-1	1.2666
-1	1.26584
-1	1.26522
-1	1.26686
-1	1.26681
-1	1.26413
-1	1.26446
-1	1.26328
-1	1.26461
-1	1.26576
-1	1.26456
-1	1.26417
-1	1.26568
-1	1.26709
-1	1.26705
-1	1.26713
-1	1.26908
-1	1.26573
-1	1.26586
-1	1.26712
-1	1.26689
-1	1.26543
-1	1.26433
-1	1.26628
-1	1.26745
-1	1.27894
-1	1.27846
-1	1.28194
-1	1.28285
-1	1.28374
-1	1.28584
-1	1.2882
-1	1.28574
-1	1.2879
-1	1.29289
-1	1.29406
-1	1.29069
-1	1.29095
-1	1.29249
-1	1.29199
-1	1.29822
-1	1.32731
-1	1.32985
-1	1.3372
-1	1.33165
-1	1.33111
-1	1.32642
-1	1.33191
-1	1.3285
-1	1.32296
-1	1.32221
-1	1.32536
-1	1.3287
-1	1.32533
-1	1.32981
-1	1.33071
-1	1.33103
-1	1.33027
-1	1.32899
-1	1.33027
-1	1.32992
-1	1.32961
-1	1.3309
-1	1.32629
-1	1.3271
-1	1.32932
-1	1.32638
-1	1.32721
-1	1.32093
-1	1.29756
-1	1.26165
-1	1.24432
-1	1.23772
-1	1.22943
1	1.25405
1	1.26794
1	1.2594
1	1.26273
1	1.26075
1	1.27973
1	1.27519
1	1.26622
1	1.26281
1	1.2628
1	1.26958
1	1.26644
1	1.26402
1	1.26802
1	1.27504
1	1.31186
1	1.30209
1	1.30418
1	1.29673
1	1.28735
1	1.28787
1	1.28259
1	1.29828
1	1.29187
1	1.29288
1	1.29565
1	1.28936
1	1.29156
1	1.29277
1	1.28902
1	1.29249
1	1.29248
1	1.29584
1	1.2984
1	1.29724
1	1.30142
1	1.29968
1	1.29782
1	1.29567
1	1.29334
1	1.29431
1	1.28489
1	1.28737
1	1.28653
1	1.28846
1	1.28938
1	1.28497
1	1.2931
1	1.29369
1	1.29213
1	1.29153
1	1.29019
1	1.29364
1	1.29107
1	1.29291
1	1.29186
1	1.29499
1	1.2937
1	1.29833
1	1.29647
1	1.29134
1	1.29118
1	1.29414
1	1.2942
1	1.28343
1	1.28796
1	1.29
1	1.28909
1	1.28834
1	1.29127
1	1.2964
1	1.29453
1	1.29603
1	1.29298
1	1.29497
1	1.30635
1	1.29298
1	1.3008
1	1.29786
1	1.29999
1	1.2982
1	1.2999
1	1.30188
1	1.30574
1	1.30709
1	1.30733
1	1.30929
1	1.3222
1	1.33359
1	1.32857
1	1.31961
1	1.32312
1	1.32871
1	1.32419
1	1.31794
1	1.31908
1	1.32116
1	1.32175
1	1.3277
1	1.32548
1	1.32147
1	1.32299
1	1.32097
1	1.32028
1	1.3183
1	1.3113
1	1.31233
1	1.31525
1	1.31345
1	1.31521
1	1.31319
1	1.31131
1	1.31256
1	1.31885
1	1.31547
1	1.31514
1	1.31802
1	1.31716
1	1.31473
1	1.31533
1	1.31246
1	1.31178
1	1.31159
1	1.31026
1	1.31231
1	1.31288
1	1.31563
1	1.3151
1	1.31547
1	1.31651
1	1.31582
1	1.3159
1	1.31778
1	1.31526
1	1.31551
1	1.31331
1	1.3133
1	1.31496
1	1.3164
1	1.31422
1	1.31605
1	1.31593
1	1.313
1	1.31029
1	1.30349
1	1.30536
1	1.30379
1	1.30389
1	1.30479
1	1.30301
1	1.3033
1	1.30692
1	1.30785
1	1.30582
1	1.30746
1	1.30735
1	1.30692
1	1.30462
1	1.30608
1	1.30889
1	1.30882
1	1.30435
1	1.30607
1	1.30839
1	1.29189
1	1.29543
1	1.30154
1	1.30479
1	1.30019
1	1.29843
1	1.2947
1	1.29739
1	1.29837
1	1.30067
1	1.30553
1	1.30056
1	1.30191
1	1.30632
1	1.30393
1	1.30401
1	1.30545
1	1.3048
1	1.30154
1	1.30187
1	1.30215
1	1.30494
1	1.30973
1	1.30809
1	1.31152
1	1.30878
1	1.31052
1	1.30853
1	1.30841
1	1.3092
1	1.30938
1	1.30892
1	1.30849
1	1.30878
1	1.3111
1	1.31143
1	1.31221
1	1.30953
1	1.31084
1	1.30751
1	1.30871
1	1.30802
1	1.30774
1	1.30779
1	1.30756
1	1.30581
1	1.3054
1	1.30664
1	1.30611
1	1.30628
1	1.30709
1	1.30845
1	1.31
1	1.31084
1	1.31033
1	1.3108
1	1.31005
1	1.30954
1	1.30997
1	1.31241
1	1.31045
1	1.31074
1	1.31226
1	1.31096
1	1.31035
1	1.31
1	1.31002
1	1.30831
1	1.30848
1	1.30878
1	1.30929
1	1.30826
1	1.30925
1	1.30953
1	1.30835
1	1.30759
1	1.30821
1	1.30812
1	1.30626
1	1.30728
1	1.30661
1	1.30745
1	1.30696
1	1.30594
1	1.30608
1	1.30605
1	1.3063
1	1.30558
1	1.30695
1	1.30894
1	1.30841
1	1.3078
1	1.30772
1	1.30667
1	1.30756
1	1.30962
1	1.30931
1	1.31126
1	1.31005
1	1.31032
1	1.30973
1	1.30911
1	1.30806
1	1.30908
1	1.30913
1	1.30622
1	1.30625
1	1.30595
1	1.30589
1	1.30669
1	1.30546
1	1.30487
1	1.30103
1	1.30104
1	1.30376
1	1.30251
1	1.30134
1	1.30197
1	1.3024
1	1.3052
1	1.30622
1	1.30485
1	1.30451
1	1.30541
1	1.30433
1	1.304
1	1.30448
1	1.30425
1	1.30521
1	1.30438
1	1.30273
1	1.30335
1	1.30415
1	1.30307
1	1.30266
1	1.30188
1	1.30354
1	1.3044
1	1.30362
1	1.30368
1	1.30237
1	1.30018
1	1.30067
1	1.30029
1	1.30007
1	1.29844
1	1.29942
1	1.29947
1	1.30052
1	1.30201
1	1.30151
1	1.30129
1	1.30166
1	1.3021
1	1.30216
1	1.30221
1	1.30292
1	1.30351
1	1.30478
1	1.3047
1	1.30471
1	1.30565
1	1.30577
1	1.30483
1	1.306
1	1.30623
1	1.30646
1	1.3068
1	1.30701
1	1.306
1	1.30601
1	1.30708
1	1.30728
1	1.30616
1	1.30572
1	1.30545
1	1.305
1	1.30565
1	1.30726
1	1.30662
1	1.30403
1	1.30402
1	1.3041
1	1.3037
1	1.30246
1	1.30291
1	1.30325
1	1.3032
1	1.3041
1	1.30474
1	1.30574
1	1.30666
1	1.30637
1	1.30717
1	1.30662
1	1.30625
1	1.31013
1	1.31174
1	1.31977
1	1.33075
1	1.33278
-1	1.32335
-1	1.32666
-1	1.32232
-1	1.32495
-1	1.32614
-1	1.32603
-1	1.32848
-1	1.32827
-1	1.32287
-1	1.32332
-1	1.32292
-1	1.32162
-1	1.31987
-1	1.31103
-1	1.31017
-1	1.31052
-1	1.31023
-1	1.30342
-1	1.30806
-1	1.30839
-1	1.30884
-1	1.31365
-1	1.3152
-1	1.31074
-1	1.31246
-1	1.31244
-1	1.31277
-1	1.31189
-1	1.31102
-1	1.31194
-1	1.3116
-1	1.31162
-1	1.30452
-1	1.30706
-1	1.30758
-1	1.30767
-1	1.3082
-1	1.3056
-1	1.30545
-1	1.27971
-1	1.272
-1	1.27785
-1	1.27547
-1	1.2755
-1	1.27401
-1	1.27098
-1	1.27568
-1	1.27583
-1	1.27453
-1	1.27466
-1	1.27371
-1	1.27191
-1	1.27426
-1	1.27767
-1	1.27407
-1	1.2683
-1	1.27107
-1	1.27196
-1	1.27436
-1	1.27425
-1	1.27601
-1	1.27697
-1	1.27898
-1	1.27791
-1	1.27756
-1	1.27599
-1	1.27614
-1	1.27642
-1	1.27512
-1	1.27543
-1	1.27644
-1	1.27425
-1	1.27292
-1	1.27405
-1	1.27368
-1	1.27302
-1	1.27414
-1	1.27335
-1	1.27402
-1	1.27441
-1	1.27287
-1	1.27304
-1	1.2751
-1	1.27581
-1	1.2761
-1	1.27516
-1	1.27625
-1	1.27318
-1	1.26992
-1	1.27165
-1	1.27111
-1	1.26918
-1	1.27061
-1	1.26657
-1	1.25444
-1	1.25434
-1	1.2571
-1	1.25578
-1	1.25481
-1	1.25931
-1	1.26559
-1	1.26458
-1	1.25758
-1	1.26171
-1	1.26191
-1	1.26039
-1	1.25898
-1	1.25523
-1	1.25725
-1	1.25107
-1	1.25019
-1	1.24737
-1	1.2425
-1	1.24553
-1	1.24255
-1	1.24518
-1	1.23513
-1	1.24082
-1	1.24439
-1	1.2488
-1	1.24884
-1	1.24853
-1	1.24833
-1	1.25227
-1	1.25038
-1	1.25468
-1	1.25388
-1	1.25351
-1	1.25254
-1	1.24946
-1	1.25284
-1	1.25508
-1	1.25174
-1	1.25269
-1	1.25145
-1	1.25293
-1	1.24694
-1	1.24934
-1	1.24756
-1	1.24819
-1	1.24987
-1	1.24832
-1	1.24711
-1	1.24874
-1	1.25144
-1	1.25019
-1	1.24843
-1	1.24873
-1	1.24626
-1	1.24721
-1	1.2472
-1	1.2489
-1	1.24949
-1	1.25105
-1	1.24867
-1	1.24931
-1	1.24945
-1	1.25295
-1	1.25297
-1	1.25154
-1	1.25205
-1	1.2544
-1	1.25261
-1	1.25172
-1	1.25076
-1	1.25072
-1	1.24774
-1	1.24907
-1	1.24874
-1	1.24928
-1	1.2486
-1	1.25067
-1	1.25023
-1	1.25133
-1	1.2521
-1	1.25155
-1	1.25328
-1	1.25195
-1	1.25145
-1	1.25904
-1	1.25426
-1	1.25232
-1	1.25225
-1	1.24903
-1	1.24989
-1	1.25017
-1	1.27159
-1	1.27364
-1	1.26619
-1	1.26984
-1	1.27236
-1	1.27931
-1	1.27362
-1	1.27107
-1	1.27378
-1	1.27236
-1	1.2704
-1	1.27152
-1	1.27156
-1	1.27235
-1	1.27553
-1	1.27668
-1	1.2761
-1	1.27968
-1	1.28157
-1	1.28503
-1	1.28532
-1	1.28266
-1	1.28011
-1	1.27903
-1	1.28095
-1	1.28355
-1	1.27966
-1	1.27896
-1	1.27849
-1	1.27894
-1	1.27896
-1	1.28064
-1	1.28362
-1	1.28322
-1	1.28237
-1	1.28107
-1	1.27943
-1	1.27799
-1	1.27938
-1	1.27619
-1	1.27761
-1	1.2748
-1	1.27197
-1	1.27453
-1	1.27245
-1	1.27471
-1	1.27368
-1	1.26851
-1	1.26956
-1	1.27125
-1	1.27219
-1	1.2714
-1	1.27244
-1	1.27321
-1	1.27274
-1	1.27134
-1	1.27262
-1	1.27075
-1	1.27247
-1	1.27201
-1	1.27105
-1	1.27139
-1	1.27078
-1	1.26953
-1	1.27314
-1	1.27654
-1	1.27627
-1	1.27603
-1	1.27883
-1	1.27777
-1	1.27867
-1	1.27805
-1	1.28124
-1	1.28013
-1	1.28034
-1	1.27918
-1	1.278
-1	1.27825
-1	1.27918
-1	1.2796
-1	1.27742
-1	1.27832
-1	1.27508
1	1.27602
1	1.27781
1	1.27597
1	1.27375
1	1.27216
1	1.27336
1	1.26425
1	1.26317
1	1.26072
1	1.2597
1	1.26478
1	1.26616
1	1.26452
1	1.25981
1	1.26055
1	1.25912
1	1.26116
1	1.26019
1	1.26289
1	1.26339
1	1.26294
1	1.26842
1	1.26556
1	1.27077
1	1.26984
1	1.27526
1	1.28175
1	1.27523
1	1.27697
1	1.2726
1	1.27038
1	1.26932
1	1.26296
1	1.26516
1	1.26522
1	1.2639
1	1.26866
1	1.26793
1	1.26394
1	1.27264
1	1.27688
1	1.28722
1	1.29313
-1	1.2907
-1	1.29537
-1	1.30198
-1	1.30115
-1	1.2989
-1	1.29844
-1	1.29606
-1	1.29172
-1	1.29528
-1	1.29769
-1	1.29576
-1	1.29415
-1	1.29608
-1	1.29684
-1	1.2932
-1	1.29468
-1	1.29727
-1	1.29616
-1	1.29592
-1	1.29448
-1	1.29682
-1	1.29818
-1	1.29703
-1	1.29597
-1	1.29844
-1	1.29826
-1	1.29846
-1	1.29834
-1	1.29868
-1	1.29947
-1	1.29933
-1	1.30076
-1	1.30321
-1	1.30036
-1	1.29952
-1	1.30002
-1	1.30155
-1	1.29943
-1	1.2984
-1	1.29742
-1	1.29671
-1	1.29388
-1	1.29771
-1	1.29679
-1	1.2981
-1	1.29763
-1	1.29642
-1	1.29625
-1	1.29809
-1	1.29822
-1	1.30139
-1	1.30643
-1	1.30499
-1	1.30592
-1	1.30239
-1	1.30132
-1	1.30102
-1	1.30131
-1	1.30258
-1	1.29666
-1	1.29656
-1	1.2971
-1	1.28881
-1	1.28088
-1	1.28347
-1	1.28454
-1	1.28787
-1	1.2881
-1	1.28446
-1	1.29046
-1	1.28941
-1	1.28757
-1	1.28814
-1	1.2892
-1	1.29152
-1	1.28951
-1	1.29076
-1	1.28951
-1	1.28825
-1	1.28741
-1	1.28708
-1	1.28717
-1	1.28168
-1	1.28355
-1	1.28516
-1	1.28362
-1	1.28627
-1	1.28762
-1	1.28943
-1	1.28605
-1	1.28806
-1	1.28788
-1	1.28832
-1	1.28717
-1	1.28597
-1	1.28691
-1	1.28697
-1	1.28492
-1	1.28354
-1	1.28434
-1	1.28429
-1	1.2868
-1	1.28676
-1	1.28571
-1	1.28689
-1	1.28751
-1	1.28902
-1	1.29029
-1	1.29133
-1	1.29054
-1	1.29038
-1	1.30833
-1	1.30865
-1	1.30631
-1	1.30505
-1	1.30753
-1	1.3051
-1	1.30571
-1	1.30519
-1	1.30193
-1	1.30296
-1	1.30425
-1	1.30484
-1	1.30455
-1	1.30429
-1	1.30294
-1	1.30345
-1	1.30468
-1	1.30295
-1	1.30249
1	1.30263
1	1.30294
1	1.30142
1	1.29953
1	1.29879
1	1.29697
1	1.29689
1	1.29826
1	1.29919
1	1.29834
1	1.2967
1	1.29607
1	1.29781
1	1.29907
1	1.29862
1	1.29814
1	1.30005
1	1.29783
1	1.29905
1	1.30031
1	1.29839
1	1.29842
1	1.30078
1	1.30201
1	1.30118
1	1.29257
1	1.29199
1	1.29456
1	1.29446
1	1.30153
1	1.30195
1	1.30139
1	1.30142
1	1.30962
1	1.30568
1	1.30259
1	1.30745
1	1.30655
1	1.31002
1	1.31996
1	1.3177
1	1.31658
1	1.32031
1	1.31928
1	1.31942
1	1.31996
1	1.31466
1	1.31605
1	1.31613
1	1.31451
1	1.31193
1	1.31093
1	1.31316
1	1.31588
1	1.31918
1	1.3168
1	1.31567
1	1.31578
1	1.31612
1	1.31576
1	1.31719
1	1.31593
1	1.31584
1	1.31693
1	1.31697
1	1.31847
1	1.32043
1	1.31902
1	1.31804
1	1.31587
1	1.31668
1	1.31673
1	1.319
1	1.32508
1	1.32406
1	1.32143
1	1.31927
1	1.32136
1	1.31827
1	1.31488
1	1.31516
1	1.31581
1	1.31481
1	1.31267
1	1.31077
1	1.3102
1	1.30989
1	1.31134
1	1.31076
1	1.31003
1	1.30943
1	1.31067
1	1.31065
1	1.30914
1	1.3096
1	1.31063
1	1.30933
1	1.30938
1	1.31135
1	1.31143
1	1.31233
1	1.31143
1	1.31033
1	1.30554
1	1.30748
1	1.30923
1	1.30885
1	1.30753
1	1.30728
1	1.30888
1	1.30684
1	1.30728
1	1.3036
1	1.3054
1	1.30476
1	1.30548
1	1.30484
1	1.30536
1	1.30599
1	1.30538
1	1.30518
1	1.2975
1	1.29844
1	1.29717
1	1.29539
1	1.29122
1	1.29125
1	1.28046
1	1.27795
1	1.27718
1	1.27656
1	1.27399
1	1.27552
1	1.27708
1	1.27522
1	1.27889
1	1.28046
1	1.27867
1	1.2808
1	1.27969
1	1.2861
1	1.28322
1	1.28394
1	1.28736
1	1.28803
1	1.29075
1	1.29021
1	1.28969
0	28865.1
