0	1
0	1.00196
0	1.00137
0	1.00033
0	1.00133
0	1.00136
0	1.00182
0	1.00211
0	1.00134
0	1.00283
0	1.00644
0	1.00614
0	1.00381
0	1.00373
0	1.00515
0	1.00524
0	1.00454
0	1.0044
0	1.00323
0	1.00343
0	1.00522
0	1.00482
0	1.00424
0	1.00399
0	0.999787
0	0.998919
0	0.999295
0	0.999444
0	0.998287
0	0.999511
0	0.997458
0	0.998149
0	0.998881
0	0.999789
0	0.999973
0	1.00116
0	1.00094
0	1.00107
0	1.00109
0	1.00115
0	1.0007
0	0.999962
0	1.00004
0	0.999757
0	0.999365
0	0.999824
0	1.0003
0	1.00343
0	1.0024
0	1.0016
0	1.00338
0	1.00223
0	1.00278
0	1.00322
0	1.00396
0	1.00357
0	1.00253
0	1.0021
0	1.00229
0	1.00274
0	1.00256
0	1.00241
0	1.00291
0	1.00283
0	1.00248
0	1.00245
0	1.0023
0	1.00152
0	1.00131
0	1.00126
0	1.00131
0	1.00172
0	1.00072
0	1.00092
0	1.00047
0	0.999624
0	1.00013
0	1.00015
0	1.00049
0	1.00001
0	0.998925
0	0.998154
0	0.998752
0	0.999807
0	1.00091
0	0.999505
0	0.998381
0	0.999193
0	0.998831
0	0.998548
0	0.997406
0	0.999083
0	0.998268
0	0.9988
0	0.999551
0	0.999221
0	0.999273
0	0.999169
0	0.997981
0	0.997014
0	0.996605
0	0.995427
0	0.995539
0	0.983447
0	0.991245
0	0.996269
0	0.996062
0	0.995072
0	0.992189
0	0.994334
0	0.992397
0	0.992997
0	0.996042
0	0.995862
0	0.995544
0	0.99492
0	0.993783
0	0.991114
0	0.990665
0	0.992124
0	0.991259
0	0.990227
0	0.98731
0	0.984915
0	0.983044
0	0.986647
0	0.984175
0	0.98129
0	0.982791
0	0.98639
0	0.984253
0	0.983043
0	0.986591
0	0.986975
0	0.986457
0	0.986412
0	0.988255
0	0.990367
0	0.990576
0	0.992701
0	0.991567
0	0.991897
0	0.992714
0	0.99167
0	0.991703
0	0.99037
0	0.989494
0	0.9905
0	0.990055
0	0.990415
0	0.989641
0	0.989128
0	0.986478
0	0.987866
0	0.988548
0	0.988963
0	0.987301
0	0.987452
0	0.98807
0	0.985744
0	0.983502
0	0.97859
0	0.979733
0	0.982824
0	0.982381
0	0.98172
0	0.982886
0	0.982043
0	0.981142
0	0.981831
0	0.980449
0	0.979926
0	0.98212
0	0.982325
0	0.981258
0	0.982132
0	0.980967
0	0.981482
0	0.982311
0	0.981866
0	0.983383
0	0.987122
0	0.986707
0	0.98487
0	0.985742
0	0.985169
0	0.984975
0	0.985384
0	0.983633
0	0.983273
0	0.982375
0	0.981259
0	0.982157
0	0.983126
0	0.981259
0	0.981343
0	0.980984
0	0.980663
0	0.980615
0	0.988312
0	0.986283
0	0.988339
0	0.988025
0	0.987687
0	0.985736
0	0.986251
0	0.988017
0	0.986093
0	0.985666
0	0.985406
0	0.983281
0	0.983186
0	0.980258
0	0.98044
0	0.982757
0	0.982306
0	0.982442
0	0.983387
0	0.98162
0	0.980978
0	0.981918
0	0.98631
0	0.986261
0	0.985246
0	0.985096
0	0.9822
0	0.982177
0	0.981398
0	0.981657
0	0.980826
0	0.972914
0	0.969694
0	0.968185
0	0.968325
0	0.968598
0	0.968981
0	0.970762
0	0.969471
0	0.969221
0	0.969404
0	0.969956
0	0.969054
0	0.968486
0	0.969156
0	0.972151
0	0.970736
0	0.971463
0	0.970414
0	0.970955
0	0.97218
0	0.971463
0	0.970492
0	0.969652
0	0.969957
0	0.970159
0	0.970877
0	0.970113
0	0.970107
0	0.970092
0	0.9702
0	0.96978
0	0.969864
0	0.97022
0	0.969681
0	0.968885
0	0.967933
0	0.967843
0	0.966309
0	0.965659
0	0.966012
0	0.96753
0	0.967771
0	0.966231
0	0.964505
0	0.965748
0	0.966159
0	0.965638
0	0.963886
0	0.966054
0	0.966221
0	0.965342
0	0.966571
0	0.966988
0	0.966041
0	0.96534
0	0.964608
0	0.964398
0	0.963764
0	0.963071
0	0.965876
0	0.968523
0	0.970609
0	0.970595
0	0.969632
0	0.969376
0	0.969442
0	0.969554
0	0.968846
0	0.96606
0	0.965989
0	0.964039
0	0.960748
0	0.958486
0	0.958251
0	0.959778
0	0.956963
0	0.958067
0	0.955883
0	0.951485
0	0.940442
0	0.937693
0	0.934823
0	0.932983
0	0.932358
0	0.930644
0	0.924612
0	0.920606
0	0.918037
0	0.897699
0	0.904854
0	0.908343
0	0.90561
0	0.902025
0	0.911585
0	0.908161
0	0.908614
0	0.907825
0	0.908281
0	0.908259
0	0.907191
0	0.908657
0	0.901852
0	0.898792
0	0.898273
0	0.89786
0	0.892792
0	0.892354
0	0.894374
0	0.897447
0	0.898091
0	0.894603
0	0.895613
0	0.894298
0	0.894789
0	0.896402
0	0.896923
0	0.894817
0	0.892625
0	0.890427
0	0.888477
0	0.88699
0	0.887419
0	0.890398
0	0.892982
0	0.892051
0	0.888977
0	0.890247
0	0.889477
0	0.886846
0	0.885774
0	0.889939
0	0.891479
0	0.890421
0	0.888471
0	0.889332
0	0.887341
0	0.890669
0	0.888388
0	0.888743
0	0.88584
0	0.885939
0	0.88661
0	0.884218
0	0.878061
0	0.87561
0	0.878986
0	0.877073
0	0.876617
0	0.881818
0	0.880955
0	0.886643
0	0.886568
0	0.889581
0	0.889166
0	0.889607
0	0.9018
0	0.900745
0	0.889132
0	0.893864
0	0.880428
0	0.884452
0	0.886032
0	0.88619
0	0.886832
0	0.892714
0	0.890973
0	0.898883
0	0.896697
0	0.893223
0	0.888478
0	0.888778
0	0.891772
0	0.889391
0	0.890889
0	0.888291
0	0.888509
0	0.885733
0	0.889681
0	0.888332
0	0.890558
0	0.893578
0	0.893551
0	0.892951
0	0.890529
0	0.891123
0	0.890017
0	0.889039
0	0.889496
0	0.895913
0	0.897947
0	0.896828
0	0.895035
0	0.896832
0	0.899545
0	0.898891
0	0.901664
0	0.899217
0	0.900338
0	0.904085
0	0.902708
0	0.902133
0	0.907285
0	0.907968
0	0.919447
0	0.918676
0	0.91337
0	0.911698
0	0.912311
0	0.914467
0	0.908717
0	0.909084
0	0.910616
0	0.91007
0	0.905655
0	0.9081
0	0.906249
0	0.907652
0	0.909611
0	0.911297
0	0.909299
0	0.909959
0	0.909605
0	0.906145
0	0.903278
0	0.905194
0	0.902524
0	0.901299
0	0.889273
0	0.885835
0	0.887697
0	0.890625
0	0.90134
0	0.895698
0	0.898073
0	0.894334
0	0.893111
0	0.896633
0	0.896107
0	0.898163
0	0.897258
0	0.894133
0	0.894294
0	0.895837
0	0.894247
0	0.896334
0	0.894918
0	0.897078
0	0.895227
0	0.893905
0	0.895816
0	0.897359
0	0.897105
0	0.895984
0	0.897418
0	0.898752
0	0.900059
0	0.897506
0	0.896719
0	0.897167
0	0.896884
0	0.895259
0	0.89407
0	0.89377
0	0.895129
0	0.896559
0	0.897214
0	0.899105
0	0.90014
0	0.903512
0	0.901344
0	0.904537
0	0.903558
0	0.90261
0	0.900792
0	0.902444
0	0.901644
0	0.902353
0	0.902369
0	0.904004
0	0.910038
0	0.908085
0	0.907583
0	0.906093
0	0.908026
0	0.908286
0	0.909964
0	0.910161
0	0.907257
0	0.907378
0	0.909438
0	0.910571
0	0.910346
0	0.91283
0	0.90833
0	0.909572
0	0.909197
0	0.912726
0	0.912173
0	0.912773
0	0.909507
0	0.911205
0	0.908184
0	0.906873
0	0.908215
0	0.909325
0	0.910672
0	0.908536
0	0.90978
0	0.909292
0	0.908783
0	0.908209
0	0.909929
0	0.909762
0	0.910959
0	0.910167
0	0.909605
0	0.90832
0	0.908527
0	0.909225
0	0.907193
0	0.907299
0	0.907685
0	0.908453
0	0.907259
0	0.907965
0	0.908953
0	0.908761
0	0.908536
0	0.909311
0	0.908962
0	0.90952
0	0.91036
0	0.909548
0	0.910175
0	0.910499
0	0.91174
0	0.9115
0	0.91157
0	0.913095
0	0.913969
0	0.91237
0	0.908205
0	0.909844
0	0.910155
0	0.909506
0	0.910916
0	0.911157
0	0.911267
0	0.909627
0	0.908942
0	0.909101
0	0.909786
0	0.907645
0	0.910167
0	0.908768
0	0.907336
0	0.908511
0	0.908852
0	0.909145
0	0.908826
0	0.909877
0	0.910074
0	0.920913
0	0.922197
0	0.927547
0	0.924567
0	0.932118
0	0.945354
0	0.940529
0	0.94494
0	0.930728
0	0.931119
0	0.92728
0	0.930523
0	0.936981
0	0.946297
0	0.948676
0	0.946305
0	0.9453
0	0.944699
0	0.949273
0	0.944388
0	0.972953
0	0.972364
0	0.968461
0	0.968825
0	0.975259
0	0.976821
0	0.981613
0	0.978474
0	0.987006
0	1.00272
0	1.00165
0	0.994917
0	0.996251
0	0.996444
0	0.994866
0	0.99526
0	0.990053
0	0.990435
0	0.989864
0	0.989457
0	0.991118
0	0.991588
0	0.992078
0	1.00038
0	0.997242
0	0.997584
0	0.996025
0	0.996635
0	0.996824
0	0.998394
0	0.999463
0	0.996082
0	0.996489
0	0.997169
0	0.998784
0	0.996671
0	0.998094
0	1.00191
0	1.00221
0	0.999504
0	0.997748
0	0.994722
0	0.99027
0	0.991321
0	0.983706
0	0.979464
0	0.980108
0	0.979974
0	0.981743
0	0.983808
0	0.987298
0	0.986062
0	0.984276
0	0.983303
0	0.986501
0	0.984331
0	0.986621
0	0.982912
0	0.987558
0	0.996574
0	1.00137
0	0.99714
0	1.00315
0	1.02274
0	1.04221
0	1.04528
0	1.04799
0	1.07167
0	1.0893
0	1.07624
0	1.07018
0	1.07355
0	1.06989
0	1.07288
0	1.06899
0	1.06696
0	1.06983
0	1.0776
0	1.07586
0	1.07603
0	1.07763
0	1.08002
0	1.08242
0	1.08419
0	1.07852
0	1.08347
0	1.08348
0	1.07803
0	1.07649
0	1.07926
0	1.07698
0	1.07972
0	1.0745
0	1.07559
0	1.07479
0	1.07987
0	1.08008
0	1.07932
0	1.07997
0	1.07832
0	1.07317
1	1.07404
1	1.07606
1	1.07148
1	1.07644
1	1.07618
1	1.07841
1	1.07754
1	1.08379
1	1.08035
1	1.08895
1	1.08522
1	1.08377
1	1.08312
1	1.08325
1	1.08241
1	1.0859
1	1.08821
1	1.08769
1	1.0877
1	1.08961
1	1.08565
1	1.08947
1	1.10146
1	1.08705
1	1.0841
1	1.08517
1	1.08645
1	1.08789
1	1.08384
1	1.08551
1	1.08831
1	1.08129
1	1.08119
1	1.08204
1	1.07796
1	1.08182
1	1.08057
1	1.08079
1	1.08133
1	1.07894
1	1.08113
1	1.0835
1	1.08253
1	1.08694
1	1.08845
1	1.0964
1	1.10099
1	1.09897
1	1.10328
1	1.10415
1	1.10236
1	1.09954
1	1.13604
1	1.15277
1	1.17042
1	1.15414
1	1.1557
1	1.14951
1	1.15249
1	1.15868
-1	1.15342
-1	1.15202
-1	1.15407
-1	1.15084
-1	1.15375
-1	1.15554
-1	1.15994
-1	1.14959
-1	1.15171
-1	1.15432
-1	1.15339
-1	1.14889
-1	1.1479
-1	1.14365
-1	1.12945
-1	1.13912
-1	1.13403
-1	1.11518
-1	1.09805
-1	1.09258
-1	1.09677
-1	1.11803
-1	1.11072
-1	1.11047
-1	1.10077
-1	1.09643
-1	1.08449
1	1.08838
1	1.09285
1	1.09491
1	1.10534
1	1.09719
1	1.09938
1	1.10216
1	1.10159
1	1.10025
1	1.10412
1	1.10091
1	1.0964
1	1.08823
1	1.0932
1	1.10312
1	1.10995
1	1.11236
1	1.10985
1	1.11142
1	1.109
1	1.10853
1	1.1084
1	1.10794
1	1.10758
1	1.10124
1	1.10371
1	1.10302
1	1.1015
1	1.10436
1	1.10517
1	1.10669
1	1.10866
1	1.10831
1	1.10438
1	1.10222
1	1.1015
1	1.10412
1	1.1074
1	1.10589
1	1.10456
1	1.10515
1	1.10733
1	1.10987
1	1.11013
1	1.10675
1	1.10609
1	1.10467
1	1.10387
1	1.10064
1	1.09591
1	1.09405
1	1.09561
1	1.0911
1	1.09817
1	1.09501
1	1.09318
1	1.08415
1	1.09723
1	1.10466
1	1.09966
1	1.09984
1	1.09852
1	1.10705
1	1.11674
1	1.11382
-1	1.11261
-1	1.10567
-1	1.10718
-1	1.10306
-1	1.09355
-1	1.10252
-1	1.10335
-1	1.09868
-1	1.09396
-1	1.09201
-1	1.08101
-1	1.08473
-1	1.07865
-1	1.07566
-1	1.08453
-1	1.08633
-1	1.07845
-1	1.08357
-1	1.07816
-1	1.08903
-1	1.09029
-1	1.08925
-1	1.08545
-1	1.09114
-1	1.08217
-1	1.08736
-1	1.08201
-1	1.08542
-1	1.08876
-1	1.08521
-1	1.08709
-1	1.08498
-1	1.09075
-1	1.08984
-1	1.09713
-1	1.09151
-1	1.08886
-1	1.08711
-1	1.08612
-1	1.08697
-1	1.08423
-1	1.08374
-1	1.08328
-1	1.08597
-1	1.0793
1	1.08003
1	1.08184
1	1.08222
1	1.08275
1	1.08538
1	1.08794
1	1.08941
1	1.08842
1	1.08717
1	1.08228
1	1.0845
1	1.08278
1	1.08284
1	1.08386
1	1.08394
1	1.08038
1	1.08271
1	1.08293
1	1.08767
1	1.08768
1	1.08629
1	1.09145
1	1.09057
1	1.09055
1	1.09637
1	1.09752
1	1.09905
1	1.09763
1	1.0984
1	1.09987
1	1.09751
1	1.09832
1	1.09692
1	1.09036
1	1.09236
1	1.10566
1	1.10036
1	1.10406
1	1.10571
1	1.11131
1	1.1125
1	1.10829
1	1.10885
1	1.10486
1	1.10779
1	1.10347
1	1.11081
1	1.10373
1	1.10313
1	1.10504
1	1.10021
1	1.10476
1	1.10812
1	1.1047
1	1.10772
1	1.10982
1	1.10877
1	1.1074
1	1.1085
1	1.11053
1	1.11064
1	1.10734
1	1.10618
1	1.1047
1	1.10583
1	1.10298
1	1.10305
1	1.1041
1	1.10156
1	1.10106
1	1.10312
1	1.10225
1	1.10628
1	1.10984
1	1.11496
1	1.11529
1	1.11353
1	1.11115
1	1.11231
1	1.11179
1	1.10209
1	1.10553
1	1.10859
1	1.11872
1	1.11178
1	1.11114
1	1.11111
1	1.11153
1	1.11479
1	1.11459
1	1.11312
1	1.11734
1	1.11556
1	1.11427
1	1.11313
1	1.11192
1	1.11196
1	1.11448
1	1.13173
1	1.13303
1	1.14536
1	1.15115
1	1.15262
1	1.14046
1	1.14151
1	1.14693
1	1.14837
1	1.1455
1	1.1505
1	1.14939
1	1.15098
1	1.14924
1	1.14784
1	1.14912
1	1.14776
1	1.14648
1	1.14979
1	1.15116
1	1.15397
1	1.16613
1	1.16658
1	1.16068
1	1.15768
1	1.16305
1	1.16285
1	1.16587
1	1.16166
1	1.16078
1	1.16008
1	1.16156
1	1.16447
1	1.16478
1	1.17096
1	1.17525
1	1.18249
1	1.1903
1	1.19178
1	1.18973
1	1.18958
1	1.19764
1	1.20124
1	1.19095
1	1.18759
1	1.18448
1	1.18844
1	1.18777
1	1.1868
1	1.18397
1	1.1805
1	1.18635
1	1.17825
1	1.16621
1	1.17287
1	1.17753
1	1.17461
1	1.17444
1	1.17904
1	1.18318
1	1.18151
1	1.18002
1	1.17782
1	1.18728
1	1.18371
1	1.1802
1	1.18201
1	1.17619
1	1.17671
1	1.18077
1	1.1878
1	1.19432
1	1.19695
1	1.19687
1	1.1975
1	1.19352
1	1.19383
1	1.19012
1	1.19458
1	1.19728
1	1.19753
1	1.21207
1	1.20907
1	1.213
1	1.22203
1	1.23383
-1	1.22777
-1	1.2287
-1	1.22076
-1	1.21683
-1	1.2225
-1	1.21809
-1	1.21481
-1	1.22362
-1	1.23287
-1	1.22694
-1	1.2224
-1	1.21907
-1	1.21958
-1	1.2214
-1	1.22263
-1	1.2241
-1	1.21785
-1	1.21562
-1	1.21666
-1	1.21945
-1	1.21859
-1	1.21514
-1	1.21893
-1	1.22099
-1	1.21965
-1	1.21938
-1	1.22276
-1	1.22574
-1	1.23066
-1	1.22666
-1	1.22595
-1	1.22519
-1	1.22741
-1	1.22464
-1	1.22342
-1	1.22365
-1	1.22093
-1	1.21036
-1	1.21583
-1	1.21702
-1	1.21457
-1	1.21631
-1	1.21657
-1	1.22253
-1	1.22264
-1	1.22311
-1	1.22103
-1	1.22256
-1	1.22562
-1	1.2234
-1	1.22305
-1	1.2212
-1	1.22464
-1	1.22081
-1	1.22398
-1	1.22769
-1	1.22732
-1	1.22803
-1	1.22444
-1	1.22372
-1	1.22338
-1	1.22445
-1	1.22894
-1	1.22546
-1	1.22832
-1	1.22398
-1	1.2188
-1	1.21082
-1	1.21496
-1	1.21733
-1	1.21067
-1	1.21738
-1	1.22022
-1	1.21803
-1	1.2091
-1	1.21498
-1	1.21857
-1	1.21918
-1	1.21889
-1	1.21854
-1	1.21913
-1	1.21847
-1	1.22171
-1	1.22245
-1	1.21958
-1	1.21764
-1	1.21831
-1	1.2219
-1	1.21905
-1	1.21934
-1	1.21849
-1	1.21709
-1	1.21334
-1	1.21372
-1	1.21218
-1	1.20224
-1	1.20087
-1	1.20474
-1	1.19892
-1	1.19878
1	1.20074
1	1.20726
1	1.20399
1	1.20915
1	1.20833
1	1.20752
1	1.20911
1	1.20962
1	1.20955
1	1.20848
1	1.211
1	1.21016
1	1.21005
1	1.21016
1	1.20921
1	1.21019
1	1.21373
1	1.21356
1	1.2106
1	1.21163
1	1.2112
1	1.21096
1	1.21168
1	1.21111
1	1.20755
1	1.20645
1	1.20386
1	1.20419
1	1.20196
1	1.20132
1	1.20267
1	1.20411
1	1.20374
1	1.20141
1	1.20653
1	1.20622
1	1.20409
1	1.20312
1	1.20221
1	1.20605
1	1.2068
1	1.20474
1	1.20838
1	1.20738
1	1.20722
1	1.20658
1	1.20691
1	1.20777
1	1.21205
1	1.22006
1	1.21328
1	1.21765
1	1.21589
1	1.21298
1	1.21432
1	1.21239
1	1.21282
1	1.21448
1	1.21986
1	1.21834
1	1.21949
1	1.22472
1	1.22662
1	1.22628
1	1.22926
1	1.22898
1	1.23199
1	1.24736
1	1.24607
1	1.24675
1	1.2447
1	1.24908
1	1.24494
1	1.24469
1	1.24867
1	1.25453
1	1.26304
1	1.2634
1	1.25993
1	1.25811
1	1.26091
-1	1.2563
-1	1.24827
-1	1.24433
-1	1.24455
-1	1.25451
-1	1.25427
-1	1.25143
-1	1.24841
-1	1.25177
-1	1.25077
-1	1.25478
-1	1.25453
-1	1.25629
-1	1.25981
-1	1.25477
-1	1.24828
-1	1.24895
-1	1.24888
-1	1.24526
-1	1.2417
-1	1.23851
-1	1.23859
-1	1.23934
-1	1.23502
-1	1.23783
-1	1.23325
-1	1.21836
-1	1.22427
-1	1.22462
-1	1.21728
-1	1.21642
1	1.21688
1	1.22219
1	1.22337
1	1.2209
1	1.22437
1	1.22591
1	1.22416
1	1.22168
1	1.22807
1	1.2306
1	1.22906
1	1.2261
1	1.23291
1	1.24421
1	1.24282
1	1.25615
1	1.25766
1	1.2536
1	1.25841
1	1.25792
1	1.2635
-1	1.26024
-1	1.25899
-1	1.25356
-1	1.25833
-1	1.25375
-1	1.25486
-1	1.25609
-1	1.25402
-1	1.2531
-1	1.26089
-1	1.2573
-1	1.25792
-1	1.25518
-1	1.25772
-1	1.25725
-1	1.25953
-1	1.25463
-1	1.25322
-1	1.2429
-1	1.24158
-1	1.24667
-1	1.24916
-1	1.24744
-1	1.25198
-1	1.24671
-1	1.25076
-1	1.24654
-1	1.23586
-1	1.23207
-1	1.23356
-1	1.23079
-1	1.22958
-1	1.23503
-1	1.23476
-1	1.23744
-1	1.23284
-1	1.23633
-1	1.24263
-1	1.24826
-1	1.2486
-1	1.24448
-1	1.237
-1	1.24109
-1	1.2399
-1	1.24508
-1	1.24543
-1	1.2452
-1	1.24953
-1	1.25335
-1	1.25335
-1	1.24872
-1	1.24932
-1	1.24459
-1	1.24561
-1	1.25038
-1	1.24736
-1	1.24262
-1	1.24105
-1	1.23291
-1	1.23686
-1	1.2397
-1	1.24174
-1	1.24113
-1	1.24281
-1	1.23796
-1	1.24056
-1	1.24456
-1	1.24394
-1	1.24107
-1	1.24216
-1	1.24294
-1	1.23966
-1	1.23987
-1	1.23827
-1	1.23975
-1	1.24
-1	1.24318
-1	1.24559
-1	1.24488
-1	1.24533
-1	1.24527
-1	1.24419
-1	1.24024
-1	1.24063
-1	1.23667
-1	1.23648
-1	1.23669
-1	1.23329
-1	1.22135
-1	1.2274
1	1.22821
1	1.22741
1	1.22731
1	1.22837
1	1.2326
1	1.23372
1	1.23493
1	1.23387
1	1.24759
1	1.24633
1	1.2498
1	1.25148
1	1.25112
1	1.2478
1	1.24557
1	1.24748
1	1.25024
1	1.25128
1	1.25175
1	1.24782
1	1.25469
1	1.25792
1	1.25297
1	1.25132
1	1.24663
1	1.25118
1	1.24482
1	1.24305
1	1.24672
1	1.24449
1	1.24716
1	1.24659
1	1.25023
1	1.25132
1	1.25175
1	1.25463
1	1.26445
1	1.26484
1	1.25911
1	1.25925
1	1.25351
1	1.24899
1	1.25052
1	1.25519
1	1.25423
1	1.25524
1	1.25483
1	1.25635
1	1.25896
1	1.25515
1	1.2531
1	1.25573
1	1.25525
1	1.25294
1	1.24875
1	1.25005
1	1.24959
1	1.24939
1	1.25172
1	1.25057
1	1.24782
1	1.25088
1	1.25017
1	1.2547
1	1.25319
1	1.2542
1	1.25413
1	1.25297
1	1.24837
1	1.25078
1	1.24949
1	1.25228
1	1.25248
1	1.25337
1	1.2544
1	1.25392
1	1.25259
1	1.2517
1	1.25752
1	1.25858
1	1.25737
1	1.25637
1	1.25663
1	1.25642
1	1.25652
1	1.25825
1	1.25842
1	1.26086
1	1.25926
1	1.25848
1	1.2579
1	1.25702
1	1.25687
1	1.25865
1	1.25789
1	1.25862
1	1.253
1	1.25412
1	1.25691
1	1.25711
1	1.2558
1	1.25337
1	1.25293
1	1.25388
1	1.25344
1	1.25395
1	1.2539
1	1.25479
1	1.25493
1	1.2564
1	1.2564
1	1.25728
1	1.25578
1	1.25497
1	1.25762
1	1.25815
1	1.25854
1	1.25931
1	1.25951
1	1.2638
1	1.26253
1	1.26223
1	1.26484
1	1.26719
1	1.26955
1	1.27464
1	1.27626
1	1.2803
1	1.27649
1	1.27604
1	1.27302
1	1.27683
1	1.27918
1	1.27837
-1	1.27374
-1	1.2666
-1	1.26675
-1	1.27253
-1	1.26549
-1	1.27046
-1	1.25883
-1	1.25074
-1	1.22339
-1	1.22944
-1	1.21117
-1	1.19002
1	1.2013
1	1.20933
1	1.21055
1	1.21876
1	1.22316
1	1.21783
1	1.21065
1	1.20859
1	1.21008
1	1.21233
1	1.20822
1	1.2142
1	1.21644
1	1.21907
1	1.21616
1	1.21606
1	1.21789
1	1.22071
1	1.22151
1	1.21925
1	1.21622
1	1.21646
1	1.21461
1	1.2116
1	1.2155
1	1.21777
1	1.21728
1	1.22031
1	1.22002
1	1.219
1	1.22085
1	1.22079
1	1.22271
1	1.22239
1	1.21981
1	1.21714
1	1.21914
1	1.22254
1	1.2304
1	1.23294
1	1.23214
1	1.23382
1	1.23432
1	1.23377
1	1.2322
1	1.23128
1	1.23291
1	1.23307
1	1.23282
1	1.23226
1	1.23342
1	1.23307
1	1.23244
1	1.23286
1	1.23163
1	1.23266
1	1.23274
1	1.23275
1	1.23326
1	1.2322
1	1.22713
1	1.22707
1	1.22718
1	1.23095
1	1.23229
1	1.23133
1	1.22754
1	1.22584
1	1.2236
1	1.22084
1	1.22134
1	1.22133
1	1.22361
1	1.22084
1	1.22316
1	1.25151
1	1.26498
1	1.27074
1	1.27241
1	1.27541
1	1.26979
1	1.27109
1	1.26774
1	1.27024
1	1.26476
1	1.25911
1	1.26288
1	1.26275
1	1.26535
1	1.26038
1	1.2544
1	1.2452
1	1.24649
1	1.24539
1	1.25583
1	1.266
1	1.25741
1	1.25647
1	1.25924
1	1.26199
1	1.26072
1	1.25504
1	1.25608
1	1.2568
1	1.25559
1	1.2557
1	1.25976
1	1.25904
1	1.26466
1	1.26578
1	1.26261
1	1.26267
1	1.26352
1	1.26253
1	1.26302
1	1.25821
1	1.25869
1	1.26231
1	1.2636
1	1.26078
1	1.26314
1	1.26165
1	1.25951
1	1.2578
1	1.258
1	1.25964
1	1.25914
1	1.25931
1	1.25972
1	1.25815
1	1.25705
1	1.25531
1	1.25861
1	1.2596
1	1.26145
1	1.26218
1	1.26206
1	1.26424
1	1.26193
1	1.26122
1	1.25961
1	1.25883
1	1.26172
1	1.26174
1	1.25781
1	1.25678
1	1.25223
1	1.25102
1	1.25074
1	1.25787
1	1.25382
1	1.25132
1	1.24903
1	1.24881
1	1.25046
1	1.25126
1	1.25159
1	1.25306
1	1.25306
1	1.25306
1	1.25306
1	1.25306
1	1.25306
1	1.25663
1	1.25377
1	1.24942
1	1.249
1	1.24382
1	1.24821
1	1.24714
1	1.2503
1	1.24953
1	1.2468
1	1.24552
1	1.24196
1	1.24057
1	1.23534
1	1.23295
1	1.23209
1	1.23309
1	1.23771
1	1.2384
1	1.23789
1	1.23885
1	1.24259
1	1.2408
1	1.24153
1	1.24051
1	1.23618
1	1.2291
1	1.23096
1	1.22274
1	1.21343
1	1.21592
1	1.21982
1	1.22303
1	1.22338
1	1.22127
1	1.21817
1	1.2223
1	1.22532
1	1.22377
1	1.22515
1	1.22595
1	1.22718
1	1.23098
1	1.22969
1	1.22737
1	1.22789
1	1.22484
1	1.22711
1	1.2294
1	1.2332
1	1.23066
1	1.23163
1	1.23049
1	1.23211
1	1.2311
1	1.23082
1	1.22947
1	1.23181
1	1.22968
1	1.22875
1	1.22824
1	1.22802
1	1.22483
1	1.22534
1	1.22547
1	1.22639
1	1.2283
1	1.22698
1	1.22771
1	1.22912
1	1.22969
1	1.22652
1	1.22698
0	1.22447
0	1.22272
0	1.22372
0	1.21965
0	1.22357
0	1.22416
0	1.22637
0	1.22436
0	1.22279
0	1.22687
0	1.22615
0	1.22516
0	1.22628
0	1.22473
0	1.22527
0	1.22545
0	1.2232
0	1.22425
0	1.22502
0	1.22292
0	1.22395
0	1.22885
0	1.23017
0	1.23035
0	1.2316
0	1.22968
0	1.22839
0	1.2281
0	1.22979
0	1.23256
0	1.23376
0	1.2342
0	1.23613
0	1.23535
0	1.23294
0	1.23356
0	1.22577
0	1.22685
0	1.22636
0	1.22761
0	1.22727
0	1.22842
0	1.22463
0	1.2185
0	1.21624
0	1.21752
0	1.21333
0	1.21651
0	1.21973
0	1.22286
0	1.22069
0	1.22301
0	1.22272
0	1.22126
0	1.22323
0	1.22775
0	1.22615
0	1.22623
0	1.22483
0	1.22479
0	1.22423
0	1.22649
0	1.22552
0	1.22478
0	1.22445
0	1.22956
0	1.22857
0	1.22885
0	1.23021
0	1.23198
0	1.23134
0	1.23035
0	1.23058
0	1.23001
0	1.23118
0	1.23193
0	1.22961
0	1.22952
0	1.22848
0	1.22787
0	1.22818
0	1.22665
0	1.22792
0	1.22866
0	1.22663
0	1.22802
0	1.22918
0	1.2292
0	1.2273
0	1.22661
0	1.22703
0	1.22781
0	1.22802
0	1.22705
0	1.2274
0	1.22792
0	1.22802
0	1.2352
0	1.23428
0	1.23612
0	1.23601
0	1.23376
0	1.23551
0	1.23519
0	1.2341
0	1.2345
0	1.23515
0	1.23704
0	1.2345
0	1.23659
0	1.24351
0	1.24366
0	1.24293
0	1.24484
0	1.24591
0	1.2448
0	1.24486
0	1.25204
0	1.25618
0	1.25226
0	1.24698
0	1.24085
0	1.24035
0	1.24173
0	1.24197
0	1.23876
0	1.24074
0	1.24092
0	1.24026
0	1.24038
0	1.23607
0	1.23903
0	1.24071
0	1.24262
0	1.24225
0	1.24401
0	1.24151
0	1.24123
0	1.24096
0	1.2413
0	1.24011
0	1.24078
0	1.24181
0	1.24404
0	1.24232
0	1.23864
0	1.23957
0	1.24012
0	1.24056
0	1.23949
0	1.24227
0	1.24907
0	1.24906
0	1.24942
0	1.25129
0	1.25192
0	1.2518
0	1.24994
0	1.24806
0	1.24648
0	1.24865
0	1.24805
0	1.24923
0	1.24717
0	1.2446
0	1.24406
0	1.24177
0	1.24366
0	1.2427
0	1.24283
0	1.2441
0	1.2444
0	1.24237
0	1.24467
0	1.24452
0	1.24637
0	1.24628
0	1.24449
0	1.24534
0	1.24235
0	1.24283
0	1.24176
0	1.23678
0	1.23837
0	1.2397
0	1.23887
0	1.23993
0	1.24063
0	1.24105
0	1.24171
0	1.24096
0	1.24014
0	1.24034
0	1.24116
0	1.24273
0	1.24164
0	1.24537
0	1.24568
0	1.24617
0	1.24525
0	1.24362
0	1.24461
0	1.24571
0	1.24677
0	1.24672
0	1.24434
0	1.2447
0	1.24543
0	1.24175
0	1.2396
0	1.23833
0	1.23786
0	1.23981
0	1.23982
0	1.23579
0	1.23071
0	1.22011
0	1.22244
0	1.2031
0	1.19237
0	1.20292
0	1.20187
0	1.20056
0	1.21238
0	1.21308
0	1.21131
0	1.21136
0	1.21027
0	1.20482
0	1.20597
0	1.20308
0	1.20754
0	1.2075
0	1.20948
0	1.20892
0	1.20762
0	1.20977
0	1.20526
0	1.20348
0	1.20242
0	1.20701
0	1.20415
0	1.20682
0	1.21026
0	1.21039
0	1.20957
0	1.21248
0	1.21355
0	1.21161
0	1.20982
0	1.20933
0	1.21053
0	1.21151
0	1.20974
0	1.21044
0	1.20921
0	1.20853
0	1.20752
0	1.20312
0	1.20032
0	1.2053
0	1.20925
0	1.2082
0	1.20736
0	1.20432
0	1.20529
0	1.20654
0	1.20538
0	1.20321
0	1.20285
0	1.2036
0	1.20437
0	1.20237
0	1.20139
0	1.20329
0	1.20255
0	1.2011
0	1.20135
0	1.20373
0	1.20791
0	1.20863
0	1.20719
0	1.20801
0	1.20617
0	1.2062
0	1.20666
0	1.20321
0	1.20317
0	1.20363
0	1.20479
0	1.20548
0	1.205
0	1.20411
0	1.20245
0	1.19929
0	1.20045
0	1.19455
0	1.19266
0	1.19331
0	1.1974
0	1.20072
0	1.20056
0	1.20743
0	1.20849
0	1.19915
0	1.20119
0	1.20411
0	1.20063
0	1.20096
0	1.20116
0	1.1996
0	1.20349
0	1.20524
0	1.20226
0	1.20232
0	1.20263
0	1.20459
0	1.20561
0	1.2048
0	1.20139
0	1.20074
0	1.20121
0	1.1996
0	1.19936
0	1.20002
0	1.19687
0	1.19876
0	1.19892
0	1.20051
0	1.20638
0	1.22022
0	1.2174
0	1.21693
0	1.21824
0	1.22388
0	1.21938
0	1.22051
0	1.21872
0	1.21857
0	1.21558
0	1.21662
0	1.21615
0	1.21337
0	1.21374
0	1.21439
0	1.21274
0	1.21461
0	1.21488
0	1.21717
0	1.21781
0	1.21652
0	1.21684
0	1.21857
0	1.21737
0	1.21686
0	1.21986
0	1.22271
0	1.22112
0	1.2194
0	1.21867
0	1.22093
0	1.22103
0	1.22249
0	1.22189
0	1.22202
0	1.22058
0	1.22126
0	1.22155
0	1.22283
0	1.2289
0	1.23022
0	1.23007
0	1.23092
0	1.22875
0	1.22915
0	1.23113
0	1.24912
0	1.25331
0	1.25182
0	1.24885
0	1.25196
0	1.25619
0	1.25336
0	1.26511
0	1.27034
0	1.26951
0	1.27211
0	1.27247
0	1.26847
0	1.26613
0	1.26377
0	1.26316
0	1.26689
0	1.26676
0	1.26655
0	1.26184
0	1.26455
0	1.26335
0	1.26529
0	1.26413
0	1.26511
0	1.26474
0	1.2692
0	1.26796
0	1.26576
0	1.26841
0	1.2685
0	1.26975
0	1.26564
0	1.26563
0	1.26247
0	1.26454
0	1.26839
0	1.26902
0	1.26925
0	1.26585
0	1.26452
0	1.26331
0	1.25629
0	1.26218
0	1.26332
0	1.258
0	1.26075
0	1.26101
0	1.26024
0	1.26263
0	1.2636
0	1.26567
0	1.26543
0	1.26476
0	1.26821
0	1.26644
0	1.26914
0	1.2663
0	1.26683
0	1.26623
0	1.2703
0	1.26578
0	1.26248
0	1.26481
0	1.26692
0	1.26623
0	1.26687
0	1.26836
0	1.26839
0	1.266
0	1.26505
0	1.26583
0	1.26823
0	1.26773
0	1.26415
0	1.26308
0	1.26537
0	1.26338
0	1.26511
0	1.26849
0	1.28605
0	1.29919
0	1.29254
0	1.26685
0	1.26773
0	1.27136
0	1.27132
0	1.27383
0	1.27805
0	1.27685
0	1.27571
0	1.27367
0	1.27152
0	1.27589
0	1.27689
0	1.27788
0	1.27618
0	1.27668
0	1.27688
0	1.27616
0	1.27879
0	1.28034
0	1.28184
0	1.28172
0	1.28101
0	1.27609
0	1.27505
0	1.27318
0	1.27543
0	1.2757
0	1.27553
0	1.27728
0	1.27433
0	1.27546
0	1.27638
0	1.27551
0	1.2769
0	1.27978
0	1.27826
0	1.27683
0	1.2766
0	1.27938
0	1.27833
0	1.27713
0	1.27502
0	1.27378
0	1.2726
0	1.26126
0	1.26734
0	1.26913
0	1.26861
0	1.26902
0	1.2653
0	1.26472
0	1.26289
0	1.25769
0	1.25958
0	1.26167
0	1.26052
0	1.25925
0	1.25395
0	1.24414
0	1.24232
0	1.23987
0	1.2443
0	1.24396
0	1.24519
0	1.24726
0	1.25128
0	1.24912
0	1.24887
0	1.24769
0	1.24862
0	1.25393
0	1.25617
0	1.25489
0	1.25348
0	1.25047
0	1.25255
0	1.25397
0	1.25423
0	1.25065
0	1.24496
0	1.24655
0	1.24886
0	1.251
0	1.25076
0	1.24999
0	1.25503
0	1.25521
0	1.26061
0	1.26211
0	1.25972
0	1.25697
0	1.25632
0	1.25327
0	1.25671
0	1.25696
0	1.25604
0	1.25624
0	1.25941
0	1.25708
0	1.25701
0	1.25442
0	1.25672
0	1.257
0	1.2575
0	1.25513
0	1.25575
0	1.25623
0	1.25103
0	1.25202
0	1.25246
0	1.25306
0	1.25306
0	1.24452
0	1.24072
0	1.23387
0	1.23782
0	1.23993
0	1.23839
0	1.23887
0	1.24045
0	1.24235
0	1.24221
0	1.24085
0	1.24146
0	1.2423
0	1.24629
0	1.24547
0	1.24475
0	1.24601
0	1.24413
0	1.24771
0	1.24628
0	1.24459
0	1.24683
0	1.25422
0	1.25441
0	1.258
0	1.26195
0	1.27024
0	1.26604
0	1.26698
0	1.26769
0	1.27304
0	1.27277
0	1.27107
0	1.26694
0	1.26734
0	1.27158
0	1.26982
0	1.26757
0	1.26639
0	1.26871
0	1.26846
0	1.26687
0	1.26209
0	1.26442
0	1.26363
0	1.26487
0	1.26674
0	1.26357
0	1.26466
0	1.26755
0	1.26916
0	1.27043
0	1.26786
0	1.26564
0	1.26922
0	1.26697
0	1.26689
0	1.26918
0	1.27186
0	1.27078
0	1.27111
0	1.27487
0	1.27478
0	1.27494
0	1.27298
0	1.27407
0	1.27047
0	1.27026
0	1.2718
0	1.2713
0	1.26912
0	1.26905
0	1.26881
0	1.26902
0	1.27057
0	1.27674
0	1.2795
0	1.2765
0	1.27231
0	1.27552
0	1.27496
0	1.27283
0	1.27305
0	1.27364
0	1.27473
0	1.27594
0	1.27584
0	1.27537
0	1.27464
0	1.27326
0	1.27431
0	1.27497
0	1.27291
0	1.26863
0	1.27091
0	1.27103
0	1.26734
0	1.26743
0	1.26772
0	1.26846
0	1.26904
0	1.27065
0	1.27092
0	1.26915
0	1.26838
0	1.26859
0	1.26992
0	1.26848
0	1.26713
0	1.26859
0	1.26918
0	1.27025
0	1.26917
0	1.26877
0	1.26811
0	1.26613
0	1.26685
0	1.26823
0	1.26756
0	1.26836
0	1.2679
0	1.26843
0	1.26783
0	1.26813
0	1.26718
0	1.26579
0	1.26522
0	1.26368
0	1.26396
0	1.26549
0	1.26585
0	1.26734
0	1.26918
0	1.26831
0	1.26689
0	1.26404
0	1.26602
0	1.26573
0	1.26647
0	1.26611
0	1.26631
0	1.26487
0	1.26532
0	1.2663
0	1.2661
0	1.26623
0	1.26594
0	1.26654
0	1.26738
0	1.26842
0	1.27194
0	1.26943
0	1.27109
0	1.27081
0	1.27092
0	1.27081
0	1.27145
0	1.27243
0	1.27217
0	1.2726
0	1.27312
0	1.27186
0	1.26999
0	1.26969
0	1.27054
0	1.27021
0	1.26839
0	1.26584
0	1.26668
0	1.26779
0	1.26799
0	1.26682
0	1.26799
0	1.26826
0	1.26775
0	1.26761
0	1.26801
0	1.27168
0	1.27119
0	1.27076
0	1.27022
0	1.27008
0	1.26858
0	1.26672
0	1.2674
0	1.26833
0	1.27019
0	1.27046
0	1.26882
0	1.2685
0	1.26979
0	1.26994
0	1.27043
0	1.26998
0	1.26884
0	1.26807
0	1.26693
0	1.26798
0	1.26694
0	1.26651
0	1.26699
0	1.26726
0	1.26753
0	1.26781
0	1.2664
0	1.26692
0	1.26722
0	1.26588
0	1.26611
0	1.26617
0	1.26651
0	1.26546
0	1.26472
0	1.263
0	1.26347
0	1.26133
0	1.25777
0	1.26135
0	1.26268
0	1.26196
0	1.26115
0	1.26353
0	1.26278
0	1.26168
0	1.25409
0	1.2542
0	1.25346
0	1.25506
0	1.25546
0	1.2491
0	1.25236
0	1.25493
0	1.25538
0	1.25436
0	1.25802
0	1.25816
0	1.258
0	1.25714
0	1.25743
0	1.2565
0	1.25521
0	1.25489
0	1.24721
0	1.24698
0	1.24896
0	1.25132
0	1.2532
0	1.25211
0	1.25502
0	1.25448
0	1.25175
0	1.25015
0	1.24501
0	1.24785
0	1.24794
0	1.25421
0	1.25359
0	1.25451
0	1.25588
0	1.25716
0	1.25651
0	1.25583
0	1.25341
0	1.25461
0	1.25365
0	1.25031
0	1.23677
0	1.23655
0	1.23957
0	1.23953
0	1.23979
0	1.23695
0	1.23523
0	1.23722
0	1.23761
0	1.23851
0	1.23648
0	1.2356
0	1.23312
0	1.2363
0	1.23601
0	1.23676
0	1.23735
0	1.23519
0	1.23529
0	1.2366
0	1.236
0	1.23965
0	1.24042
0	1.24588
0	1.24402
0	1.24765
0	1.25519
0	1.26655
0	1.26363
0	1.26444
0	1.263
0	1.26408
0	1.26367
0	1.2641
0	1.26405
0	1.26776
0	1.26544
0	1.26305
0	1.26025
0	1.26158
0	1.26221
0	1.26081
0	1.25989
0	1.25549
0	1.254
0	1.25676
0	1.2558
0	1.25907
0	1.25816
0	1.26104
0	1.2601
0	1.26033
0	1.25342
0	1.24927
0	1.24778
0	1.25283
0	1.25074
0	1.25179
0	1.25367
0	1.25141
0	1.24999
0	1.2464
0	1.24935
0	1.24864
0	1.24899
0	1.24889
0	1.24878
0	1.25368
0	1.25529
0	1.25627
0	1.25648
0	1.25507
0	1.2566
0	1.25311
0	1.23668
0	1.23868
0	1.24032
0	1.23087
0	1.22392
0	1.22829
0	1.23037
0	1.23675
0	1.23872
0	1.24503
0	1.24324
0	1.24056
0	1.24423
0	1.24403
0	1.24298
0	1.24057
0	1.23885
0	1.23871
0	1.2373
0	1.23881
0	1.23683
0	1.24401
0	1.24172
0	1.24129
0	1.24244
0	1.2457
0	1.24582
0	1.24312
0	1.24405
0	1.24653
0	1.24414
0	1.24302
0	1.24412
0	1.24289
0	1.23971
0	1.24118
0	1.24266
0	1.24472
0	1.24503
0	1.24458
0	1.24413
0	1.24516
0	1.2508
0	1.25298
0	1.2542
0	1.25079
0	1.248
0	1.25044
0	1.24949
0	1.2497
0	1.25345
0	1.25411
0	1.25117
0	1.25266
0	1.25663
0	1.25836
0	1.25927
0	1.2609
0	1.25887
0	1.25929
0	1.26437
0	1.26271
0	1.26044
0	1.26241
0	1.26012
0	1.26356
0	1.26079
0	1.26144
0	1.26262
0	1.2615
0	1.25752
0	1.25445
0	1.25791
0	1.25638
0	1.25726
0	1.25498
0	1.25316
0	1.24968
0	1.25172
0	1.25083
0	1.2495
0	1.25213
0	1.25469
0	1.25391
0	1.2535
0	1.25575
0	1.25863
0	1.25962
0	1.257
0	1.25499
0	1.25786
0	1.2546
0	1.25505
0	1.2537
0	1.25643
0	1.25794
0	1.25806
0	1.25752
0	1.26074
0	1.26065
0	1.2599
0	1.25889
0	1.25777
0	1.25947
0	1.26085
0	1.26007
0	1.25888
0	1.25785
0	1.25779
0	1.25469
0	1.25454
0	1.25687
0	1.25544
0	1.26062
0	1.26853
0	1.27902
0	1.27737
0	1.27673
0	1.27575
0	1.27499
0	1.27784
0	1.27816
0	1.27459
0	1.27473
0	1.27091
0	1.26947
0	1.2718
0	1.2738
0	1.2722
0	1.27356
0	1.27283
0	1.2721
0	1.27342
0	1.27574
0	1.27406
0	1.2755
0	1.27478
0	1.2743
0	1.2721
0	1.27334
0	1.2724
0	1.27118
0	1.27229
0	1.27293
0	1.27022
0	1.27496
0	1.27453
0	1.27376
0	1.27445
0	1.27268
0	1.27231
0	1.27219
0	1.27313
0	1.27163
0	1.27176
0	1.27225
0	1.27123
0	1.27291
0	1.27381
0	1.27423
0	1.2747
0	1.27355
0	1.27091
0	1.27488
0	1.27421
0	1.27158
0	1.26666
0	1.26754
0	1.25574
0	1.2574
0	1.25632
0	1.25418
0	1.25107
0	1.24994
0	1.25194
0	1.25088
0	1.24474
0	1.24583
0	1.24743
0	1.24717
0	1.25012
0	1.25264
0	1.24958
0	1.25055
0	1.25143
0	1.24779
0	1.24943
0	1.25084
0	1.25253
0	1.25855
0	1.26288
0	1.26023
0	1.26056
0	1.25878
0	1.25879
0	1.25621
0	1.25822
0	1.25794
0	1.25642
0	1.25757
0	1.25593
0	1.25558
0	1.25795
0	1.25731
0	1.25697
0	1.25728
0	1.25752
0	1.25708
0	1.25371
0	1.25455
0	1.24949
0	1.24945
0	1.25
0	1.24785
0	1.25118
0	1.25237
0	1.25264
0	1.2527
0	1.25201
0	1.25126
0	1.25276
0	1.25306
0	1.25285
0	1.25522
0	1.25453
0	1.25362
0	1.25366
0	1.25257
0	1.25252
0	1.25267
0	1.24954
0	1.25113
0	1.25028
0	1.25123
0	1.25267
0	1.25234
0	1.25197
0	1.25083
0	1.24915
0	1.24552
0	1.24692
0	1.24556
0	1.24807
0	1.24742
0	1.24827
0	1.24992
0	1.24805
0	1.24521
0	1.24357
0	1.24483
0	1.24209
0	1.2428
0	1.2455
0	1.24515
0	1.2466
0	1.24706
0	1.24541
0	1.24938
0	1.24556
0	1.24519
0	1.24683
0	1.24652
0	1.24266
0	1.24463
0	1.24656
0	1.24665
0	1.24587
0	1.24738
0	1.25162
0	1.25279
0	1.2556
0	1.25352
0	1.25444
0	1.2541
0	1.25507
0	1.2524
0	1.25161
0	1.25294
0	1.25203
0	1.25134
0	1.25212
0	1.2537
0	1.24915
0	1.24785
0	1.24921
0	1.24964
0	1.25125
0	1.25028
0	1.25208
0	1.25346
0	1.25296
0	1.24841
0	1.24966
0	1.2504
0	1.24891
0	1.24901
0	1.24644
0	1.2461
0	1.24866
0	1.24984
0	1.2513
0	1.25128
0	1.25091
0	1.251
0	1.25031
0	1.25061
0	1.25182
0	1.25386
0	1.25257
0	1.2519
0	1.25302
0	1.25201
0	1.25231
0	1.25004
0	1.24896
0	1.25026
0	1.25005
0	1.24899
0	1.25161
0	1.25122
0	1.25078
0	1.25185
0	1.25225
0	1.25046
0	1.24967
0	1.24879
0	1.24779
0	1.2486
0	1.24713
0	1.24714
0	1.24591
0	1.24771
0	1.24707
0	1.24623
0	1.24324
0	1.24234
0	1.24376
0	1.24625
0	1.24434
0	1.24131
0	1.2432
0	1.2422
0	1.24455
0	1.24367
0	1.24359
0	1.24618
0	1.2472
0	1.24652
0	1.24469
0	1.24525
0	1.24376
0	1.24239
0	1.24457
0	1.24567
0	1.2461
0	1.2447
0	1.24511
0	1.24288
0	1.24447
0	1.24489
0	1.24641
0	1.24755
0	1.24637
0	1.24568
0	1.24596
0	1.2456
0	1.2463
0	1.247
0	1.24644
0	1.2454
0	1.24422
0	1.2441
0	1.24509
0	1.24588
0	1.24619
0	1.24554
0	1.24547
0	1.24614
0	1.24478
0	1.24466
0	1.24388
0	1.24459
0	1.24501
0	1.24492
0	1.24531
0	1.24463
0	1.24477
0	1.24343
0	1.24494
0	1.24395
0	1.24369
0	1.24463
0	1.24359
0	1.24424
0	1.24648
0	1.24753
0	1.24644
0	1.24521
0	1.24591
0	1.24531
0	1.24465
0	1.24489
0	1.24369
0	1.24415
0	1.24482
0	1.24487
0	1.24583
0	1.24517
0	1.24537
0	1.24594
0	1.24554
0	1.24756
0	1.24741
0	1.25156
0	1.24943
0	1.25053
0	1.25096
0	1.24994
0	1.24954
0	1.24882
0	1.25
0	1.25011
0	1.25135
0	1.25578
0	1.2544
0	1.25518
0	1.25445
0	1.25454
0	1.25378
0	1.2541
0	1.25342
0	1.25334
0	1.2536
0	1.25386
0	1.25351
0	1.25063
0	1.25181
0	1.25212
0	1.25209
0	1.25094
0	1.25083
0	1.25026
0	1.24928
0	1.25001
0	1.24992
0	1.25068
0	1.25029
0	1.25021
0	1.2492
0	1.24974
0	1.24784
0	1.24894
0	1.2494
0	1.24862
0	1.24962
0	1.25041
0	1.25046
0	1.2517
0	1.25083
0	1.25072
0	1.24997
0	1.24983
0	1.24905
0	1.25015
0	1.25016
0	1.24945
0	1.24973
0	1.2496
0	1.24953
0	1.24947
0	1.24869
0	1.24659
0	1.24747
0	1.24697
0	1.24649
0	1.24522
0	1.24674
0	1.24619
0	1.2462
0	1.2461
0	1.2467
0	1.24744
0	1.24665
0	1.24555
0	1.24645
0	1.24615
0	1.2459
0	1.24636
0	1.24627
0	1.24452
0	1.24572
0	1.24671
0	1.24813
0	1.24774
0	1.24691
0	1.24674
0	1.24746
0	1.24994
0	1.251
0	1.25113
0	1.25173
0	1.25222
0	1.25189
0	1.25296
0	1.25219
0	1.25235
0	1.252
0	1.25111
0	1.25071
0	1.25157
0	1.25159
0	1.25073
0	1.2505
0	1.251
0	1.25098
0	1.25116
0	1.25191
0	1.2523
0	1.25135
0	1.24946
0	1.24741
0	1.2472
0	1.24586
0	1.24414
0	1.24357
0	1.2454
0	1.24446
0	1.24516
0	1.2454
0	1.24437
0	1.2438
0	1.24421
0	1.24552
0	1.2449
0	1.24589
0	1.24496
0	1.24515
0	1.24537
0	1.24484
0	1.24473
0	1.2443
0	1.24355
0	1.246
0	1.24638
0	1.24615
0	1.24771
0	1.24755
0	1.24637
0	1.24567
0	1.24509
0	1.24525
0	1.24528
0	1.24583
0	1.24255
0	1.2434
0	1.24353
0	1.24453
0	1.24447
0	1.24559
0	1.24467
0	1.24565
0	1.24552
0	1.24597
0	1.24489
0	1.24504
0	1.2444
0	1.24399
0	1.24533
0	1.24664
0	1.24615
0	1.24695
0	1.25068
0	1.25328
0	1.25797
0	1.25392
0	1.25576
0	1.25471
0	1.25464
0	1.25488
0	1.25461
0	1.25728
0	1.26358
0	1.26398
0	1.269
0	1.26776
0	1.26864
0	1.26614
0	1.26606
0	1.26556
0	1.26592
0	1.26291
0	1.26394
0	1.26575
0	1.26649
0	1.26734
0	1.2665
0	1.26412
0	1.26098
0	1.26245
0	1.26306
0	1.26301
0	1.26303
0	1.26403
0	1.2627
0	1.26227
0	1.26308
0	1.26325
0	1.26192
0	1.26271
0	1.26287
0	1.26252
0	1.25996
0	1.25925
0	1.2599
0	1.26237
0	1.26208
0	1.26232
0	1.26105
0	1.26155
0	1.26189
0	1.26232
0	1.26176
0	1.26174
0	1.26219
0	1.26465
0	1.2648
0	1.26405
0	1.26266
0	1.26326
0	1.26377
0	1.26351
0	1.26334
0	1.26352
0	1.26291
0	1.26355
0	1.2643
0	1.26506
0	1.26456
0	1.26303
0	1.26313
0	1.26203
0	1.26161
0	1.26295
0	1.26189
0	1.26205
0	1.26087
0	1.25983
0	1.25919
0	1.2607
0	1.26008
0	1.26323
0	1.26312
0	1.26937
0	1.26801
0	1.27169
0	1.2691
0	1.26769
0	1.26927
0	1.27442
0	1.29576
0	1.3001
0	1.29861
0	1.29941
0	1.30125
0	1.3002
0	1.29971
0	1.30189
0	1.3063
0	1.3019
0	1.29846
0	1.29996
0	1.30184
0	1.29953
0	1.29902
0	1.29924
0	1.29925
0	1.29947
0	1.30408
0	1.30327
0	1.30404
0	1.31644
0	1.31953
0	1.32407
0	1.32062
0	1.32747
0	1.32427
0	1.32299
0	1.32256
0	1.32383
0	1.32426
0	1.32932
0	1.33556
0	1.32987
0	1.33092
0	1.33464
0	1.34721
0	1.35094
0	1.35185
0	1.34223
0	1.34244
0	1.3388
0	1.33808
0	1.34047
0	1.34391
0	1.34297
0	1.34358
0	1.34197
0	1.3436
0	1.34355
0	1.3419
0	1.33862
0	1.33356
0	1.33993
0	1.34262
0	1.34189
0	1.34034
0	1.3436
0	1.34312
0	1.34437
0	1.34351
0	1.34246
0	1.34387
0	1.34264
0	1.34293
0	1.34119
0	1.34127
0	1.33941
0	1.34108
0	1.34032
0	1.34149
0	1.34373
0	1.34421
0	1.3434
0	1.34339
0	1.34213
0	1.3412
0	1.34474
0	1.34167
0	1.34405
0	1.34315
0	1.3431
0	1.34637
0	1.34419
0	1.34973
0	1.34857
0	1.34814
0	1.33956
0	1.34143
0	1.34816
0	1.34682
0	1.34624
0	1.34741
0	1.34764
0	1.3478
0	1.34713
0	1.34445
0	1.34389
0	1.34566
0	1.34599
0	1.348
0	1.34803
0	1.34668
0	1.34728
0	1.34901
0	1.35034
0	1.35747
0	1.34674
0	1.34454
0	1.34364
0	1.34209
0	1.34454
0	1.34607
0	1.34812
0	1.3468
0	1.34458
0	1.3472
0	1.34747
0	1.34687
0	1.34801
0	1.35051
0	1.34901
0	1.3474
0	1.34938
0	1.34768
0	1.35044
0	1.35254
0	1.35172
0	1.34877
0	1.34933
0	1.34892
0	1.34655
0	1.34636
0	1.34078
0	1.33578
0	1.33621
0	1.335
0	1.33651
0	1.33824
0	1.33544
0	1.33526
0	1.33608
0	1.33696
0	1.33678
0	1.33778
0	1.33662
0	1.33543
0	1.336
0	1.33517
0	1.33341
0	1.33447
0	1.33504
0	1.33574
0	1.33736
0	1.34057
0	1.33905
0	1.33816
0	1.33995
0	1.33803
0	1.33765
0	1.33495
0	1.33571
0	1.33812
0	1.33847
0	1.33908
0	1.33838
0	1.33972
0	1.33885
0	1.33857
0	1.33832
0	1.33796
0	1.33712
0	1.33947
0	1.33756
0	1.33906
0	1.35186
0	1.34575
0	1.34905
0	1.34646
0	1.34386
0	1.34114
0	1.34483
0	1.34822
0	1.34346
0	1.33984
0	1.32998
0	1.3353
0	1.33524
0	1.33713
0	1.33738
0	1.33838
0	1.33578
0	1.33602
0	1.33833
0	1.3391
0	1.34052
0	1.33981
0	1.34053
0	1.33663
0	1.3362
0	1.33505
0	1.33297
0	1.33092
0	1.33317
0	1.32975
0	1.33162
0	1.33363
0	1.33378
0	1.3364
0	1.33596
0	1.33625
0	1.33655
0	1.33625
0	1.3354
0	1.33578
0	1.33457
0	1.33166
0	1.33339
0	1.33481
0	1.33324
0	1.33374
0	1.33526
0	1.33651
0	1.33949
0	1.33806
0	1.33833
0	1.33761
0	1.34084
0	1.34165
0	1.34002
0	1.34055
0	1.34534
0	1.34394
0	1.34274
0	1.34269
0	1.342
0	1.34196
0	1.34193
0	1.3427
0	1.34122
0	1.34113
0	1.34059
0	1.34219
0	1.34248
0	1.34343
0	1.34229
0	1.34191
0	1.34105
0	1.33948
0	1.34143
0	1.34123
0	1.34142
0	1.3418
0	1.34068
0	1.34191
0	1.3434
0	1.34714
0	1.35182
0	1.34973
0	1.34664
0	1.34788
0	1.3462
0	1.34788
0	1.34764
0	1.3478
0	1.34722
0	1.34778
0	1.34736
0	1.34587
0	1.34662
0	1.34682
0	1.34819
0	1.35088
0	1.34958
0	1.35023
0	1.34804
0	1.34658
0	1.34846
0	1.35216
0	1.35582
0	1.35817
0	1.35391
0	1.35689
0	1.35629
0	1.35844
0	1.3546
0	1.3547
0	1.35299
0	1.35313
0	1.3556
0	1.35473
0	1.35489
0	1.35774
0	1.36038
0	1.3578
0	1.35831
0	1.35841
0	1.35603
0	1.35474
0	1.35406
0	1.35369
0	1.34903
0	1.34969
0	1.34967
0	1.34998
0	1.35157
0	1.35139
0	1.35289
0	1.3514
0	1.35422
0	1.35436
0	1.35346
0	1.35195
0	1.35164
0	1.35229
0	1.35331
0	1.35542
0	1.35485
0	1.35655
0	1.37117
0	1.37202
0	1.37503
0	1.37342
0	1.37502
0	1.37334
0	1.37479
0	1.37167
0	1.36795
0	1.36533
0	1.36641
0	1.36882
0	1.36945
0	1.36957
0	1.3714
0	1.37042
0	1.37019
0	1.37037
0	1.3731
0	1.37253
0	1.37541
0	1.37427
0	1.37283
0	1.37524
0	1.37665
0	1.38081
0	1.37894
0	1.38078
0	1.37385
0	1.37148
0	1.37241
0	1.3698
0	1.36969
0	1.37133
0	1.36998
0	1.37194
0	1.374
0	1.37418
0	1.37474
0	1.37493
0	1.37395
0	1.37292
0	1.37398
0	1.37294
0	1.37256
0	1.37452
0	1.37627
0	1.37533
0	1.37283
0	1.36627
0	1.36842
0	1.36886
0	1.37079
0	1.37094
0	1.36629
0	1.36564
0	1.3658
0	1.36551
0	1.35745
0	1.34916
0	1.35093
0	1.34936
0	1.35076
0	1.34768
0	1.34435
0	1.34532
0	1.34869
0	1.34947
0	1.34888
0	1.35108
0	1.35416
0	1.35445
0	1.35141
0	1.3511
0	1.34831
0	1.35044
0	1.35347
0	1.3532
0	1.35339
0	1.35793
0	1.36064
0	1.35877
0	1.35903
0	1.35975
0	1.36034
0	1.359
0	1.35772
0	1.35749
0	1.35793
0	1.35817
0	1.35806
0	1.35734
0	1.35617
0	1.35958
0	1.35853
0	1.36306
0	1.35641
0	1.35536
0	1.3542
0	1.3532
0	1.35587
0	1.35525
0	1.35618
0	1.35603
0	1.35617
0	1.3557
0	1.35617
0	1.35605
0	1.35568
0	1.35552
0	1.35489
0	1.35391
0	1.35487
0	1.35463
0	1.35642
0	1.35665
0	1.35698
0	1.3578
0	1.35663
0	1.3564
0	1.35558
0	1.35619
0	1.35705
0	1.35813
0	1.35744
0	1.35808
0	1.35747
0	1.35742
0	1.35602
0	1.35593
0	1.35715
0	1.35693
0	1.35784
0	1.35926
0	1.35849
0	1.35797
0	1.35669
0	1.35735
0	1.35711
0	1.35682
0	1.35725
0	1.35593
0	1.35646
0	1.35626
0	1.35741
0	1.35763
0	1.35783
0	1.35736
0	1.35459
0	1.3537
0	1.35482
0	1.35502
0	1.3555
0	1.35478
0	1.35634
0	1.35659
0	1.3567
0	1.35325
0	1.35116
0	1.35247
0	1.35235
0	1.35302
0	1.35168
0	1.3509
0	1.3499
0	1.34973
0	1.35064
0	1.35127
0	1.35175
0	1.35216
0	1.35175
0	1.35175
0	1.35021
0	1.35354
0	1.35287
0	1.35311
0	1.3528
0	1.35126
0	1.34993
0	1.3515
0	1.35228
0	1.35051
0	1.35299
0	1.35391
0	1.35451
0	1.3544
0	1.35394
0	1.35335
0	1.35243
0	1.35191
0	1.35115
0	1.35144
0	1.35298
0	1.35112
0	1.34648
0	1.34898
0	1.34885
0	1.34931
0	1.35082
0	1.35041
0	1.35064
0	1.35053
0	1.35012
0	1.34931
0	1.34929
0	1.34987
0	1.35012
0	1.35073
0	1.35137
0	1.35206
0	1.3536
0	1.35295
0	1.35257
0	1.35241
0	1.35301
0	1.35312
0	1.35347
0	1.3524
0	1.35228
0	1.35388
0	1.35423
0	1.35413
0	1.35393
0	1.35347
0	1.3535
0	1.3538
0	1.35276
0	1.35216
0	1.35137
0	1.3512
0	1.35083
0	1.35142
0	1.35155
0	1.35169
0	1.35195
0	1.35074
0	1.34976
0	1.34884
0	1.3501
0	1.3496
0	1.34967
0	1.35034
0	1.34947
0	1.34941
0	1.34926
0	1.3499
0	1.34994
0	1.35098
0	1.35201
0	1.35265
0	1.3526
0	1.35374
0	1.35391
0	1.3536
0	1.35247
0	1.35132
0	1.35184
0	1.35369
0	1.3537
0	1.35365
0	1.35238
0	1.35213
0	1.35267
0	1.35412
0	1.35333
0	1.36009
0	1.36098
0	1.36171
0	1.35965
0	1.35253
0	1.35249
0	1.35464
0	1.35588
0	1.35405
0	1.35205
0	1.35263
0	1.35492
0	1.35595
0	1.3553
0	1.35313
0	1.35355
0	1.35351
0	1.35273
0	1.35125
0	1.35125
0	1.35233
0	1.35217
0	1.34123
0	1.33477
0	1.33173
0	1.33494
0	1.33627
0	1.33785
0	1.33634
0	1.33545
0	1.33803
0	1.34153
0	1.33963
0	1.33902
0	1.33837
0	1.33764
0	1.33797
0	1.33713
0	1.33626
0	1.3373
0	1.3379
0	1.33829
0	1.33698
0	1.33695
0	1.33865
0	1.33838
0	1.3367
0	1.33471
0	1.33433
0	1.33517
0	1.33443
0	1.3334
0	1.33152
0	1.33117
0	1.33308
0	1.3349
0	1.33508
0	1.33528
0	1.33446
0	1.33329
0	1.33325
0	1.33366
0	1.33186
0	1.33343
0	1.33359
0	1.33302
0	1.32825
0	1.31908
0	1.31959
0	1.31898
0	1.31735
0	1.3161
0	1.31776
0	1.31543
0	1.31019
0	1.31332
0	1.31206
0	1.31343
0	1.31429
0	1.31146
0	1.31377
0	1.313
0	1.31146
0	1.30814
0	1.3101
0	1.31156
0	1.3126
0	1.31424
0	1.31484
0	1.31684
0	1.31533
0	1.31528
0	1.31476
0	1.31516
0	1.31742
0	1.318
0	1.31754
0	1.31726
0	1.31877
0	1.31609
0	1.31497
0	1.31511
0	1.31402
0	1.31452
0	1.31392
0	1.31375
0	1.31369
0	1.31506
0	1.31429
0	1.31553
0	1.31653
0	1.31713
0	1.31653
0	1.31554
0	1.31509
0	1.3137
0	1.31332
0	1.31416
0	1.31193
0	1.3087
0	1.31037
0	1.30327
0	1.30662
0	1.31178
0	1.31078
0	1.31266
0	1.31325
0	1.31514
0	1.3149
0	1.31576
0	1.31435
0	1.31549
0	1.31406
0	1.3141
0	1.31463
0	1.31661
0	1.31619
0	1.31708
0	1.31842
0	1.31847
0	1.31831
0	1.31955
0	1.3256
0	1.32412
0	1.32629
0	1.32584
0	1.32654
0	1.32699
0	1.32873
0	1.3291
0	1.32637
0	1.32542
0	1.32553
0	1.32612
0	1.33097
0	1.33332
0	1.33417
0	1.33336
0	1.33549
0	1.3337
0	1.33424
0	1.33551
0	1.33835
0	1.35286
0	1.35572
0	1.35784
0	1.35635
0	1.35156
0	1.35227
0	1.3523
0	1.35367
0	1.35487
0	1.35576
0	1.35212
0	1.34684
0	1.35022
0	1.3498
0	1.34429
0	1.34709
0	1.34555
0	1.34699
0	1.35019
0	1.34788
0	1.3491
0	1.34859
0	1.34936
0	1.34677
0	1.34553
0	1.33988
0	1.34021
0	1.34908
0	1.34654
0	1.34519
0	1.34622
0	1.34592
0	1.34752
0	1.34862
0	1.34979
0	1.35039
0	1.35344
0	1.35744
0	1.35424
0	1.35421
0	1.35295
0	1.35533
0	1.35355
0	1.35369
0	1.3527
0	1.35529
0	1.35416
0	1.35359
0	1.35575
0	1.3557
0	1.35505
0	1.35277
0	1.35237
0	1.35299
0	1.35115
0	1.35258
0	1.35205
0	1.34916
0	1.34731
0	1.34987
0	1.34815
0	1.34769
0	1.34814
0	1.35058
0	1.34815
0	1.34817
0	1.3467
0	1.34878
0	1.34855
0	1.34778
0	1.349
0	1.34879
0	1.35128
0	1.35071
0	1.34859
0	1.34365
0	1.34366
0	1.3391
0	1.3401
0	1.34358
0	1.34298
0	1.34221
0	1.31489
0	1.30678
0	1.30668
0	1.30163
0	1.30382
0	1.30385
0	1.30606
0	1.30307
0	1.30149
0	1.30283
0	1.30112
0	1.30559
0	1.30624
0	1.30614
0	1.30683
0	1.30798
0	1.30406
0	1.30517
0	1.30462
0	1.30387
0	1.30343
0	1.30586
0	1.3067
0	1.30897
0	1.31398
0	1.31192
0	1.3148
0	1.31167
0	1.31106
0	1.31101
0	1.3045
0	1.30574
0	1.30766
0	1.30816
0	1.30886
0	1.30818
0	1.30616
0	1.30556
0	1.30359
0	1.30831
0	1.30836
0	1.30719
0	1.30492
0	1.3065
0	1.30846
0	1.30721
0	1.3056
0	1.30425
0	1.3056
0	1.30361
0	1.30351
0	1.30472
0	1.30327
0	1.29666
0	1.29144
0	1.3017
0	1.30206
0	1.29774
0	1.30068
0	1.29752
0	1.29163
0	1.28201
0	1.28409
0	1.28506
0	1.28193
0	1.28939
0	1.29066
0	1.29055
0	1.28834
0	1.28792
0	1.29245
0	1.29117
0	1.28927
0	1.28885
0	1.28649
0	1.28263
0	1.28499
0	1.28658
0	1.2865
0	1.28798
0	1.2891
0	1.2911
0	1.28952
0	1.2882
0	1.28975
0	1.28825
0	1.28734
0	1.28936
0	1.29284
0	1.29283
0	1.29148
0	1.29079
0	1.28948
0	1.29032
0	1.28909
0	1.2883
0	1.29058
0	1.29073
0	1.28575
0	1.28638
0	1.28701
0	1.28774
0	1.28872
0	1.28814
0	1.28668
0	1.28599
0	1.28665
0	1.28765
0	1.2842
0	1.2832
0	1.28022
0	1.27658
0	1.278
0	1.28165
0	1.28586
0	1.28934
0	1.28774
0	1.28421
0	1.28327
0	1.28609
0	1.28757
0	1.28397
0	1.28362
0	1.28161
0	1.28072
0	1.28062
0	1.27433
0	1.2721
0	1.27366
0	1.27501
0	1.27689
0	1.26924
0	1.27219
0	1.2749
0	1.27252
0	1.26967
0	1.27247
0	1.26497
0	1.26343
0	1.26558
0	1.26091
0	1.25322
0	1.25772
0	1.25415
0	1.25425
0	1.25912
0	1.2602
0	1.25862
0	1.2601
0	1.25848
0	1.25927
0	1.25977
0	1.26353
0	1.26225
0	1.25913
0	1.26061
0	1.26284
0	1.25953
0	1.2598
0	1.26036
0	1.26242
0	1.25607
0	1.26189
0	1.26249
0	1.26021
0	1.26065
0	1.25934
0	1.25846
0	1.26017
0	1.25711
0	1.2592
0	1.26053
0	1.26168
0	1.26301
0	1.26259
0	1.26383
0	1.26401
0	1.26303
0	1.26112
0	1.26003
0	1.26014
0	1.2594
0	1.25998
0	1.25655
0	1.25672
0	1.25684
0	1.25044
0	1.24578
0	1.24927
0	1.24333
0	1.24737
0	1.25641
0	1.25311
0	1.25507
0	1.25171
0	1.2527
0	1.25079
0	1.24963
0	1.25314
0	1.25221
0	1.25317
0	1.25445
0	1.25178
0	1.24958
0	1.24762
0	1.24987
0	1.25009
0	1.25244
0	1.25393
0	1.25734
0	1.25743
0	1.25925
0	1.25856
0	1.25682
0	1.26146
0	1.25455
0	1.25327
0	1.25755
0	1.2528
0	1.25221
0	1.25224
0	1.25316
0	1.25488
0	1.25131
0	1.25179
0	1.24848
0	1.25173
0	1.2514
0	1.25144
0	1.24468
0	1.2461
0	1.2451
0	1.24649
0	1.24665
0	1.24236
0	1.23985
0	1.22204
0	1.22195
0	1.22048
0	1.21736
0	1.2191
0	1.2214
0	1.21801
0	1.21695
0	1.22017
0	1.22085
0	1.2184
0	1.21736
0	1.21899
0	1.21651
0	1.21553
0	1.21674
0	1.21897
0	1.21814
0	1.21833
0	1.21659
0	1.21907
0	1.21745
0	1.21504
0	1.21491
0	1.21276
0	1.21494
0	1.21726
0	1.21788
0	1.2182
0	1.21621
0	1.21551
0	1.21564
0	1.2159
0	1.21779
0	1.21841
0	1.21924
0	1.2192
0	1.21962
0	1.21912
0	1.22039
0	1.21861
0	1.21999
0	1.2211
0	1.22261
0	1.22035
0	1.21899
0	1.21965
0	1.22033
0	1.21976
0	1.21959
0	1.2183
0	1.21726
0	1.21674
0	1.21558
0	1.21659
0	1.2143
0	1.21571
0	1.21521
0	1.21664
0	1.21553
0	1.21607
0	1.21474
0	1.21417
0	1.21602
0	1.21671
0	1.21624
0	1.21758
0	1.21766
0	1.21785
0	1.21858
0	1.21989
0	1.21995
0	1.22065
0	1.21764
0	1.21683
0	1.21624
0	1.21678
0	1.21856
0	1.21892
0	1.22611
0	1.22432
0	1.22565
0	1.22529
0	1.22668
0	1.23418
0	1.23204
0	1.23364
0	1.23104
0	1.23348
0	1.23632
0	1.23627
0	1.2347
0	1.23359
0	1.23131
0	1.23067
0	1.2317
0	1.2332
0	1.23264
0	1.23357
0	1.23265
0	1.23438
0	1.23427
0	1.23534
0	1.23318
0	1.23179
0	1.23237
0	1.23376
0	1.23472
0	1.24056
0	1.23804
0	1.24237
0	1.24294
0	1.24147
0	1.24077
0	1.24229
0	1.24132
0	1.23819
0	1.23722
0	1.22747
0	1.22904
0	1.2332
0	1.23435
0	1.2263
0	1.22946
0	1.22699
0	1.22959
0	1.23155
0	1.23128
0	1.22974
0	1.23274
0	1.23034
0	1.22976
0	1.22985
0	1.23079
0	1.23136
0	1.2319
0	1.23116
0	1.23107
0	1.23006
0	1.23098
0	1.23129
0	1.23141
0	1.23123
0	1.23111
0	1.23019
0	1.23141
0	1.23538
0	1.23695
0	1.237
0	1.23518
0	1.23627
0	1.23657
0	1.23615
0	1.23472
0	1.23275
0	1.23293
0	1.2332
0	1.22968
0	1.22912
0	1.22841
0	1.22962
0	1.22926
0	1.2306
0	1.23355
0	1.23232
0	1.23476
0	1.2334
0	1.23191
0	1.23183
0	1.23217
0	1.23366
0	1.23301
0	1.2329
0	1.23339
0	1.2334
0	1.22952
0	1.22834
0	1.2228
0	1.22405
0	1.22604
0	1.22266
0	1.22892
0	1.23296
0	1.23095
0	1.2322
0	1.22907
0	1.2289
0	1.22776
0	1.22687
0	1.22411
0	1.22835
0	1.2252
0	1.22631
0	1.2251
0	1.22664
0	1.22565
0	1.22673
0	1.22799
0	1.22742
0	1.22738
0	1.2285
0	1.22748
0	1.22775
0	1.22797
0	1.22466
0	1.22872
0	1.231
0	1.23127
0	1.23217
0	1.23295
0	1.23021
0	1.23122
0	1.22995
0	1.22495
0	1.22515
0	1.2409
0	1.24494
0	1.24142
0	1.2402
0	1.23844
0	1.24009
0	1.23681
0	1.23509
0	1.23812
0	1.23777
0	1.23735
0	1.23926
0	1.24014
0	1.23892
0	1.23874
0	1.23732
0	1.23621
0	1.23789
0	1.23796
0	1.23539
0	1.23409
0	1.23603
0	1.23476
0	1.23225
0	1.22926
0	1.22445
0	1.22596
0	1.22554
0	1.22503
0	1.22725
0	1.22242
0	1.21887
0	1.21315
0	1.21715
0	1.21826
0	1.2206
0	1.21884
0	1.21968
0	1.2207
0	1.22051
0	1.22356
0	1.22386
0	1.2228
0	1.22519
0	1.22945
0	1.22637
0	1.22697
0	1.22634
0	1.22467
0	1.22484
0	1.2234
0	1.23497
0	1.23272
0	1.23381
0	1.23212
0	1.21961
0	1.22406
0	1.22151
0	1.21589
0	1.21597
0	1.21678
0	1.21826
0	1.21932
0	1.22145
0	1.2098
0	1.21663
0	1.22019
0	1.2217
0	1.22189
0	1.22122
0	1.22493
0	1.21979
0	1.22003
0	1.22188
0	1.22026
0	1.22266
0	1.22197
0	1.22431
0	1.22365
0	1.22245
0	1.22541
0	1.22417
0	1.22141
0	1.22188
0	1.22337
0	1.22335
0	1.22495
0	1.22545
0	1.22557
0	1.22672
0	1.22924
0	1.22733
0	1.22767
0	1.22853
0	1.22646
0	1.22565
0	1.22535
0	1.22586
0	1.22594
0	1.22345
0	1.22286
0	1.22024
0	1.22157
0	1.22282
0	1.22284
0	1.22285
0	1.22315
0	1.22353
0	1.22029
0	1.22137
0	1.22138
0	1.22296
0	1.22316
0	1.21975
0	1.22194
0	1.22246
0	1.2233
0	1.22303
0	1.22411
0	1.22373
0	1.22081
0	1.22147
0	1.22031
0	1.21681
0	1.21676
0	1.21798
0	1.21901
0	1.22105
0	1.22409
0	1.22243
0	1.22033
0	1.22048
0	1.21928
0	1.21934
0	1.21855
0	1.2203
0	1.21964
0	1.22247
0	1.21972
0	1.22296
0	1.22231
0	1.22209
0	1.22319
0	1.2215
0	1.22246
0	1.22315
0	1.22276
0	1.22204
0	1.22024
0	1.21796
0	1.21817
0	1.21654
0	1.21802
0	1.22256
0	1.22108
0	1.22061
0	1.22026
0	1.22048
0	1.22209
0	1.22298
0	1.22242
0	1.22035
0	1.22103
0	1.22981
0	1.23243
0	1.23455
0	1.2359
0	1.23247
0	1.23064
0	1.22644
0	1.22747
0	1.22896
0	1.23215
0	1.2433
0	1.24627
0	1.24752
0	1.24837
0	1.25762
0	1.25988
0	1.25741
0	1.26122
0	1.2607
0	1.26008
0	1.26123
0	1.2599
0	1.25695
0	1.2615
0	1.26228
0	1.26291
0	1.26631
0	1.26832
0	1.26664
0	1.26286
0	1.26153
0	1.26273
0	1.26423
0	1.26698
0	1.2666
0	1.26584
0	1.26522
0	1.26686
0	1.26681
0	1.26413
0	1.26446
0	1.26328
0	1.26461
0	1.26576
0	1.26456
0	1.26417
0	1.26568
0	1.26709
0	1.26705
0	1.26713
0	1.26908
0	1.26573
0	1.26586
0	1.26712
0	1.26689
0	1.26543
0	1.26433
0	1.26628
0	1.26745
0	1.27894
0	1.27846
0	1.28194
0	1.28285
0	1.28374
0	1.28584
0	1.2882
0	1.28574
0	1.2879
0	1.29289
0	1.29406
0	1.29069
0	1.29095
0	1.29249
0	1.29199
0	1.29822
0	1.32731
0	1.32985
0	1.3372
0	1.33165
0	1.33111
0	1.32642
0	1.33191
0	1.3285
0	1.32296
0	1.32221
0	1.32536
0	1.3287
0	1.32533
0	1.32981
0	1.33071
0	1.33103
0	1.33027
0	1.32899
0	1.33027
0	1.32992
0	1.32961
0	1.3309
0	1.32629
0	1.3271
0	1.32932
0	1.32638
0	1.32721
0	1.32093
0	1.29756
0	1.26165
0	1.24432
0	1.23772
0	1.22943
0	1.25405
0	1.26794
0	1.2594
0	1.26273
0	1.26075
0	1.27973
0	1.27519
0	1.26622
0	1.26281
0	1.2628
0	1.26958
0	1.26644
0	1.26402
0	1.26802
0	1.27504
0	1.31186
0	1.30209
0	1.30418
0	1.29673
0	1.28735
0	1.28787
0	1.28259
0	1.29828
0	1.29187
0	1.29288
0	1.29565
0	1.28936
0	1.29156
0	1.29277
0	1.28902
0	1.29249
0	1.29248
0	1.29584
0	1.2984
0	1.29724
0	1.30142
0	1.29968
0	1.29782
0	1.29567
0	1.29334
0	1.29431
0	1.28489
0	1.28737
0	1.28653
0	1.28846
0	1.28938
0	1.28497
0	1.2931
0	1.29369
0	1.29213
0	1.29153
0	1.29019
0	1.29364
0	1.29107
0	1.29291
0	1.29186
0	1.29499
0	1.2937
0	1.29833
0	1.29647
0	1.29134
0	1.29118
0	1.29414
0	1.2942
0	1.28343
0	1.28796
0	1.29
0	1.28909
0	1.28834
0	1.29127
0	1.2964
0	1.29453
0	1.29603
0	1.29298
0	1.29497
0	1.30635
0	1.29298
0	1.3008
0	1.29786
0	1.29999
0	1.2982
0	1.2999
0	1.30188
0	1.30574
0	1.30709
0	1.30733
0	1.30929
0	1.3222
0	1.33359
0	1.32857
0	1.31961
0	1.32312
0	1.32871
0	1.32419
0	1.31794
0	1.31908
0	1.32116
0	1.32175
0	1.3277
0	1.32548
0	1.32147
0	1.32299
0	1.32097
0	1.32028
0	1.3183
0	1.3113
0	1.31233
0	1.31525
0	1.31345
0	1.31521
0	1.31319
0	1.31131
0	1.31256
0	1.31885
0	1.31547
0	1.31514
0	1.31802
0	1.31716
0	1.31473
0	1.31533
0	1.31246
0	1.31178
0	1.31159
0	1.31026
0	1.31231
0	1.31288
0	1.31563
0	1.3151
0	1.31547
0	1.31651
0	1.31582
0	1.3159
0	1.31778
0	1.31526
0	1.31551
0	1.31331
0	1.3133
0	1.31496
0	1.3164
0	1.31422
0	1.31605
0	1.31593
0	1.313
0	1.31029
0	1.30349
0	1.30536
0	1.30379
0	1.30389
0	1.30479
0	1.30301
0	1.3033
0	1.30692
0	1.30785
0	1.30582
0	1.30746
0	1.30735
0	1.30692
0	1.30462
0	1.30608
0	1.30889
0	1.30882
0	1.30435
0	1.30607
0	1.30839
0	1.29189
0	1.29543
0	1.30154
0	1.30479
0	1.30019
0	1.29843
0	1.2947
0	1.29739
0	1.29837
0	1.30067
0	1.30553
0	1.30056
0	1.30191
0	1.30632
0	1.30393
0	1.30401
0	1.30545
0	1.3048
0	1.30154
0	1.30187
0	1.30215
0	1.30494
0	1.30973
0	1.30809
0	1.31152
0	1.30878
0	1.31052
0	1.30853
0	1.30841
0	1.3092
0	1.30938
0	1.30892
0	1.30849
0	1.30878
0	1.3111
0	1.31143
0	1.31221
0	1.30953
0	1.31084
0	1.30751
0	1.30871
0	1.30802
0	1.30774
0	1.30779
0	1.30756
0	1.30581
0	1.3054
0	1.30664
0	1.30611
0	1.30628
0	1.30709
0	1.30845
0	1.31
0	1.31084
0	1.31033
0	1.3108
0	1.31005
0	1.30954
0	1.30997
0	1.31241
0	1.31045
0	1.31074
0	1.31226
0	1.31096
0	1.31035
0	1.31
0	1.31002
0	1.30831
0	1.30848
0	1.30878
0	1.30929
0	1.30826
0	1.30925
0	1.30953
0	1.30835
0	1.30759
0	1.30821
0	1.30812
0	1.30626
0	1.30728
0	1.30661
0	1.30745
0	1.30696
0	1.30594
0	1.30608
0	1.30605
0	1.3063
0	1.30558
0	1.30695
0	1.30894
0	1.30841
0	1.3078
0	1.30772
0	1.30667
0	1.30756
0	1.30962
0	1.30931
0	1.31126
0	1.31005
0	1.31032
0	1.30973
0	1.30911
0	1.30806
0	1.30908
0	1.30913
0	1.30622
0	1.30625
0	1.30595
0	1.30589
0	1.30669
0	1.30546
0	1.30487
0	1.30103
0	1.30104
0	1.30376
0	1.30251
0	1.30134
0	1.30197
0	1.3024
0	1.3052
0	1.30622
0	1.30485
0	1.30451
0	1.30541
0	1.30433
0	1.304
0	1.30448
0	1.30425
0	1.30521
0	1.30438
0	1.30273
0	1.30335
0	1.30415
0	1.30307
0	1.30266
0	1.30188
0	1.30354
0	1.3044
0	1.30362
0	1.30368
0	1.30237
0	1.30018
0	1.30067
0	1.30029
0	1.30007
0	1.29844
0	1.29942
0	1.29947
0	1.30052
0	1.30201
0	1.30151
0	1.30129
0	1.30166
0	1.3021
0	1.30216
0	1.30221
0	1.30292
0	1.30351
0	1.30478
0	1.3047
0	1.30471
0	1.30565
0	1.30577
0	1.30483
0	1.306
0	1.30623
0	1.30646
0	1.3068
0	1.30701
0	1.306
0	1.30601
0	1.30708
0	1.30728
0	1.30616
0	1.30572
0	1.30545
0	1.305
0	1.30565
0	1.30726
0	1.30662
0	1.30403
0	1.30402
0	1.3041
0	1.3037
0	1.30246
0	1.30291
0	1.30325
0	1.3032
0	1.3041
0	1.30474
0	1.30574
0	1.30666
0	1.30637
0	1.30717
0	1.30662
0	1.30625
0	1.31013
0	1.31174
0	1.31977
0	1.33075
0	1.33278
0	1.32335
0	1.32666
0	1.32232
0	1.32495
0	1.32614
0	1.32603
0	1.32848
0	1.32827
0	1.32287
0	1.32332
0	1.32292
0	1.32162
0	1.31987
0	1.31103
0	1.31017
0	1.31052
0	1.31023
0	1.30342
0	1.30806
0	1.30839
0	1.30884
0	1.31365
0	1.3152
0	1.31074
0	1.31246
0	1.31244
0	1.31277
0	1.31189
0	1.31102
0	1.31194
0	1.3116
0	1.31162
0	1.30452
0	1.30706
0	1.30758
0	1.30767
0	1.3082
0	1.3056
0	1.30545
0	1.27971
0	1.272
0	1.27785
0	1.27547
0	1.2755
0	1.27401
0	1.27098
0	1.27568
0	1.27583
0	1.27453
0	1.27466
0	1.27371
0	1.27191
0	1.27426
0	1.27767
0	1.27407
0	1.2683
0	1.27107
0	1.27196
0	1.27436
0	1.27425
0	1.27601
0	1.27697
0	1.27898
0	1.27791
0	1.27756
0	1.27599
0	1.27614
0	1.27642
0	1.27512
0	1.27543
0	1.27644
0	1.27425
0	1.27292
0	1.27405
0	1.27368
0	1.27302
0	1.27414
0	1.27335
0	1.27402
0	1.27441
0	1.27287
0	1.27304
0	1.2751
0	1.27581
0	1.2761
0	1.27516
0	1.27625
0	1.27318
0	1.26992
0	1.27165
0	1.27111
0	1.26918
0	1.27061
0	1.26657
0	1.25444
0	1.25434
0	1.2571
0	1.25578
0	1.25481
0	1.25931
0	1.26559
0	1.26458
0	1.25758
0	1.26171
0	1.26191
0	1.26039
0	1.25898
0	1.25523
0	1.25725
0	1.25107
0	1.25019
0	1.24737
0	1.2425
0	1.24553
0	1.24255
0	1.24518
0	1.23513
0	1.24082
0	1.24439
0	1.2488
0	1.24884
0	1.24853
0	1.24833
0	1.25227
0	1.25038
0	1.25468
0	1.25388
0	1.25351
0	1.25254
0	1.24946
0	1.25284
0	1.25508
0	1.25174
0	1.25269
0	1.25145
0	1.25293
0	1.24694
0	1.24934
0	1.24756
0	1.24819
0	1.24987
0	1.24832
0	1.24711
0	1.24874
0	1.25144
0	1.25019
0	1.24843
0	1.24873
0	1.24626
0	1.24721
0	1.2472
0	1.2489
0	1.24949
0	1.25105
0	1.24867
0	1.24931
0	1.24945
0	1.25295
0	1.25297
0	1.25154
0	1.25205
0	1.2544
0	1.25261
0	1.25172
0	1.25076
0	1.25072
0	1.24774
0	1.24907
0	1.24874
0	1.24928
0	1.2486
0	1.25067
0	1.25023
0	1.25133
0	1.2521
0	1.25155
0	1.25328
0	1.25195
0	1.25145
0	1.25904
0	1.25426
0	1.25232
0	1.25225
0	1.24903
0	1.24989
0	1.25017
0	1.27159
0	1.27364
0	1.26619
0	1.26984
0	1.27236
0	1.27931
0	1.27362
0	1.27107
0	1.27378
0	1.27236
0	1.2704
0	1.27152
0	1.27156
0	1.27235
0	1.27553
0	1.27668
0	1.2761
0	1.27968
0	1.28157
0	1.28503
0	1.28532
0	1.28266
0	1.28011
0	1.27903
0	1.28095
0	1.28355
0	1.27966
0	1.27896
0	1.27849
0	1.27894
0	1.27896
0	1.28064
0	1.28362
0	1.28322
0	1.28237
0	1.28107
0	1.27943
0	1.27799
0	1.27938
0	1.27619
0	1.27761
0	1.2748
0	1.27197
0	1.27453
0	1.27245
0	1.27471
0	1.27368
0	1.26851
0	1.26956
0	1.27125
0	1.27219
0	1.2714
0	1.27244
0	1.27321
0	1.27274
0	1.27134
0	1.27262
0	1.27075
0	1.27247
0	1.27201
0	1.27105
0	1.27139
0	1.27078
0	1.26953
0	1.27314
0	1.27654
0	1.27627
0	1.27603
0	1.27883
0	1.27777
0	1.27867
0	1.27805
0	1.28124
0	1.28013
0	1.28034
0	1.27918
0	1.278
0	1.27825
0	1.27918
0	1.2796
0	1.27742
0	1.27832
0	1.27508
0	1.27602
0	1.27781
0	1.27597
0	1.27375
0	1.27216
0	1.27336
0	1.26425
0	1.26317
0	1.26072
0	1.2597
0	1.26478
0	1.26616
0	1.26452
0	1.25981
0	1.26055
0	1.25912
0	1.26116
0	1.26019
0	1.26289
0	1.26339
0	1.26294
0	1.26842
0	1.26556
0	1.27077
0	1.26984
0	1.27526
0	1.28175
0	1.27523
0	1.27697
0	1.2726
0	1.27038
0	1.26932
0	1.26296
0	1.26516
0	1.26522
0	1.2639
0	1.26866
0	1.26793
0	1.26394
0	1.27264
0	1.27688
0	1.28722
0	1.29313
0	1.2907
0	1.29537
0	1.30198
0	1.30115
0	1.2989
0	1.29844
0	1.29606
0	1.29172
0	1.29528
0	1.29769
0	1.29576
0	1.29415
0	1.29608
0	1.29684
0	1.2932
0	1.29468
0	1.29727
0	1.29616
0	1.29592
0	1.29448
0	1.29682
0	1.29818
0	1.29703
0	1.29597
0	1.29844
0	1.29826
0	1.29846
0	1.29834
0	1.29868
0	1.29947
0	1.29933
0	1.30076
0	1.30321
0	1.30036
0	1.29952
0	1.30002
0	1.30155
0	1.29943
0	1.2984
0	1.29742
0	1.29671
0	1.29388
0	1.29771
0	1.29679
0	1.2981
0	1.29763
0	1.29642
0	1.29625
0	1.29809
0	1.29822
0	1.30139
0	1.30643
0	1.30499
0	1.30592
0	1.30239
0	1.30132
0	1.30102
0	1.30131
0	1.30258
0	1.29666
0	1.29656
0	1.2971
0	1.28881
0	1.28088
0	1.28347
0	1.28454
0	1.28787
0	1.2881
0	1.28446
0	1.29046
0	1.28941
0	1.28757
0	1.28814
0	1.2892
0	1.29152
0	1.28951
0	1.29076
0	1.28951
0	1.28825
0	1.28741
0	1.28708
0	1.28717
0	1.28168
0	1.28355
0	1.28516
0	1.28362
0	1.28627
0	1.28762
0	1.28943
0	1.28605
0	1.28806
0	1.28788
0	1.28832
0	1.28717
0	1.28597
0	1.28691
0	1.28697
0	1.28492
0	1.28354
0	1.28434
0	1.28429
0	1.2868
0	1.28676
0	1.28571
0	1.28689
0	1.28751
0	1.28902
0	1.29029
0	1.29133
0	1.29054
0	1.29038
0	1.30833
0	1.30865
0	1.30631
0	1.30505
0	1.30753
0	1.3051
0	1.30571
0	1.30519
0	1.30193
0	1.30296
0	1.30425
0	1.30484
0	1.30455
0	1.30429
0	1.30294
0	1.30345
0	1.30468
0	1.30295
0	1.30249
0	1.30263
0	1.30294
0	1.30142
0	1.29953
0	1.29879
0	1.29697
0	1.29689
0	1.29826
0	1.29919
0	1.29834
0	1.2967
0	1.29607
0	1.29781
0	1.29907
0	1.29862
0	1.29814
0	1.30005
0	1.29783
0	1.29905
0	1.30031
0	1.29839
0	1.29842
0	1.30078
0	1.30201
0	1.30118
0	1.29257
0	1.29199
0	1.29456
0	1.29446
0	1.30153
0	1.30195
0	1.30139
0	1.30142
0	1.30962
0	1.30568
0	1.30259
0	1.30745
0	1.30655
0	1.31002
0	1.31996
0	1.3177
0	1.31658
0	1.32031
0	1.31928
0	1.31942
0	1.31996
0	1.31466
0	1.31605
0	1.31613
0	1.31451
0	1.31193
0	1.31093
0	1.31316
0	1.31588
0	1.31918
0	1.3168
0	1.31567
0	1.31578
0	1.31612
0	1.31576
0	1.31719
0	1.31593
0	1.31584
0	1.31693
0	1.31697
0	1.31847
0	1.32043
0	1.31902
0	1.31804
0	1.31587
0	1.31668
0	1.31673
0	1.319
0	1.32508
0	1.32406
0	1.32143
0	1.31927
0	1.32136
0	1.31827
0	1.31488
0	1.31516
0	1.31581
0	1.31481
0	1.31267
0	1.31077
0	1.3102
0	1.30989
0	1.31134
0	1.31076
0	1.31003
0	1.30943
0	1.31067
0	1.31065
0	1.30914
0	1.3096
0	1.31063
0	1.30933
0	1.30938
0	1.31135
0	1.31143
0	1.31233
0	1.31143
0	1.31033
0	1.30554
0	1.30748
0	1.30923
0	1.30885
0	1.30753
0	1.30728
0	1.30888
0	1.30684
0	1.30728
0	1.3036
0	1.3054
0	1.30476
0	1.30548
0	1.30484
0	1.30536
0	1.30599
0	1.30538
0	1.30518
0	1.2975
0	1.29844
0	1.29717
0	1.29539
0	1.29122
0	1.29125
0	1.28046
0	1.27795
0	1.27718
0	1.27656
0	1.27399
0	1.27552
0	1.27708
0	1.27522
0	1.27889
0	1.28046
0	1.27867
0	1.2808
0	1.27969
0	1.2861
0	1.28322
0	1.28394
0	1.28736
0	1.28803
0	1.29075
0	1.29021
0	1.28969
0	28865.1
