0	0.3685
0	0.3673
0	0.3676
0	0.3672
0	0.3673
0	0.3683
0	0.3691
0	0.3682
0	0.3686
0	0.3689
0	0.3684
0	0.3667
0	0.3666
0	0.3668
0	0.3694
0	0.3707
0	0.3693
0	0.3685
0	0.3699
0	0.3701
0	0.3687
0	0.3688
0	0.3673
0	0.3673
0	0.3682
0	0.3699
0	0.3686
0	0.3677
0	0.3669
0	0.3681
0	0.3689
0	0.3697
0	0.3697
0	0.3698
0	0.3706
0	0.3692
0	0.3695
0	0.3699
0	0.3698
0	0.3701
0	0.3697
0	0.3712
0	0.3716
0	0.3718
0	0.3707
0	0.3702
0	0.3692
0	0.3682
0	0.3675
0	0.3685
0	0.3675
0	0.3682
0	0.366
0	0.3645
0	0.3653
0	0.3643
0	0.3639
0	0.364
0	0.3636
0	0.3643
0	0.3634
0	0.3608
0	0.3607
0	0.3593
0	0.3597
0	0.3601
0	0.3611
0	0.3626
0	0.3626
0	0.361
0	0.3594
0	0.3552
0	0.356
0	0.3579
0	0.3579
0	0.3581
0	0.3584
0	0.3593
0	0.3593
0	0.3592
0	0.3587
0	0.3576
0	0.3572
0	0.3569
0	0.3577
0	0.3574
0	0.3588
0	0.3585
0	0.3571
0	0.3571
0	0.3585
0	0.3584
0	0.3585
0	0.3586
0	0.3592
0	0.3587
0	0.3585
0	0.3587
0	0.3586
0	0.3587
0	0.3585
0	0.3582
0	0.3589
0	0.3594
0	0.3589
0	0.3597
0	0.359
0	0.3611
0	0.3609
0	0.3615
0	0.3587
0	0.3587
0	0.3572
0	0.3577
0	0.3584
0	0.3573
0	0.3569
0	0.3565
0	0.3573
0	0.3579
0	0.3584
0	0.3586
0	0.3582
0	0.3583
0	0.3593
0	0.3594
0	0.3592
0	0.3591
0	0.3584
0	0.3585
0	0.3591
0	0.3594
0	0.3592
0	0.3591
0	0.3575
0	0.3582
0	0.3597
0	0.3571
0	0.3575
0	0.3575
0	0.357
0	0.3573
0	0.3567
0	0.3563
0	0.3558
0	0.357
0	0.353
0	0.3527
0	0.3517
0	0.3508
0	0.3486
0	0.3484
0	0.3472
0	0.3451
0	0.3439
0	0.3449
0	0.3463
0	0.3465
0	0.3457
0	0.3456
0	0.3459
0	0.3451
0	0.3448
0	0.3438
0	0.3454
0	0.3468
0	0.3463
0	0.3463
0	0.3475
0	0.3477
0	0.3479
0	0.347
0	0.3461
0	0.3457
0	0.3452
0	0.3458
0	0.3467
0	0.3474
0	0.3465
0	0.3458
0	0.3469
0	0.3459
0	0.3462
0	0.3459
0	0.3464
0	0.3462
0	0.3453
0	0.346
0	0.3466
0	0.3473
0	0.3458
0	0.3453
0	0.3435
0	0.3455
0	0.3444
0	0.3439
0	0.345
0	0.3453
0	0.3452
0	0.3457
0	0.3455
0	0.3459
0	0.3457
0	0.3467
0	0.346
0	0.3468
0	0.3458
0	0.3454
0	0.3457
0	0.3456
0	0.346
0	0.3461
0	0.3462
0	0.3462
0	0.3458
0	0.3454
0	0.3455
0	0.3454
0	0.3454
0	0.3452
0	0.3452
0	0.3457
0	0.3444
0	0.3443
0	0.3442
0	0.344
0	0.3395
0	0.3396
0	0.3405
0	0.3397
0	0.3393
0	0.3398
0	0.3385
0	0.3405
0	0.3422
0	0.3421
0	0.3414
0	0.3423
0	0.3429
0	0.3435
0	0.3421
0	0.3431
0	0.3442
0	0.3442
0	0.3438
0	0.3422
0	0.3411
0	0.3384
0	0.3355
0	0.3363
0	0.3346
0	0.3369
0	0.3368
0	0.337
0	0.338
0	0.3386
0	0.3383
0	0.338
0	0.3379
0	0.338
0	0.3387
0	0.3381
0	0.3388
0	0.338
0	0.3375
0	0.3385
0	0.3397
0	0.3387
0	0.3377
0	0.337
0	0.3345
0	0.3367
0	0.3369
0	0.3378
0	0.3371
0	0.3375
0	0.3382
0	0.3384
0	0.3385
0	0.3377
0	0.3376
0	0.3385
0	0.3384
0	0.3383
0	0.3381
0	0.3383
0	0.338
0	0.3387
0	0.3382
0	0.338
0	0.3368
0	0.3389
0	0.3389
0	0.3395
0	0.3392
0	0.3389
0	0.3391
0	0.3391
0	0.3397
0	0.3394
0	0.3382
0	0.3384
0	0.3392
0	0.34
0	0.3398
0	0.34
0	0.3394
0	0.3391
0	0.3399
0	0.3392
0	0.3396
0	0.3399
0	0.3405
0	0.3408
0	0.3414
0	0.3424
0	0.3434
0	0.3421
0	0.3431
0	0.3436
0	0.344
0	0.3439
0	0.3443
0	0.3446
0	0.3449
0	0.3453
0	0.3448
0	0.3445
0	0.3438
0	0.3432
0	0.343
0	0.3432
0	0.344
0	0.3451
0	0.3444
0	0.3452
0	0.3451
0	0.3432
0	0.3439
0	0.3434
0	0.3412
0	0.3412
0	0.3407
0	0.3409
0	0.3406
0	0.3414
0	0.3409
0	0.341
0	0.3412
0	0.3413
0	0.3407
0	0.3408
0	0.3404
0	0.3406
0	0.3409
0	0.3407
0	0.3408
0	0.3409
0	0.3409
0	0.3409
0	0.3407
0	0.3408
0	0.3409
0	0.3415
0	0.3415
0	0.3418
0	0.342
0	0.3422
0	0.3426
0	0.3427
0	0.3424
0	0.3426
0	0.3423
0	0.3421
0	0.3429
0	0.3424
0	0.3425
0	0.3425
0	0.3431
0	0.3434
0	0.344
0	0.3441
0	0.3432
0	0.3435
0	0.3437
0	0.3433
0	0.3432
0	0.343
0	0.3435
0	0.3437
0	0.3437
0	0.344
0	0.3437
0	0.3444
0	0.3446
0	0.3439
0	0.343
0	0.3435
0	0.3435
0	0.344
0	0.3439
0	0.3436
0	0.3431
0	0.3429
0	0.3428
0	0.3421
0	0.3414
0	0.3414
0	0.3419
0	0.342
0	0.3423
0	0.3422
0	0.3415
0	0.3413
0	0.3423
0	0.343
0	0.3427
0	0.3429
0	0.3426
0	0.3433
0	0.3429
0	0.3434
0	0.3432
0	0.3428
0	0.342
0	0.3427
0	0.3414
0	0.3411
0	0.3407
0	0.3392
0	0.3395
0	0.3402
0	0.3389
0	0.3386
0	0.3388
0	0.3383
0	0.3385
0	0.3385
0	0.3388
0	0.3389
0	0.3387
0	0.3384
0	0.3374
0	0.3378
0	0.338
0	0.3376
0	0.3378
0	0.3377
0	0.3381
0	0.3374
0	0.3374
0	0.3373
0	0.3361
0	0.336
0	0.3361
0	0.3358
0	0.3367
0	0.3367
0	0.3369
0	0.3368
0	0.3366
0	0.3362
0	0.336
0	0.3364
0	0.3368
0	0.3368
0	0.3372
0	0.3367
0	0.3368
0	0.3365
0	0.3372
0	0.3374
0	0.3379
0	0.3382
0	0.3382
0	0.3377
0	0.3383
0	0.3384
0	0.3381
0	0.338
0	0.3385
0	0.3384
0	0.3381
0	0.338
0	0.3383
0	0.3384
0	0.3381
0	0.3382
0	0.3384
0	0.3384
0	0.3382
0	0.3379
0	0.3376
0	0.3371
0	0.3364
0	0.3371
0	0.3369
0	0.3372
0	0.3376
0	0.3374
0	0.3371
0	0.3372
0	0.3384
0	0.3384
0	0.338
0	0.3388
0	0.3388
0	0.3392
0	0.3396
0	0.3397
0	0.3391
0	0.3396
0	0.339
0	0.3386
0	0.339
0	0.3388
0	0.3387
0	0.3377
0	0.3386
0	0.3385
0	0.3386
0	0.3381
0	0.3384
0	0.3382
0	0.3386
0	0.3389
0	0.3384
0	0.3382
0	0.3387
0	0.3389
0	0.339
0	0.3389
0	0.3366
0	0.3218
0	0.3243
0	0.3258
0	0.3253
0	0.3256
0	0.3274
0	0.3275
0	0.3266
0	0.3263
0	0.3261
0	0.3277
0	0.3287
0	0.3286
0	0.3277
0	0.3266
0	0.3281
0	0.3281
0	0.3299
0	0.3299
0	0.3316
0	0.332
0	0.3324
0	0.3317
0	0.3318
0	0.3371
0	0.336
0	0.3387
0	0.3378
0	0.3446
0	0.3424
0	0.343
0	0.3436
0	0.3449
0	0.3434
0	0.3451
0	0.3454
0	0.3448
0	0.3453
0	0.3456
0	0.3454
0	0.3448
0	0.3426
0	0.3433
0	0.3445
0	0.3451
0	0.3453
0	0.3435
0	0.3431
0	0.3425
0	0.3444
0	0.3433
0	0.344
0	0.3452
0	0.3453
0	0.3461
0	0.3457
0	0.3459
0	0.347
0	0.3506
0	0.3512
0	0.3512
0	0.3508
0	0.3535
0	0.3517
0	0.3525
0	0.3537
0	0.3536
0	0.353
0	0.3521
0	0.3512
0	0.351
0	0.351
0	0.3507
0	0.3505
0	0.3514
0	0.3517
0	0.3519
0	0.3534
0	0.3543
0	0.354
0	0.353
0	0.3533
0	0.3539
0	0.3535
0	0.3516
0	0.3514
0	0.3486
0	0.3486
0	0.3498
0	0.3485
0	0.3492
0	0.3482
0	0.3473
0	0.3457
0	0.3478
0	0.3459
0	0.345
0	0.3437
0	0.345
0	0.3443
0	0.3449
0	0.3431
0	0.3432
0	0.3428
0	0.3423
0	0.3428
0	0.3431
0	0.343
0	0.3425
0	0.3448
0	0.3445
0	0.3436
0	0.3452
0	0.3458
0	0.3472
0	0.3479
0	0.3492
0	0.3512
0	0.3502
0	0.3494
0	0.3487
0	0.348
0	0.3488
0	0.3491
0	0.3483
0	0.3482
0	0.3456
0	0.3465
0	0.3448
0	0.346
0	0.3475
0	0.3473
0	0.3458
0	0.3464
0	0.3474
0	0.3458
0	0.3461
0	0.3454
0	0.3447
0	0.3441
0	0.3444
0	0.3441
0	0.3451
0	0.3455
0	0.346
0	0.3461
0	0.3451
0	0.3453
0	0.3463
0	0.3464
0	0.3466
0	0.3432
0	0.3436
0	0.3424
0	0.3437
0	0.3434
0	0.3429
0	0.3427
0	0.3427
0	0.3418
0	0.3431
0	0.3427
0	0.342
0	0.3428
0	0.3422
0	0.3427
0	0.3428
0	0.3435
0	0.3436
0	0.3446
0	0.3451
0	0.3456
0	0.3465
0	0.3463
0	0.3459
0	0.3458
0	0.345
0	0.3452
0	0.3454
0	0.3452
0	0.3441
0	0.3437
0	0.3435
0	0.3442
0	0.3444
0	0.3445
0	0.3434
0	0.3436
0	0.3428
0	0.3433
0	0.3435
0	0.3432
0	0.3459
0	0.3462
0	0.3467
0	0.346
0	0.3455
0	0.3465
0	0.3479
0	0.3491
0	0.3505
0	0.3504
0	0.3497
0	0.3486
0	0.3482
0	0.3492
0	0.3491
0	0.3474
0	0.3482
0	0.3494
0	0.349
0	0.3493
0	0.3474
0	0.3476
0	0.3484
0	0.3482
0	0.3485
0	0.349
0	0.3494
0	0.3498
0	0.3494
0	0.3492
0	0.3497
0	0.3496
0	0.3488
0	0.3494
0	0.3504
0	0.3506
0	0.3507
0	0.3508
0	0.35
0	0.3492
0	0.3485
0	0.3485
0	0.3491
0	0.3491
0	0.3484
0	0.3481
0	0.3487
0	0.3479
0	0.3487
0	0.3492
0	0.3488
0	0.3492
0	0.3482
0	0.3483
0	0.3487
0	0.348
0	0.3454
0	0.3458
0	0.3472
0	0.3476
0	0.348
0	0.3482
0	0.3466
0	0.3477
0	0.3477
0	0.3478
0	0.3479
0	0.3469
0	0.3475
0	0.3485
0	0.3496
0	0.3503
0	0.3476
0	0.3457
0	0.3469
0	0.3468
0	0.3469
0	0.3463
0	0.3447
0	0.3451
0	0.3456
0	0.3466
0	0.3456
0	0.3456
0	0.3449
0	0.3456
0	0.3458
0	0.3468
0	0.3476
0	0.3468
0	0.3479
0	0.3472
0	0.348
0	0.3482
0	0.3469
0	0.3459
0	0.3455
0	0.3458
0	0.3457
0	0.3453
0	0.3446
0	0.3442
0	0.3447
0	0.3455
0	0.3453
0	0.3461
0	0.3455
0	0.3457
0	0.3467
0	0.3466
0	0.3474
0	0.3474
0	0.3473
0	0.3475
0	0.3476
0	0.3478
0	0.3473
0	0.3459
0	0.3448
0	0.3451
0	0.3451
0	0.3438
0	0.3444
0	0.345
0	0.3441
0	0.3438
0	0.3437
0	0.3444
0	0.3443
0	0.3435
0	0.3417
0	0.3401
0	0.3417
0	0.3422
0	0.3424
0	0.3423
0	0.3423
0	0.3405
0	0.3414
0	0.3418
0	0.3405
0	0.3406
0	0.3415
0	0.3423
0	0.3415
0	0.3409
0	0.3401
0	0.3387
0	0.3405
0	0.3406
0	0.3393
0	0.3414
0	0.3423
0	0.3415
0	0.3413
0	0.3397
0	0.3411
0	0.3404
0	0.3402
0	0.3398
0	0.3395
0	0.3395
0	0.3388
0	0.338
0	0.3386
0	0.3395
0	0.34
0	0.3398
0	0.34
0	0.3403
0	0.3409
0	0.3412
0	0.3414
0	0.341
0	0.3417
0	0.3416
0	0.3418
0	0.3413
0	0.3414
0	0.3414
0	0.3409
0	0.3402
0	0.3394
0	0.3393
0	0.3394
0	0.3375
0	0.338
0	0.338
0	0.3378
0	0.3392
0	0.3393
0	0.3404
0	0.3399
0	0.3387
0	0.3381
0	0.3372
0	0.3369
0	0.3376
0	0.3379
0	0.3386
0	0.3383
0	0.3389
0	0.339
0	0.3394
0	0.3384
0	0.3378
0	0.3359
0	0.3364
0	0.3355
0	0.3355
0	0.3357
0	0.3364
0	0.3352
0	0.3337
0	0.3324
0	0.3336
0	0.334
0	0.3344
0	0.335
0	0.3351
0	0.3353
0	0.3356
0	0.3359
0	0.3361
0	0.3346
0	0.3354
0	0.3354
0	0.3359
0	0.3361
0	0.3363
0	0.3366
0	0.3355
0	0.3362
0	0.3352
0	0.3349
0	0.3346
0	0.3342
0	0.335
0	0.3356
0	0.3347
0	0.3343
0	0.3339
0	0.3371
0	0.3367
0	0.3362
0	0.3366
0	0.3348
0	0.3362
0	0.3359
0	0.3352
0	0.3366
0	0.3379
0	0.3372
0	0.3365
0	0.3365
0	0.3371
0	0.3367
0	0.3371
0	0.3373
0	0.3373
0	0.3388
0	0.34
0	0.3399
0	0.3402
0	0.3394
0	0.3409
0	0.3416
0	0.342
0	0.3422
0	0.3414
0	0.3409
0	0.3407
0	0.3412
0	0.3411
0	0.3418
0	0.3419
0	0.3416
0	0.3421
0	0.3425
0	0.346
0	0.3457
0	0.3446
0	0.3441
0	0.3443
0	0.3428
0	0.3431
0	0.3438
0	0.3445
0	0.3447
0	0.3442
0	0.3447
0	0.3445
0	0.3454
0	0.3443
0	0.3445
0	0.3434
0	0.3429
0	0.3435
0	0.3426
0	0.3425
0	0.3428
0	0.3432
0	0.3428
0	0.3429
0	0.3431
0	0.3434
0	0.3427
0	0.3429
0	0.342
0	0.3417
0	0.3418
0	0.3419
0	0.3423
0	0.3424
0	0.3424
0	0.3426
0	0.3421
0	0.3421
0	0.3422
0	0.3421
0	0.3421
0	0.3423
0	0.3425
0	0.3426
0	0.3428
0	0.3426
0	0.3426
0	0.343
0	0.3429
0	0.3429
0	0.3431
0	0.3427
0	0.3422
0	0.342
0	0.3424
0	0.3427
0	0.3427
0	0.3432
0	0.3439
0	0.3433
0	0.3435
0	0.3437
0	0.344
0	0.3446
0	0.3444
0	0.3449
0	0.3448
0	0.3448
0	0.3447
0	0.344
0	0.3432
0	0.3434
0	0.343
0	0.3427
0	0.3432
0	0.3432
0	0.3435
0	0.345
0	0.3451
0	0.3456
0	0.3452
0	0.3447
0	0.3448
0	0.3448
0	0.3448
0	0.3449
0	0.3444
0	0.3445
0	0.3439
0	0.3437
0	0.3435
0	0.3437
0	0.3435
0	0.3433
0	0.3431
0	0.3439
0	0.3437
0	0.3433
0	0.3435
0	0.3442
0	0.3445
0	0.3433
0	0.34
0	0.3407
0	0.3409
0	0.3409
0	0.3394
0	0.3405
0	0.3411
0	0.3403
0	0.3402
0	0.3407
0	0.3411
0	0.3414
0	0.3414
0	0.3413
0	0.3412
0	0.3412
0	0.3408
0	0.34
0	0.3396
0	0.3399
0	0.3404
0	0.3408
0	0.3407
0	0.3399
0	0.3404
0	0.3409
0	0.3404
0	0.3408
0	0.3409
0	0.34
0	0.3401
0	0.3401
0	0.3402
0	0.3401
0	0.3402
0	0.3408
0	0.3399
0	0.34
0	0.3403
0	0.3402
0	0.3401
0	0.3402
0	0.34
0	0.3396
0	0.3397
0	0.3387
0	0.3388
0	0.3393
0	0.3393
0	0.3392
0	0.3391
0	0.3396
0	0.3394
0	0.3393
0	0.3395
0	0.3403
0	0.3406
0	0.341
0	0.3406
0	0.341
0	0.3414
0	0.343
0	0.3413
0	0.3401
0	0.34
0	0.3403
0	0.3403
0	0.3399
0	0.3399
0	0.3393
0	0.3396
0	0.34
0	0.3399
0	0.3399
0	0.3398
0	0.3398
0	0.3404
0	0.3403
0	0.3417
0	0.341
0	0.342
0	0.3413
0	0.3418
0	0.3414
0	0.3416
0	0.3408
0	0.3409
0	0.3414
0	0.3419
0	0.3422
0	0.3436
0	0.3442
0	0.3443
0	0.3452
0	0.3463
0	0.3441
0	0.3442
0	0.347
0	0.3472
0	0.3491
0	0.3501
0	0.3503
0	0.3495
0	0.3512
0	0.3529
0	0.3506
0	0.3497
0	0.3508
0	0.3524
0	0.3516
0	0.353
0	0.3542
0	0.3527
0	0.3518
0	0.3514
0	0.3517
0	0.3516
0	0.3518
0	0.3515
0	0.3503
0	0.3499
0	0.3484
0	0.3485
0	0.3492
0	0.3488
0	0.3489
0	0.3482
0	0.3494
0	0.3496
0	0.3495
0	0.3496
0	0.3493
0	0.35
0	0.3499
0	0.3497
0	0.351
0	0.3523
0	0.3514
0	0.3522
0	0.3508
0	0.3503
0	0.3504
0	0.3502
0	0.3511
0	0.3514
0	0.353
0	0.3537
0	0.3544
0	0.3535
0	0.349
0	0.3507
0	0.3516
0	0.3527
0	0.3534
0	0.3525
0	0.3529
0	0.3558
0	0.3553
0	0.3559
0	0.3547
0	0.3559
0	0.3554
0	0.3556
0	0.3552
0	0.3547
0	0.3555
0	0.3561
0	0.3553
0	0.3531
0	0.3542
0	0.3541
0	0.3549
0	0.356
0	0.3555
0	0.3501
0	0.352
0	0.3509
0	0.3504
0	0.3511
0	0.3503
0	0.3493
0	0.3476
0	0.3493
0	0.3492
0	0.3495
0	0.3499
0	0.3479
0	0.3484
0	0.3491
0	0.349
0	0.35
0	0.3509
0	0.3517
0	0.352
0	0.3502
0	0.349
0	0.35
0	0.3487
0	0.3495
0	0.348
0	0.3447
0	0.3462
0	0.3468
0	0.3473
0	0.3474
0	0.3489
0	0.349
0	0.3477
0	0.347
0	0.3482
0	0.3482
0	0.3474
0	0.3485
0	0.3494
0	0.3485
0	0.3486
0	0.348
0	0.3482
0	0.3491
0	0.3474
0	0.3477
0	0.3472
0	0.3472
0	0.3487
0	0.349
0	0.3495
0	0.3483
0	0.3488
0	0.3483
0	0.3489
0	0.3491
0	0.35
0	0.3506
0	0.35
0	0.3505
0	0.35
0	0.3489
0	0.3491
0	0.3492
0	0.3483
0	0.3486
0	0.3469
0	0.3477
0	0.3482
0	0.348
0	0.3482
0	0.3495
0	0.3492
0	0.3486
0	0.3499
0	0.3502
0	0.3493
0	0.349
0	0.3502
0	0.3498
0	0.3494
0	0.3484
0	0.3485
0	0.3486
0	0.3494
0	0.3505
0	0.35
0	0.3506
0	0.3514
0	0.3516
0	0.3522
0	0.353
0	0.3524
0	0.3531
0	0.3534
0	0.3535
0	0.3536
0	0.3533
0	0.354
0	0.3536
0	0.3526
0	0.3526
0	0.3524
0	0.3526
0	0.3515
0	0.3512
0	0.3512
0	0.3526
0	0.3523
0	0.3511
0	0.3507
0	0.3505
0	0.3504
0	0.3513
0	0.3505
0	0.3508
0	0.3491
0	0.3494
0	0.3491
0	0.3485
0	0.3487
0	0.3494
0	0.3483
0	0.3492
0	0.3489
0	0.349
0	0.3494
0	0.3505
0	0.3508
0	0.3552
0	0.366
0	0.3635
0	0.3624
0	0.3635
0	0.3628
0	0.3627
0	0.3616
0	0.3589
0	0.358
0	0.3596
0	0.3611
0	0.3616
0	0.3622
0	0.3626
0	0.3628
0	0.3599
0	0.3617
0	0.3629
0	0.3628
0	0.3646
0	0.3633
0	0.3643
0	0.3638
0	0.3641
0	0.364
0	0.3631
0	0.3625
0	0.3623
0	0.3619
0	0.3624
0	0.3619
0	0.3614
0	0.3639
0	0.3653
0	0.3645
0	0.3642
0	0.3665
0	0.3654
0	0.3694
0	0.3719
0	0.3724
0	0.3712
0	0.3723
0	0.3693
0	0.3695
0	0.3701
0	0.3725
0	0.3722
0	0.3699
0	0.3708
0	0.3716
0	0.3712
0	0.3701
0	0.3716
0	0.3703
0	0.3704
0	0.3724
0	0.3727
0	0.3724
0	0.3748
0	0.3719
0	0.3707
0	0.372
0	0.3722
0	0.3725
0	0.3711
0	0.3713
0	0.3703
0	0.3701
0	0.3694
0	0.371
0	0.3718
0	0.3718
0	0.3708
0	0.3716
0	0.3738
0	0.3728
0	0.3728
0	0.3741
0	0.3719
0	0.3746
0	0.3719
0	0.3713
0	0.3725
0	0.3716
0	0.3708
0	0.3723
0	0.373
0	0.374
0	0.3764
0	0.3771
0	0.3781
0	0.3766
0	0.3777
0	0.3768
0	0.3773
0	0.377
0	0.3782
0	0.3756
0	0.3756
0	0.3743
0	0.3732
0	0.372
0	0.3728
0	0.3725
0	0.3722
0	0.3719
0	0.373
0	0.3734
0	0.3726
0	0.3734
0	0.3722
0	0.374
0	0.3741
0	0.3733
0	0.3737
0	0.3723
0	0.3709
0	0.372
0	0.3716
0	0.3707
0	0.369
0	0.3699
0	0.3702
0	0.369
0	0.3705
0	0.3705
0	0.3699
0	0.3701
0	0.3698
0	0.3665
0	0.3686
0	0.373
0	0.3713
0	0.37
0	0.3652
0	0.3668
0	0.3682
0	0.367
0	0.3666
0	0.3673
0	0.3678
0	0.3683
0	0.3676
0	0.3674
0	0.3672
0	0.3692
0	0.3724
0	0.3753
0	0.375
0	0.3731
0	0.3751
0	0.3757
0	0.3753
0	0.3762
0	0.3765
0	0.3751
0	0.3754
0	0.377
0	0.3758
0	0.3768
0	0.3748
0	0.3761
0	0.377
0	0.3766
0	0.376
0	0.3757
0	0.3757
0	0.3756
0	0.3752
0	0.375
0	0.3756
0	0.3748
0	0.3734
0	0.3751
0	0.3719
0	0.3732
0	0.373
0	0.372
0	0.3722
0	0.372
0	0.3727
0	0.3721
0	0.3745
0	0.3751
0	0.3772
0	0.377
0	0.3772
0	0.3788
0	0.3777
0	0.3788
0	0.3784
0	0.3781
0	0.3784
0	0.3786
0	0.3775
0	0.3763
0	0.3755
0	0.3767
0	0.3758
0	0.3768
0	0.3771
0	0.3754
0	0.3761
0	0.3765
0	0.3747
0	0.3752
0	0.3747
0	0.3749
0	0.3771
0	0.377
0	0.3775
0	0.3772
0	0.3774
0	0.377
0	0.3773
0	0.3766
0	0.3757
0	0.3744
0	0.3749
0	0.3746
0	0.3748
0	0.374
0	0.3732
0	0.3723
0	0.3701
0	0.3711
0	0.372
0	0.3709
0	0.3717
0	0.3708
0	0.3708
0	0.3721
0	0.3737
0	0.3745
0	0.3737
0	0.374
0	0.3716
0	0.3729
0	0.3728
0	0.3716
0	0.3734
0	0.3738
0	0.3739
0	0.3736
0	0.3747
0	0.374
0	0.375
0	0.3746
0	0.3754
0	0.3764
0	0.3762
0	0.3765
0	0.3771
0	0.3758
0	0.3776
0	0.3787
0	0.3798
0	0.3799
0	0.383
0	0.3843
0	0.3848
0	0.3861
0	0.3857
0	0.3837
0	0.3852
0	0.3843
0	0.3858
0	0.3858
0	0.3872
0	0.3887
0	0.3955
0	0.3937
0	0.3961
0	0.3947
0	0.4023
0	0.4033
0	0.404
0	0.4027
0	0.4033
0	0.4033
0	0.4015
0	0.4014
0	0.4003
0	0.4012
0	0.4005
0	0.4018
0	0.4006
0	0.4006
0	0.3986
0	0.3988
0	0.4008
0	0.402
0	0.4039
0	0.4022
0	0.4037
0	0.4071
0	0.405
0	0.4056
0	0.4034
0	0.404
0	0.4047
0	0.4057
0	0.408
0	0.4075
0	0.3988
0	0.3908
0	0.3843
0	0.3904
0	0.3888
0	0.3858
0	0.3901
0	0.3918
0	0.3934
0	0.3929
0	0.3918
0	0.3925
0	0.391
0	0.3926
0	0.3955
0	0.3944
0	0.3941
0	0.3933
0	0.3952
0	0.3944
0	0.3941
0	0.3939
0	0.3903
0	0.3914
0	0.3898
0	0.3916
0	0.3922
0	0.3939
0	0.3945
0	0.3929
0	0.3928
0	0.393
0	0.394
0	0.3934
0	0.393
0	0.3914
0	0.392
0	0.3911
0	0.3929
0	0.393
0	0.3936
0	0.3939
0	0.3939
0	0.3923
0	0.3917
0	0.392
0	0.3926
0	0.393
0	0.3924
0	0.3914
0	0.392
0	0.3916
0	0.3925
0	0.3925
0	0.3942
0	0.3947
0	0.3953
0	0.3962
0	0.3966
0	0.3953
0	0.3943
0	0.3937
0	0.386
0	0.3896
0	0.3886
0	0.3872
0	0.3891
0	0.3899
0	0.3895
0	0.3901
0	0.3884
0	0.3872
0	0.3876
0	0.3879
0	0.3898
0	0.3904
0	0.3901
0	0.3889
0	0.3895
0	0.3892
0	0.3882
0	0.3895
0	0.3894
0	0.3887
0	0.3881
0	0.3888
0	0.3885
0	0.3873
0	0.3859
0	0.3863
0	0.3868
0	0.388
0	0.3871
0	0.385
0	0.3849
0	0.3815
0	0.3816
0	0.3827
0	0.3825
0	0.3843
0	0.3843
0	0.3834
0	0.3834
0	0.3843
0	0.383
0	0.3841
0	0.3836
0	0.384
0	0.3836
0	0.383
0	0.3818
0	0.3805
0	0.3821
0	0.3827
0	0.3828
0	0.3816
0	0.383
0	0.3832
0	0.3835
0	0.3858
0	0.3872
0	0.3871
0	0.3876
0	0.3885
0	0.3876
0	0.3875
0	0.3872
0	0.3863
0	0.3876
0	0.3887
0	0.388
0	0.3865
0	0.3859
0	0.3867
0	0.3867
0	0.3865
0	0.386
0	0.3853
0	0.3857
0	0.3856
0	0.3848
0	0.3846
0	0.3857
0	0.3871
0	0.3867
0	0.3858
0	0.3865
0	0.3856
0	0.3835
0	0.3835
0	0.3843
0	0.3856
0	0.3851
0	0.3853
0	0.3849
0	0.3845
0	0.389
0	0.3864
0	0.3873
0	0.3872
0	0.39
0	0.3881
0	0.3899
0	0.3898
0	0.3888
0	0.3918
0	0.3929
0	0.3946
0	0.3922
0	0.4021
0	0.3982
0	0.4054
0	0.4019
0	0.4027
0	0.4018
0	0.4021
0	0.4017
0	0.401
0	0.4035
0	0.4031
0	0.403
0	0.3999
0	0.3985
0	0.3974
0	0.3945
0	0.3942
0	0.3929
0	0.393
0	0.3846
0	0.3857
0	0.3853
0	0.3836
0	0.3864
0	0.386
0	0.3855
0	0.3854
0	0.3871
0	0.3875
0	0.3873
0	0.3857
0	0.3851
0	0.3849
0	0.3848
0	0.3847
0	0.3857
0	0.3856
0	0.3857
0	0.385
0	0.3864
0	0.3858
0	0.3852
0	0.3849
0	0.3846
0	0.386
0	0.3854
0	0.385
0	0.3788
0	0.3837
0	0.3851
0	0.3858
0	0.3871
0	0.3862
0	0.3859
0	0.3872
0	0.3872
0	0.3874
0	0.3887
0	0.3892
0	0.3895
0	0.3891
0	0.3883
0	0.3905
0	0.3925
0	0.3912
0	0.3921
0	0.3927
0	0.3916
0	0.3929
0	0.3913
0	0.3909
0	0.3891
0	0.3877
0	0.3885
0	0.3881
0	0.3891
0	0.389
0	0.3876
0	0.3872
0	0.3852
0	0.3869
0	0.3875
0	0.3855
0	0.3878
0	0.3865
0	0.3863
0	0.3847
0	0.3825
0	0.3816
0	0.3804
0	0.3804
0	0.3798
0	0.3806
0	0.3816
0	0.382
0	0.3816
0	0.3818
0	0.3823
0	0.3835
0	0.3834
0	0.3854
0	0.3844
0	0.385
0	0.3855
0	0.3856
0	0.3864
0	0.3876
0	0.3879
0	0.3872
0	0.3866
0	0.3869
0	0.3882
0	0.3886
0	0.3889
0	0.3899
0	0.3897
0	0.3894
0	0.3891
0	0.3909
0	0.3893
0	0.3876
0	0.3886
0	0.3883
0	0.3882
0	0.3881
0	0.387
0	0.3863
0	0.3863
0	0.3856
0	0.3867
0	0.3881
0	0.3879
0	0.389
0	0.3889
0	0.3881
0	0.3882
0	0.3887
0	0.3882
0	0.3881
0	0.39
0	0.3881
0	0.3866
0	0.3879
0	0.3883
0	0.3888
0	0.3862
0	0.3871
0	0.3853
0	0.3879
0	0.3885
0	0.3885
0	0.3893
0	0.3872
0	0.388
0	0.389
0	0.3889
0	0.3901
0	0.3914
0	0.3924
0	0.3939
0	0.395
0	0.394
0	0.3929
0	0.3941
0	0.3957
0	0.3961
0	0.3945
0	0.3921
0	0.3928
0	0.3907
0	0.3912
0	0.3909
0	0.3912
0	0.3908
0	0.3889
0	0.3897
0	0.3881
0	0.3878
0	0.3868
0	0.3864
0	0.3869
0	0.3879
0	0.3873
0	0.3877
0	0.3857
0	0.3864
0	0.3862
0	0.3861
0	0.3864
0	0.3877
0	0.39
0	0.391
0	0.3899
0	0.388
0	0.3874
0	0.3873
0	0.3885
0	0.3869
0	0.3869
0	0.3872
0	0.3872
0	0.3873
0	0.3879
0	0.3874
0	0.3893
0	0.3891
0	0.3874
0	0.3882
0	0.3874
0	0.3874
0	0.3891
0	0.3903
0	0.3863
0	0.3864
0	0.3867
0	0.3873
0	0.388
0	0.3866
0	0.3884
0	0.3894
0	0.3884
0	0.3886
0	0.3886
0	0.3902
0	0.3906
0	0.3914
0	0.389
0	0.3905
0	0.391
0	0.3914
0	0.3908
0	0.3918
0	0.3907
0	0.392
0	0.3921
0	0.3943
0	0.3927
0	0.3926
0	0.3933
0	0.3943
0	0.3939
0	0.39
0	0.3819
0	0.3794
0	0.3725
0	0.3702
0	0.3759
0	0.3813
0	0.378
0	0.3783
0	0.3785
0	0.381
0	0.3828
0	0.3811
0	0.3828
0	0.3838
0	0.3857
0	0.3885
0	0.3898
0	0.3891
0	0.3867
0	0.3854
0	0.3857
0	0.3855
0	0.3843
0	0.3865
0	0.3852
0	0.3809
0	0.3803
0	0.3811
0	0.3818
0	0.3789
0	0.3809
0	0.3794
0	0.3782
0	0.3795
0	0.3793
0	0.3805
0	0.3786
0	0.3795
0	0.3805
0	0.3808
0	0.3783
0	0.3771
0	0.3785
0	0.3782
0	0.3772
0	0.38
0	0.3788
0	0.3784
0	0.3787
0	0.3802
0	0.3808
0	0.381
0	0.3814
0	0.3827
0	0.3833
0	0.3823
0	0.3839
0	0.3839
0	0.3846
0	0.3842
0	0.3837
0	0.3849
0	0.3843
0	0.3837
0	0.3841
0	0.3847
0	0.3832
0	0.3833
0	0.385
0	0.3831
0	0.3838
0	0.3854
0	0.3865
0	0.3881
0	0.3868
0	0.3877
0	0.3896
0	0.3869
0	0.3851
0	0.3852
0	0.3847
0	0.3865
0	0.388
0	0.3859
0	0.3898
0	0.3853
0	0.3885
0	0.3934
0	0.391
0	0.388
0	0.3857
0	0.3855
0	0.3869
0	0.3869
0	0.3889
0	0.3888
0	0.3909
0	0.3907
0	0.3907
0	0.39
0	0.39
0	0.3904
0	0.3925
0	0.3934
0	0.3923
0	0.3919
0	0.3914
0	0.3912
0	0.3904
0	0.3919
0	0.3934
0	0.3935
0	0.3937
0	0.3943
0	0.3951
0	0.3945
0	0.3954
0	0.394
0	0.3946
0	0.3923
0	0.3919
0	0.3933
0	0.3929
0	0.3926
0	0.3933
0	0.3931
0	0.3944
0	0.3931
0	0.3928
0	0.3906
0	0.392
0	0.3903
0	0.3902
0	0.391
0	0.3923
0	0.3914
0	0.3908
0	0.3899
0	0.3917
0	0.3916
0	0.3904
0	0.3909
0	0.3919
0	0.3909
0	0.3904
0	0.3916
0	0.3918
0	0.3891
0	0.3867
0	0.3876
0	0.3878
0	0.3886
0	0.3881
0	0.387
0	0.387
0	0.387
0	0.388
0	0.3884
0	0.3889
0	0.3893
0	0.3883
0	0.3878
0	0.3891
0	0.3909
0	0.3911
0	0.3912
0	0.391
0	0.3905
0	0.3905
0	0.3914
0	0.3921
0	0.3934
0	0.3925
0	0.3924
0	0.3915
0	0.391
0	0.3912
0	0.3926
0	0.3933
0	0.3929
0	0.3929
0	0.3925
0	0.3922
0	0.3922
0	0.3919
0	0.3923
0	0.3915
0	0.3921
0	0.3921
0	0.3936
0	0.3935
0	0.3932
0	0.3928
0	0.394
0	0.3944
0	0.3954
0	0.3971
0	0.3972
0	0.3956
0	0.396
0	0.3963
0	0.3964
0	0.3963
0	0.3981
0	0.398
0	0.3984
0	0.4004
0	0.4008
0	0.4024
0	0.4045
0	0.4054
0	0.4051
0	0.4063
0	0.4044
0	0.4113
0	0.4099
0	0.4103
0	0.4105
0	0.4106
0	0.4102
0	0.41
0	0.4119
0	0.4121
0	0.4132
0	0.4129
0	0.4098
0	0.4102
0	0.4102
0	0.4081
0	0.4097
0	0.4099
0	0.41
0	0.4102
0	0.4107
0	0.4111
0	0.4099
0	0.4093
0	0.4064
0	0.4088
0	0.41
0	0.4103
0	0.4108
0	0.4113
0	0.4104
0	0.4099
0	0.4092
0	0.4099
0	0.4104
0	0.4084
0	0.4087
0	0.4093
0	0.4103
0	0.4102
0	0.4097
0	0.4102
0	0.4106
0	0.4103
0	0.4115
0	0.4094
0	0.4119
0	0.4092
0	0.4105
0	0.411
0	0.4119
0	0.4137
0	0.4162
0	0.4043
0	0.4066
0	0.4083
0	0.406
0	0.4079
0	0.4094
0	0.4086
0	0.4104
0	0.4105
0	0.4106
0	0.4114
0	0.41
0	0.4092
0	0.4082
0	0.4094
0	0.409
0	0.4099
0	0.4096
0	0.4092
0	0.4099
0	0.4119
0	0.4115
0	0.4084
0	0.4111
0	0.41
0	0.4115
0	0.4106
0	0.4113
0	0.4111
0	0.4116
0	0.4105
0	0.4098
0	0.4102
0	0.4108
0	0.4122
0	0.4127
0	0.4128
0	0.4138
0	0.4136
0	0.4128
0	0.4118
0	0.4109
0	0.411
0	0.4109
0	0.4111
0	0.4114
0	0.4116
0	0.4105
0	0.4087
0	0.4088
0	0.4034
0	0.4075
0	0.4038
0	0.402
0	0.4034
0	0.4054
0	0.4055
0	0.4058
0	0.4053
0	0.4047
0	0.4042
0	0.4037
0	0.4044
0	0.4032
0	0.401
0	0.4003
0	0.4019
0	0.4035
0	0.4044
0	0.4039
0	0.4046
0	0.4045
0	0.4045
0	0.4053
0	0.4058
0	0.406
0	0.4057
0	0.4063
0	0.4065
0	0.4061
0	0.4077
0	0.407
0	0.4068
0	0.4076
0	0.4055
0	0.4046
0	0.4046
0	0.4038
0	0.4043
0	0.4059
0	0.4051
0	0.4042
0	0.4046
0	0.4037
0	0.4035
0	0.4035
0	0.404
0	0.4048
0	0.4045
0	0.405
0	0.4042
0	0.4045
0	0.4042
0	0.4033
0	0.4036
0	0.4053
0	0.4066
0	0.407
0	0.4073
0	0.4078
0	0.4069
0	0.4059
0	0.4068
0	0.4059
0	0.408
0	0.4089
0	0.4047
0	0.4052
0	0.4056
0	0.406
0	0.408
0	0.407
0	0.4074
0	0.4089
0	0.4106
0	0.409
0	0.409
0	0.4089
0	0.4082
0	0.4076
0	0.4076
0	0.4058
0	0.4065
0	0.4069
0	0.405
0	0.4014
0	0.4014
0	0.4003
0	0.398
0	0.3981
0	0.3982
0	0.3999
0	0.3998
0	0.4005
0	0.3984
0	0.3989
0	0.4004
0	0.4013
0	0.4006
0	0.4004
0	0.4004
0	0.401
0	0.4021
0	0.4037
0	0.4036
0	0.4104
0	0.4094
0	0.4078
0	0.4065
0	0.4082
0	0.4084
0	0.4088
0	0.409
0	0.4099
0	0.4093
0	0.4075
0	0.4051
0	0.4043
0	0.4043
0	0.4049
0	0.4065
0	0.407
0	0.4071
0	0.4072
0	0.4075
0	0.408
0	0.4085
0	0.4098
0	0.4093
0	0.4095
0	0.408
0	0.4091
0	0.4136
0	0.4288
0	0.4313
0	0.4256
0	0.4218
0	0.4228
0	0.4226
0	0.421
0	0.4211
0	0.4193
0	0.4193
0	0.4221
0	0.4205
0	0.4205
0	0.4202
0	0.4207
0	0.4233
0	0.4228
0	0.4275
0	0.4253
0	0.4272
0	0.427
0	0.4265
0	0.4265
0	0.4239
0	0.4192
0	0.4217
0	0.4231
0	0.4156
0	0.4186
0	0.421
0	0.4216
0	0.4216
0	0.4212
0	0.4191
0	0.4231
0	0.4233
0	0.4211
0	0.4221
0	0.4225
0	0.4231
0	0.424
0	0.4254
0	0.4253
0	0.4245
0	0.4275
0	0.4253
0	0.4298
0	0.4268
0	0.4295
0	0.4313
0	0.4287
0	0.4293
0	0.4283
0	0.4301
0	0.4302
0	0.428
0	0.4273
0	0.426
0	0.4248
0	0.4266
0	0.4273
0	0.4253
0	0.4239
0	0.4234
0	0.4228
0	0.4238
0	0.4224
0	0.4242
0	0.422
0	0.4204
0	0.4203
0	0.4214
0	0.4223
0	0.4243
0	0.4233
0	0.4234
0	0.4247
0	0.4241
0	0.4229
0	0.4246
0	0.4223
0	0.4213
0	0.4221
0	0.4218
0	0.4195
0	0.4205
0	0.4218
0	0.4219
0	0.4198
0	0.4208
0	0.4217
0	0.4225
0	0.4223
0	0.4232
0	0.4245
0	0.424
0	0.424
0	0.4251
0	0.4267
0	0.4282
0	0.426
0	0.4259
0	0.4219
0	0.4242
0	0.4249
0	0.4233
0	0.4243
0	0.4228
0	0.4228
0	0.4218
0	0.4236
0	0.4218
0	0.4211
0	0.4228
0	0.4233
0	0.4232
0	0.4232
0	0.4235
0	0.4194
0	0.4202
0	0.4216
0	0.4191
0	0.421
0	0.4215
0	0.4219
0	0.4221
0	0.4212
0	0.4211
0	0.4205
0	0.4214
0	0.4211
0	0.42
0	0.4185
0	0.4194
0	0.4195
0	0.4204
0	0.4209
0	0.422
0	0.4224
0	0.4222
0	0.4225
0	0.4233
0	0.4229
0	0.4242
0	0.4214
0	0.422
0	0.4191
0	0.4213
0	0.4211
0	0.4206
0	0.4201
0	0.4162
0	0.4159
0	0.4063
0	0.41
0	0.4084
0	0.4077
0	0.4083
0	0.4064
0	0.4078
0	0.4057
0	0.4021
0	0.4052
0	0.4054
0	0.402
0	0.3982
0	0.4011
0	0.4012
0	0.4045
0	0.4059
0	0.4051
0	0.4035
0	0.4042
0	0.405
0	0.4042
0	0.4045
0	0.4054
0	0.4063
0	0.4064
0	0.4065
0	0.4058
0	0.4057
0	0.4043
0	0.4054
0	0.4055
0	0.4069
0	0.4085
0	0.408
0	0.4097
0	0.4095
0	0.409
0	0.4095
0	0.4093
0	0.4088
0	0.4102
0	0.4098
0	0.4077
0	0.407
0	0.4066
0	0.4052
0	0.4048
0	0.4057
0	0.405
0	0.4066
0	0.4062
0	0.4062
0	0.4052
0	0.4055
0	0.4088
0	0.4079
0	0.4087
0	0.4078
0	0.4071
0	0.4089
0	0.4067
0	0.4055
0	0.406
0	0.4047
0	0.4051
0	0.404
0	0.4033
0	0.4048
0	0.4052
0	0.4059
0	0.4062
0	0.4067
0	0.4061
0	0.4073
0	0.4075
0	0.405
0	0.4053
0	0.4056
0	0.4065
0	0.4058
0	0.406
0	0.4083
0	0.4088
0	0.4106
0	0.4114
0	0.4116
0	0.4135
0	0.4143
0	0.4143
0	0.4146
0	0.4156
0	0.4165
0	0.4194
0	0.4206
0	0.4205
0	0.4198
0	0.4195
0	0.4137
0	0.4157
0	0.4166
0	0.4182
0	0.417
0	0.4166
0	0.4152
0	0.4162
0	0.4166
0	0.4149
0	0.4136
0	0.4148
0	0.4145
0	0.4147
0	0.4143
0	0.4134
0	0.4128
0	0.4143
0	0.4138
0	0.4118
0	0.4114
0	0.4114
0	0.4129
0	0.4131
0	0.414
0	0.4145
0	0.4136
0	0.4136
0	0.4143
0	0.4151
0	0.4124
0	0.4126
0	0.4124
0	0.4117
0	0.4113
0	0.411
0	0.4089
0	0.4103
0	0.4099
0	0.4111
0	0.4111
0	0.4122
0	0.4112
0	0.4115
0	0.412
0	0.4107
0	0.412
0	0.4105
0	0.4113
0	0.4103
0	0.4112
0	0.4119
0	0.4111
0	0.4113
0	0.4121
0	0.412
0	0.4127
0	0.4119
0	0.4111
0	0.4112
0	0.414
0	0.4143
0	0.414
0	0.4113
0	0.411
0	0.4119
0	0.4128
0	0.4114
0	0.4093
0	0.4074
0	0.4088
0	0.4096
0	0.4093
0	0.4096
0	0.4088
0	0.4081
0	0.4075
0	0.4082
0	0.4102
0	0.4105
0	0.4103
0	0.4095
0	0.411
0	0.411
0	0.4125
0	0.413
0	0.413
0	0.412
0	0.4128
0	0.4101
0	0.4105
0	0.4113
0	0.412
0	0.4112
0	0.4109
0	0.4105
0	0.4096
0	0.4096
0	0.41
0	0.4104
0	0.4092
0	0.4099
0	0.4075
0	0.4078
0	0.4072
0	0.4068
0	0.4046
0	0.4015
0	0.4001
0	0.4021
0	0.4031
0	0.4041
0	0.4052
0	0.4054
0	0.4059
0	0.406
0	0.4058
0	0.4053
0	0.4059
0	0.4053
0	0.4035
0	0.4036
0	0.4044
0	0.4054
0	0.4057
0	0.4047
0	0.406
0	0.4059
0	0.4063
0	0.4052
0	0.4059
0	0.4064
0	0.4075
0	0.4065
0	0.4078
0	0.4079
0	0.4064
0	0.407
0	0.4071
0	0.4087
0	0.4089
0	0.4082
0	0.4087
0	0.4079
0	0.4073
0	0.4064
0	0.4075
0	0.4075
0	0.4067
0	0.4078
0	0.4072
0	0.4057
0	0.4064
0	0.4073
0	0.4054
0	0.4063
0	0.4062
0	0.4065
0	0.4054
0	0.4058
0	0.4063
0	0.4084
0	0.4084
0	0.4087
0	0.4062
0	0.4075
0	0.4084
0	0.4086
0	0.4086
0	0.4088
0	0.4098
0	0.4096
0	0.4103
0	0.4101
0	0.4106
0	0.4111
0	0.412
0	0.4121
0	0.4125
0	0.4123
0	0.4126
0	0.4124
0	0.4129
0	0.4119
0	0.4101
0	0.4108
0	0.4119
0	0.4124
0	0.4116
0	0.4103
0	0.4112
0	0.41
0	0.4103
0	0.4117
0	0.4122
0	0.4119
0	0.4128
0	0.4107
0	0.4122
0	0.4154
0	0.4141
0	0.413
0	0.4119
0	0.413
0	0.4115
0	0.411
0	0.41
0	0.4109
0	0.4107
0	0.4108
0	0.4097
0	0.41
0	0.4105
0	0.4109
0	0.4113
0	0.412
0	0.4125
0	0.4132
0	0.4126
0	0.4118
0	0.4141
0	0.4128
0	0.4113
0	0.4119
0	0.4126
0	0.412
0	0.4101
0	0.4107
0	0.4111
0	0.4105
0	0.4102
0	0.4103
0	0.41
0	0.4103
0	0.4108
0	0.4113
0	0.4106
0	0.4112
0	0.4105
0	0.411
0	0.4098
0	0.4093
0	0.4107
0	0.4112
0	0.4108
0	0.4109
0	0.4102
0	0.41
0	0.4097
0	0.408
0	0.4073
0	0.4074
0	0.4077
0	0.4075
0	0.4086
0	0.4088
0	0.4076
0	0.4091
0	0.4087
0	0.4095
0	0.409
0	0.4098
0	0.4099
0	0.4096
0	0.4092
0	0.4088
0	0.408
0	0.4081
0	0.4086
0	0.4082
0	0.408
0	0.4077
0	0.4085
0	0.4091
0	0.4092
0	0.4093
0	0.4096
0	0.4088
0	0.4082
0	0.4077
0	0.4062
0	0.4071
0	0.4065
0	0.407
0	0.4074
0	0.4077
0	0.4069
0	0.4063
0	0.4068
0	0.4065
0	0.4069
0	0.407
0	0.4078
0	0.407
0	0.4078
0	0.4099
0	0.4106
0	0.4114
0	0.4125
0	0.4137
0	0.411
0	0.4091
0	0.4104
0	0.4105
0	0.4102
0	0.4097
0	0.4104
0	0.41
0	0.4101
0	0.4102
0	0.4098
0	0.4103
0	0.4101
0	0.4103
0	0.4098
0	0.4107
0	0.4104
0	0.4098
0	0.4098
0	0.41
0	0.4099
0	0.4101
0	0.409
0	0.4097
0	0.4101
0	0.4104
0	0.4103
0	0.4109
0	0.4104
0	0.4105
0	0.4122
0	0.4127
0	0.4121
0	0.413
0	0.4132
0	0.4137
0	0.4131
0	0.4122
0	0.4114
0	0.4113
0	0.4122
0	0.4113
0	0.4118
0	0.4113
0	0.4115
0	0.4123
0	0.4128
0	0.4122
0	0.4117
0	0.412
0	0.411
0	0.4123
0	0.4125
0	0.4123
0	0.4124
0	0.413
0	0.412
0	0.4117
0	0.4124
0	0.4121
0	0.4123
0	0.413
0	0.414
0	0.4142
0	0.4139
0	0.4128
0	0.4137
0	0.4144
0	0.4146
0	0.4152
0	0.4154
0	0.4169
0	0.4159
0	0.4138
0	0.4143
0	0.4141
0	0.4134
0	0.4129
0	0.4135
0	0.4139
0	0.413
0	0.413
0	0.4133
0	0.4131
0	0.4129
0	0.414
0	0.413
0	0.4135
0	0.4134
0	0.4148
0	0.4136
0	0.4168
0	0.4192
0	0.4168
0	0.4155
0	0.414
0	0.4125
0	0.408
0	0.4109
0	0.4104
0	0.4104
0	0.4121
0	0.4121
0	0.4132
0	0.4137
0	0.4145
0	0.4144
0	0.415
0	0.4139
0	0.413
0	0.4125
0	0.4115
0	0.4127
0	0.4125
0	0.4116
0	0.4122
0	0.4128
0	0.4121
0	0.4101
0	0.4097
0	0.4108
0	0.4114
0	0.4089
0	0.4106
0	0.4099
0	0.4028
0	0.4031
0	0.4014
0	0.3993
0	0.4003
0	0.4005
0	0.4006
0	0.3998
0	0.4
0	0.4006
0	0.3996
0	0.3976
0	0.3987
0	0.399
0	0.3987
0	0.4002
0	0.401
0	0.4013
0	0.3989
0	0.3994
0	0.4011
0	0.401
0	0.4018
0	0.4033
0	0.401
0	0.4001
0	0.399
0	0.4
0	0.4012
0	0.4003
0	0.3995
0	0.3998
0	0.4005
0	0.4001
0	0.4005
0	0.3998
0	0.4006
0	0.4009
0	0.3996
0	0.4013
0	0.392
0	0.3939
0	0.3929
0	0.3953
0	0.3955
0	0.394
0	0.3952
0	0.395
0	0.3953
0	0.3958
0	0.3939
0	0.3933
0	0.3929
0	0.392
0	0.3919
0	0.3931
0	0.3931
0	0.394
0	0.3944
0	0.3934
0	0.3923
0	0.391
0	0.3898
0	0.3923
0	0.3908
0	0.3903
0	0.3929
0	0.3908
0	0.3927
0	0.3923
0	0.3929
0	0.3928
0	0.3919
0	0.3909
0	0.3906
0	0.3915
0	0.3924
0	0.3927
0	0.3916
0	0.3912
0	0.3907
0	0.3913
0	0.3911
0	0.3895
0	0.3898
0	0.3905
0	0.3926
0	0.3923
0	0.3935
0	0.3942
0	0.395
0	0.3957
0	0.3948
0	0.3963
0	0.3973
0	0.3985
0	0.3979
0	0.3987
0	0.4008
0	0.3986
0	0.3976
0	0.4002
0	0.3994
0	0.3995
0	0.399
0	0.3984
0	0.3984
0	0.3999
0	0.3994
0	0.4013
0	0.4008
0	0.4015
0	0.4025
0	0.4014
0	0.4029
0	0.4019
0	0.4013
0	0.4015
0	0.4025
0	0.4019
0	0.4016
0	0.4026
0	0.4025
0	0.4022
0	0.4032
0	0.4032
0	0.403
0	0.4029
0	0.404
0	0.4043
0	0.4051
0	0.4059
0	0.4068
0	0.4063
0	0.4054
0	0.407
0	0.4072
0	0.4083
0	0.4097
0	0.4099
0	0.4092
0	0.4082
0	0.4078
0	0.4074
0	0.4061
0	0.4041
0	0.4033
0	0.4051
0	0.4053
0	0.4042
0	0.4052
0	0.4073
0	0.4062
0	0.4058
0	0.4065
0	0.4057
0	0.405
0	0.4039
0	0.4037
0	0.403
0	0.4033
0	0.403
0	0.4026
0	0.4021
0	0.4023
0	0.4025
0	0.401
0	0.4026
0	0.4029
0	0.4027
0	0.4025
0	0.403
0	0.4038
0	0.4047
0	0.4049
0	0.405
0	0.4058
0	0.406
0	0.4037
0	0.4024
0	0.4018
0	0.4012
0	0.4007
0	0.4
0	0.4009
0	0.4021
0	0.4026
0	0.4002
0	0.4002
0	0.3992
0	0.401
0	0.4007
0	0.4002
0	0.4019
0	0.4019
0	0.4008
0	0.4021
0	0.4028
0	0.4027
0	0.4028
0	0.4042
0	0.4043
0	0.4026
0	0.4031
0	0.4034
0	0.4042
0	0.4028
0	0.4036
0	0.403
0	0.4044
0	0.4035
0	0.4032
0	0.4038
0	0.404
0	0.4035
0	0.4028
0	0.4018
0	0.4008
0	0.4006
0	0.3978
0	0.3988
0	0.399
0	0.3987
0	0.3988
0	0.3984
0	0.3989
0	0.3986
0	0.3985
0	0.3976
0	0.4004
0	0.4013
0	0.4018
0	0.404
0	0.4023
0	0.4069
0	0.4078
0	0.4099
0	0.4108
0	0.4113
0	0.4121
0	0.4137
0	0.4146
0	0.4136
0	0.4133
0	0.4146
0	0.4142
0	0.4136
0	0.4144
0	0.4145
0	0.4152
0	0.4133
0	0.4131
0	0.4127
0	0.4124
0	0.4167
0	0.4167
0	0.4139
0	0.4137
0	0.4122
0	0.411
0	0.4119
0	0.4116
0	0.4117
0	0.413
0	0.414
0	0.4139
0	0.4136
0	0.4127
0	0.4123
0	0.4133
0	0.4138
0	0.414
0	0.4153
0	0.4144
0	0.4137
0	0.4124
0	0.411
0	0.4115
0	0.4133
0	0.4117
0	0.4116
0	0.4126
0	0.4122
0	0.4129
0	0.413
0	0.4143
0	0.414
0	0.415
0	0.4143
0	0.4142
0	0.4153
0	0.4148
0	0.4139
0	0.4145
0	0.4144
0	0.4142
0	0.4147
0	0.4143
0	0.4144
0	0.4146
0	0.4148
0	0.4149
0	0.4145
0	0.4155
0	0.4147
0	0.4147
0	0.4141
0	0.4134
0	0.4143
0	0.4149
0	0.4136
0	0.4119
0	0.4113
0	0.4122
0	0.4136
0	0.4142
0	0.4139
0	0.4147
0	0.4149
0	0.4152
0	0.4144
0	0.4135
0	0.4142
0	0.4136
0	0.415
0	0.4166
0	0.4188
0	0.4181
0	0.415
0	0.4139
0	0.4123
0	0.4133
0	0.413
0	0.4129
0	0.413
0	0.4142
0	0.4132
0	0.4116
0	0.411
0	0.4094
0	0.4092
0	0.4101
0	0.4107
0	0.4108
0	0.411
0	0.4096
0	0.4089
0	0.4098
0	0.4105
0	0.4107
0	0.4104
0	0.4105
0	0.4104
0	0.4103
0	0.4098
0	0.4088
0	0.4084
0	0.4075
0	0.4067
0	0.4084
0	0.4084
0	0.4095
0	0.4101
0	0.4112
0	0.4107
0	0.4109
0	0.4118
0	0.4115
0	0.4123
0	0.4113
0	0.4124
0	0.4125
0	0.4116
0	0.41
0	0.4105
0	0.41
0	0.4108
0	0.4094
0	0.4108
0	0.4105
0	0.4104
0	0.4107
0	0.4113
0	0.4117
0	0.4119
0	0.4123
0	0.4126
0	0.4121
0	0.4128
0	0.4124
0	0.4135
0	0.4131
0	0.4124
0	0.4114
0	0.4113
0	0.4108
0	0.4107
0	0.4108
0	0.4111
0	0.4113
0	0.4112
0	0.4099
0	0.4079
0	0.4074
0	0.4068
0	0.4073
0	0.4099
0	0.4102
0	0.4094
0	0.411
0	0.4112
0	0.4102
0	0.411
0	0.411
0	0.4098
0	0.4092
0	0.4084
0	0.4079
0	0.4095
0	0.4074
0	0.4072
0	0.4079
0	0.408
0	0.4089
0	0.409
0	0.4093
0	0.4098
0	0.409
0	0.4097
0	0.4097
0	0.4104
0	0.4105
0	0.4102
0	0.4109
0	0.4102
0	0.4107
0	0.4107
0	0.4111
0	0.4115
0	0.412
0	0.4116
0	0.4123
0	0.412
0	0.4117
0	0.4106
0	0.4118
0	0.4117
0	0.4113
0	0.4106
0	0.4094
0	0.41
0	0.4095
0	0.4088
0	0.4086
0	0.4085
0	0.4092
0	0.4089
0	0.4089
0	0.4087
0	0.4085
0	0.4088
0	0.4082
0	0.408
0	0.4086
0	0.4086
0	0.4082
0	0.4078
0	0.4085
0	0.4083
0	0.4085
0	0.408
0	0.4086
0	0.409
0	0.4092
0	0.409
0	0.4096
0	0.4095
0	0.409
0	0.409
0	0.4088
0	0.409
0	0.409
0	0.4094
0	0.4091
0	0.4093
0	0.4094
0	0.4105
0	0.41
0	0.4101
0	0.4107
0	0.4109
0	0.4109
0	0.4116
0	0.4105
0	0.4113
0	0.4115
0	0.4124
0	0.4122
0	0.4122
0	0.4127
0	0.4119
0	0.4112
0	0.4113
0	0.4119
0	0.4126
0	0.4121
0	0.4117
0	0.4132
0	0.4119
0	0.4121
0	0.4119
0	0.4123
0	0.4127
0	0.4125
0	0.4141
0	0.4151
0	0.4194
0	0.4151
0	0.4141
0	0.4141
0	0.4145
0	0.4155
0	0.4168
0	0.4165
0	0.4157
0	0.4149
0	0.4138
0	0.4155
0	0.4159
0	0.4149
0	0.4143
0	0.4139
0	0.4144
0	0.4146
0	0.4145
0	0.4143
0	0.4147
0	0.4153
0	0.4103
0	0.4106
0	0.4113
0	0.4105
0	0.4101
0	0.4093
0	0.4098
0	0.4099
0	0.4087
0	0.4089
0	0.4101
0	0.4096
0	0.4088
0	0.4088
0	0.4095
0	0.4087
0	0.4078
0	0.4086
0	0.4087
0	0.4087
0	0.4096
0	0.4098
0	0.4095
0	0.4096
0	0.4097
0	0.4092
0	0.4089
0	0.4091
0	0.4103
0	0.4103
0	0.4104
0	0.41
0	0.4104
0	0.41
0	0.4101
0	0.4104
0	0.4116
0	0.411
0	0.411
0	0.4106
0	0.4103
0	0.41
0	0.4103
0	0.4105
0	0.4106
0	0.4103
0	0.4103
0	0.4102
0	0.41
0	0.4092
0	0.4097
0	0.4096
0	0.4085
0	0.4018
0	0.4027
0	0.4038
0	0.4043
0	0.4035
0	0.4038
0	0.4047
0	0.4034
0	0.4031
0	0.4031
0	0.4028
0	0.4002
0	0.4002
0	0.3997
0	0.3995
0	0.3991
0	0.3989
0	0.398
0	0.3979
0	0.3971
0	0.3966
0	0.3979
0	0.3979
0	0.3975
0	0.3961
0	0.3966
0	0.3971
0	0.3976
0	0.3978
0	0.3978
0	0.3985
0	0.3985
0	0.3982
0	0.3961
0	0.3976
0	0.3971
0	0.3978
0	0.3986
0	0.3992
0	0.3994
0	0.3989
0	0.3989
0	0.3982
0	0.3992
0	0.3984
0	0.3998
0	0.4015
0	0.4027
0	0.4027
0	0.4025
0	0.4018
0	0.4028
0	0.3996
0	0.4005
0	0.3996
0	0.3989
0	0.3969
0	0.397
0	0.3974
0	0.398
0	0.3982
0	0.3998
0	0.4006
0	0.4001
0	0.3996
0	0.3984
0	0.3961
0	0.3965
0	0.3986
0	0.3982
0	0.3997
0	0.4004
0	0.3996
0	0.4005
0	0.3997
0	0.3986
0	0.3981
0	0.3996
0	0.3989
0	0.3995
0	0.3982
0	0.3982
0	0.3972
0	0.3971
0	0.3969
0	0.3976
0	0.3969
0	0.397
0	0.3969
0	0.396
0	0.3952
0	0.3956
0	0.3976
0	0.3975
0	0.397
0	0.3981
0	0.3974
0	0.3975
0	0.3976
0	0.3976
0	0.3966
0	0.397
0	0.3978
0	0.3977
0	0.3977
0	0.3978
0	0.3971
0	0.3976
0	0.4004
0	0.3997
0	0.4003
0	0.3989
0	0.3994
0	0.3999
0	0.3995
0	0.4002
0	0.4013
0	0.4016
0	0.4016
0	0.4017
0	0.4027
0	0.4032
0	0.4024
0	0.4021
0	0.4027
0	0.402
0	0.4025
0	0.4028
0	0.4028
0	0.4016
0	0.4003
0	0.3985
0	0.3972
0	0.3969
0	0.397
0	0.3962
0	0.3965
0	0.393
0	0.3919
0	0.3934
0	0.392
0	0.3927
0	0.3932
0	0.3921
0	0.3917
0	0.3925
0	0.3921
0	0.3908
0	0.3908
0	0.3915
0	0.393
0	0.394
0	0.3951
0	0.3949
0	0.3948
0	0.3943
0	0.3931
0	0.3928
0	0.3943
0	0.3943
0	0.3949
0	0.3952
0	0.3956
0	0.396
0	0.3961
0	0.3963
0	0.3969
0	0.3957
0	0.3948
0	0.3964
0	0.3946
0	0.395
0	0.3956
0	0.3943
0	0.3946
0	0.3935
0	0.3942
0	0.3959
0	0.3953
0	0.396
0	0.397
0	0.3974
0	0.3983
0	0.397
0	0.3962
0	0.3965
0	0.397
0	0.3976
0	0.3963
0	0.3966
0	0.3968
0	0.3973
0	0.3971
0	0.3969
0	0.3967
0	0.3971
0	0.397
0	0.3973
0	0.3964
0	0.3971
0	0.3963
0	0.3955
0	0.3941
0	0.3943
0	0.3945
0	0.395
0	0.394
0	0.3943
0	0.3947
0	0.3943
0	0.3933
0	0.3959
0	0.3998
0	0.3993
0	0.3933
0	0.3954
0	0.3968
0	0.3988
0	0.3986
0	0.3994
0	0.4001
0	0.3997
0	0.4016
0	0.4018
0	0.4016
0	0.4022
0	0.4021
0	0.4012
0	0.4019
0	0.4015
0	0.4015
0	0.403
0	0.4031
0	0.4046
0	0.4046
0	0.4044
0	0.4036
0	0.4031
0	0.4038
0	0.4045
0	0.4041
0	0.4032
0	0.4018
0	0.4015
0	0.4012
0	0.4025
0	0.4023
0	0.4011
0	0.402
0	0.401
0	0.4016
0	0.4002
0	0.4012
0	0.4004
0	0.4007
0	0.4002
0	0.4001
0	0.4007
0	0.4011
0	0.4005
0	0.401
0	0.4017
0	0.4024
0	0.4014
0	0.4019
0	0.4019
0	0.4019
0	0.4017
0	0.4018
0	0.4013
0	0.4012
0	0.4001
0	0.3999
0	0.3996
0	0.4004
0	0.4
0	0.4005
0	0.4002
0	0.4006
0	0.4009
0	0.4005
0	0.4009
0	0.4016
0	0.4015
0	0.402
0	0.4012
0	0.4017
0	0.4018
0	0.4009
0	0.4017
0	0.4002
0	0.4012
0	0.4015
0	0.4008
0	0.4002
0	0.4015
0	0.401
0	0.398
0	0.3989
0	0.3979
0	0.3972
0	0.3968
0	0.3959
0	0.3965
0	0.3982
0	0.3978
0	0.3985
0	0.398
0	0.3981
0	0.398
0	0.3974
0	0.3963
0	0.3964
0	0.3975
0	0.3974
0	0.3969
0	0.397
0	0.3949
0	0.3962
0	0.3965
0	0.3959
0	0.3981
0	0.3982
0	0.3988
0	0.3984
0	0.3986
0	0.3989
0	0.3988
0	0.3978
0	0.3977
0	0.3984
0	0.3986
0	0.3975
0	0.3973
0	0.398
0	0.3976
0	0.3989
0	0.3979
0	0.3977
0	0.3986
0	0.3964
0	0.3958
0	0.3967
0	0.3962
0	0.3946
0	0.3897
0	0.3904
0	0.3913
0	0.3909
0	0.3917
0	0.3921
0	0.3927
0	0.3925
0	0.3931
0	0.3929
0	0.3923
0	0.3924
0	0.3924
0	0.3924
0	0.3916
0	0.3932
0	0.3932
0	0.3937
0	0.3941
0	0.3939
0	0.3928
0	0.3933
0	0.3923
0	0.3929
0	0.3936
0	0.3935
0	0.394
0	0.3934
0	0.3942
0	0.3939
0	0.3946
0	0.3948
0	0.3937
0	0.3934
0	0.3944
0	0.3938
0	0.3941
0	0.394
0	0.3945
0	0.3944
0	0.3951
0	0.3947
0	0.3963
0	0.3972
0	0.3972
0	0.4006
0	0.4072
0	0.404
0	0.4064
0	0.4025
0	0.4017
0	0.4018
0	0.4033
0	0.4017
0	0.3987
0	0.3976
0	0.3997
0	0.3992
0	0.3976
0	0.3976
0	0.3983
0	0.3991
0	0.4005
0	0.4042
0	0.3994
0	0.392
0	0.3847
0	0.3879
0	0.3864
0	0.3863
0	0.3896
0	0.3884
0	0.3861
0	0.3851
0	0.3847
0	0.3856
0	0.384
0	0.3842
0	0.3813
0	0.3766
0	0.3806
0	0.3819
0	0.3827
0	0.3819
0	0.3832
0	0.3832
0	0.384
0	0.3833
0	0.3846
0	0.3829
0	0.3845
0	0.3836
0	0.3841
0	0.3848
0	0.3863
0	0.3867
0	0.3863
0	0.3858
0	0.3871
0	0.3876
0	0.3868
0	0.3856
0	0.3846
0	0.383
0	0.3836
0	0.3816
0	0.3841
0	0.3832
0	0.3841
0	0.3842
0	0.3858
0	0.3865
0	0.3859
0	0.3861
0	0.3871
0	0.3866
0	0.3859
0	0.3847
0	0.3855
0	0.3858
0	0.3854
0	0.3866
0	0.3857
0	0.3855
0	0.3858
0	0.3844
0	0.3856
0	0.386
0	0.3851
0	0.3845
0	0.384
0	0.3831
0	0.3845
0	0.3837
0	0.3833
0	0.3826
0	0.3842
0	0.3839
0	0.3844
0	0.3833
0	0.383
0	0.3832
0	0.3829
0	0.3835
0	0.3833
0	0.3822
0	0.3805
0	0.3799
0	0.38
0	0.3785
0	0.3786
0	0.3784
0	0.3788
0	0.3782
0	0.379
0	0.3805
0	0.3803
0	0.3811
0	0.3818
0	0.3825
0	0.3826
0	0.3832
0	0.3835
0	0.3844
0	0.3831
0	0.3835
0	0.384
0	0.3843
0	0.3828
0	0.3834
0	0.3805
0	0.3802
0	0.3825
0	0.382
0	0.3823
0	0.3808
0	0.381
0	0.3817
0	0.3829
0	0.3817
0	0.3816
0	0.3815
0	0.3807
0	0.3814
0	0.3812
0	0.3814
0	0.381
0	0.3808
0	0.3816
0	0.3823
0	0.3819
0	0.3815
0	0.3825
0	0.3827
0	0.3822
0	0.3823
0	0.3822
0	0.3821
0	0.3825
0	0.3828
0	0.383
0	0.3829
0	0.3825
0	0.3823
0	0.3816
0	0.3815
0	0.3811
0	0.3814
0	0.3811
0	0.3813
0	0.3815
0	0.3816
0	0.3817
0	0.3816
0	0.3819
0	0.3819
0	0.3822
0	0.382
0	0.3824
0	0.3822
0	0.382
0	0.3818
0	0.3817
0	0.3816
0	0.3814
0	0.3818
0	0.3822
0	0.3825
0	0.3828
0	0.3827
0	0.3821
0	0.3821
0	0.3822
0	0.3827
0	0.3828
0	0.3828
0	0.3825
0	0.3822
0	0.3822
0	0.3829
0	0.3827
0	0.3826
0	0.3822
0	0.3823
0	0.3821
0	0.3822
0	0.3813
0	0.3815
0	0.381
0	0.3814
0	0.3812
0	0.3813
0	0.3822
0	0.3813
0	0.3803
0	0.3804
0	0.3805
0	0.3811
0	0.3811
0	0.3812
0	0.3817
0	0.3821
0	0.3815
0	0.3814
0	0.3816
0	0.3819
0	0.3825
0	0.3834
0	0.3829
0	0.383
0	0.3836
0	0.3834
0	0.383
0	0.3835
0	0.3837
0	0.3833
0	0.3828
0	0.3831
0	0.3826
0	0.3828
0	0.3827
0	0.3824
0	0.382
0	0.3821
0	0.3819
0	0.3821
0	0.3818
0	0.3821
0	0.3818
0	0.3813
0	0.3812
0	0.3813
0	0.3811
0	0.381
0	0.3807
0	0.3812
0	0.3811
0	0.3811
0	0.3813
0	0.3816
0	0.3813
0	0.3815
0	0.3818
0	0.3819
0	0.3818
0	0.382
0	0.3819
0	0.3811
0	0.3812
0	0.3815
0	0.3818
0	0.3815
0	0.3821
0	0.3831
0	0.3827
0	0.3833
0	0.3827
0	0.3824
0	0.383
0	0.3827
0	0.3827
0	0.3825
0	0.3828
0	0.3825
0	0.3823
0	0.3824
0	0.3814
0	0.3816
0	0.3818
0	0.3814
0	0.3812
0	0.3814
0	0.3816
0	0.3818
0	0.3825
0	0.3822
0	0.3826
0	0.3817
0	0.3822
0	0.3825
0	0.3823
0	0.3825
0	0.3838
0	0.3837
0	0.3837
0	0.3838
0	0.3839
0	0.3837
0	0.3848
0	0.3837
0	0.384
0	0.3836
0	0.3835
0	0.3836
0	0.3838
0	0.3836
0	0.3837
0	0.3832
0	0.3831
0	0.3824
0	0.3814
0	0.3801
0	0.3777
0	0.3772
0	0.3751
0	0.376
0	0.3762
0	0.3757
0	0.3767
0	0.3739
0	0.3738
0	0.3747
0	0.3756
0	0.3765
0	0.3772
0	0.3764
0	0.3746
0	0.3732
0	0.3727
0	0.3717
0	0.3708
0	0.367
0	0.3703
0	0.3712
0	0.3701
0	0.3719
0	0.3717
0	0.372
0	0.3724
0	0.3733
0	0.3718
0	0.3728
0	0.3724
0	0.3734
0	0.374
0	0.3745
0	0.3748
0	0.3739
0	0.3736
0	0.3747
0	0.3751
0	0.3764
0	0.3759
0	0.3758
0	0.3739
0	0.3725
0	0.3703
0	0.3714
0	0.3669
0	0.3651
0	0.3651
0	0.3645
0	0.3645
0	0.3638
0	0.3656
0	0.3652
0	0.3653
0	0.3666
0	0.3671
0	0.3652
0	0.3664
0	0.3653
0	0.3651
0	0.3657
0	0.3664
0	0.367
0	0.3671
0	0.3676
0	0.369
0	0.3681
0	0.3699
0	0.3706
0	0.3698
0	0.3696
0	0.3686
0	0.3666
0	0.3686
0	0.3658
0	0.3665
0	0.3658
0	0.3653
0	0.3638
0	0.3638
0	0.3643
0	0.3664
0	0.3673
0	0.3689
0	0.3699
0	0.3698
0	0.3705
0	0.3698
0	0.3713
0	0.371
0	0.3723
0	0.3724
0	0.3721
0	0.3724
0	0.3725
0	0.3724
0	0.372
0	0.3712
0	0.3694
0	0.3705
0	0.371
0	0.3714
0	0.3727
0	0.3719
0	0.3703
0	0.3685
0	0.3676
0	0.3671
0	0.3662
0	0.3663
0	0.3659
0	0.3654
0	0.3649
0	0.3662
0	0.3663
0	0.3661
0	0.3662
0	0.3671
0	0.3668
0	0.3672
0	0.3678
0	0.3675
0	0.3668
0	0.3663
0	0.3664
0	0.3679
0	0.3686
0	0.3689
0	0.3694
0	0.3697
0	0.3704
0	0.3688
0	0.3683
0	0.3695
0	0.3702
0	0.3698
0	0.3703
0	0.3701
0	0.3687
0	0.3679
0	0.3672
0	0.3675
0	0.3668
0	0.3689
0	0.3691
0	0.37
0	0.3702
0	0.3703
0	0.3698
0	0.3697
0	0.3695
0	0.3684
0	0.3694
0	0.3698
0	0.3699
0	0.3694
0	0.3696
0	0.3697
0	0.3708
0	0.3694
0	0.3712
0	0.3684
0	0.3678
0	0.3701
0	0.376
0	0.3771
0	0.376
0	0.374
0	0.3756
0	0.3751
0	0.3736
0	0.3737
0	0.3744
0	0.3761
0	0.3764
0	0.3765
0	0.3758
0	0.377
0	0.3767
0	0.3776
0	0.3783
0	0.3783
0	0.379
0	0.3798
0	0.3795
0	0.3784
0	0.3786
0	0.3782
0	0.3785
0	0.3777
1	0.3784
1	0.3783
1	0.3784
1	0.3788
1	0.3794
1	0.3786
1	0.3793
1	0.3809
1	0.3826
1	0.3824
1	0.3819
1	0.3801
1	0.3792
1	0.3785
1	0.3794
1	0.379
1	0.3783
1	0.3778
1	0.3768
1	0.3777
1	0.3775
1	0.3781
1	0.378
1	0.3791
1	0.3805
1	0.3804
1	0.3803
1	0.3805
1	0.3816
1	0.3819
1	0.3808
1	0.3816
1	0.3802
1	0.3815
1	0.3804
1	0.3801
1	0.3807
1	0.3819
1	0.3818
1	0.3822
1	0.3828
1	0.3825
1	0.3825
1	0.3823
1	0.3832
1	0.3814
1	0.381
1	0.382
1	0.3823
1	0.3823
1	0.3826
1	0.3832
1	0.3844
1	0.3846
1	0.3851
1	0.384
1	0.3837
1	0.3859
1	0.3859
1	0.3871
1	0.3887
1	0.388
1	0.3877
1	0.3881
1	0.388
1	0.3877
1	0.3869
1	0.3862
1	0.3861
1	0.3867
1	0.387
1	0.3873
1	0.3872
1	0.3863
1	0.387
1	0.3869
1	0.3865
1	0.3857
1	0.3854
1	0.3854
1	0.3856
1	0.3862
1	0.386
1	0.3858
1	0.3864
1	0.3875
1	0.3888
1	0.3901
1	0.3922
1	0.3946
1	0.394
1	0.3957
1	0.3978
1	0.3995
1	0.4011
1	0.3988
1	0.3998
1	0.3996
1	0.3994
1	0.3995
1	0.3995
1	0.4009
1	0.4
1	0.4009
1	0.4022
1	0.4004
1	0.4011
1	0.4025
1	0.4022
1	0.3989
1	0.399
1	0.401
1	0.3995
1	0.3986
1	0.4
1	0.4002
1	0.4011
1	0.4004
1	0.4015
1	0.4021
-1	0.4018
-1	0.4018
-1	0.401
-1	0.4003
-1	0.4009
-1	0.4005
-1	0.401
-1	0.4009
-1	0.4029
-1	0.4008
-1	0.4004
-1	0.4007
-1	0.4004
-1	0.4008
-1	0.4001
-1	0.3995
-1	0.3994
-1	0.3992
-1	0.4
-1	0.3998
-1	0.4002
-1	0.4005
-1	0.3996
-1	0.3989
-1	0.3999
-1	0.3999
-1	0.4007
-1	0.4011
-1	0.4008
-1	0.4007
-1	0.4002
-1	0.3988
-1	0.3993
-1	0.3965
-1	0.3976
-1	0.397
-1	0.3977
-1	0.3987
-1	0.3995
-1	0.399
-1	0.3992
-1	0.3976
-1	0.3961
-1	0.3965
-1	0.3954
-1	0.3961
-1	0.3965
-1	0.398
-1	0.3981
-1	0.4001
-1	0.4019
-1	0.3974
-1	0.399
-1	0.4004
-1	0.3995
-1	0.3992
-1	0.3986
-1	0.3999
-1	0.3986
-1	0.3997
-1	0.4002
-1	0.4011
-1	0.4007
-1	0.4001
-1	0.3998
-1	0.4005
-1	0.3997
-1	0.3992
-1	0.3942
-1	0.3958
-1	0.3952
-1	0.3942
-1	0.3929
-1	0.3918
-1	0.3922
-1	0.392
-1	0.3898
-1	0.3886
-1	0.3873
-1	0.3881
-1	0.387
-1	0.3865
-1	0.3841
1	0.3852
1	0.3861
1	0.388
1	0.3867
1	0.3884
1	0.3886
1	0.3875
1	0.3869
1	0.3869
1	0.3881
1	0.3889
1	0.3887
1	0.3895
1	0.3901
1	0.3901
1	0.3902
1	0.3895
1	0.39
1	0.3894
1	0.3902
1	0.3886
1	0.3876
1	0.3878
1	0.3872
1	0.3878
1	0.3877
1	0.3866
1	0.388
1	0.3898
1	0.3896
1	0.3885
1	0.3874
1	0.3883
1	0.3868
1	0.388
1	0.3891
1	0.3882
1	0.3895
1	0.3891
1	0.389
1	0.3892
1	0.3875
1	0.3882
1	0.3873
1	0.388
1	0.3879
1	0.3885
1	0.3877
1	0.3887
1	0.3884
1	0.3891
1	0.3889
1	0.3891
1	0.388
1	0.3879
1	0.3873
1	0.3878
1	0.3884
1	0.3912
1	0.3879
1	0.3886
1	0.3885
1	0.3894
1	0.3887
1	0.3904
1	0.3873
1	0.3883
1	0.3884
1	0.391
1	0.3904
1	0.3924
1	0.3911
1	0.3914
1	0.3927
1	0.3924
1	0.394
1	0.3918
1	0.3935
1	0.3954
1	0.3953
1	0.3982
1	0.3976
1	0.3976
1	0.3997
1	0.3987
1	0.3984
1	0.3973
1	0.3953
1	0.3909
1	0.3936
1	0.393
1	0.3953
1	0.3955
1	0.3952
1	0.3955
1	0.395
1	0.3949
1	0.3953
1	0.3941
1	0.3938
1	0.3942
1	0.3944
1	0.3941
1	0.3958
1	0.3951
1	0.3944
1	0.3939
1	0.394
1	0.3937
1	0.3938
1	0.3946
1	0.395
1	0.3952
1	0.3945
1	0.3942
1	0.3943
1	0.3944
1	0.3943
1	0.3946
1	0.395
1	0.3955
1	0.3964
-1	0.3962
-1	0.3954
-1	0.3951
-1	0.3948
-1	0.3946
-1	0.3945
-1	0.3935
-1	0.3948
-1	0.3924
-1	0.3934
-1	0.3938
-1	0.3934
-1	0.3935
-1	0.3933
-1	0.3933
-1	0.3928
-1	0.3922
-1	0.3913
-1	0.3922
-1	0.3924
-1	0.3931
-1	0.3928
-1	0.3937
-1	0.3937
-1	0.3936
-1	0.3944
-1	0.3947
-1	0.3947
-1	0.3942
-1	0.3941
-1	0.3946
-1	0.3946
-1	0.3935
-1	0.3948
-1	0.3942
-1	0.3945
-1	0.3949
-1	0.3948
-1	0.3962
-1	0.3954
-1	0.3957
-1	0.3956
-1	0.3952
-1	0.3955
-1	0.3943
-1	0.3946
-1	0.396
-1	0.3949
-1	0.3942
-1	0.3944
-1	0.3948
-1	0.3949
-1	0.3929
-1	0.3936
-1	0.3926
-1	0.3931
-1	0.3923
-1	0.3923
-1	0.3922
-1	0.3932
-1	0.3933
-1	0.3935
-1	0.3937
-1	0.3942
-1	0.3942
-1	0.3947
-1	0.3943
-1	0.3946
-1	0.3943
-1	0.3943
-1	0.3936
-1	0.3951
-1	0.3956
-1	0.3952
-1	0.3949
-1	0.3931
-1	0.3936
-1	0.3914
-1	0.3914
-1	0.3918
-1	0.3922
-1	0.392
-1	0.3921
-1	0.3917
-1	0.3915
-1	0.3911
-1	0.3917
-1	0.3913
-1	0.392
-1	0.3923
-1	0.3926
-1	0.3941
-1	0.393
-1	0.3931
-1	0.3934
-1	0.3928
-1	0.3929
-1	0.3931
-1	0.3928
-1	0.3924
-1	0.3917
-1	0.3912
-1	0.3918
-1	0.391
-1	0.3917
-1	0.3909
-1	0.3917
-1	0.3914
-1	0.3911
-1	0.3917
-1	0.391
-1	0.3913
-1	0.392
-1	0.3921
-1	0.3924
-1	0.3933
-1	0.3927
-1	0.3933
-1	0.3935
-1	0.394
-1	0.3935
-1	0.394
-1	0.3948
-1	0.394
-1	0.394
-1	0.3938
-1	0.3937
-1	0.3948
-1	0.3951
-1	0.3956
-1	0.3961
-1	0.3944
-1	0.3957
-1	0.3961
-1	0.3978
-1	0.3966
-1	0.3946
-1	0.3929
-1	0.3905
-1	0.3908
-1	0.391
-1	0.389
-1	0.3898
-1	0.3899
-1	0.3891
-1	0.3894
-1	0.3897
-1	0.3892
-1	0.3893
-1	0.3881
-1	0.3871
-1	0.3859
-1	0.387
-1	0.3881
-1	0.3884
-1	0.3885
-1	0.3882
-1	0.3888
-1	0.3891
-1	0.3885
-1	0.3869
-1	0.3873
-1	0.3874
-1	0.3872
-1	0.3862
-1	0.3863
-1	0.3882
-1	0.3895
-1	0.3878
-1	0.3872
-1	0.3793
1	0.3836
1	0.3855
1	0.3869
1	0.3877
1	0.3867
1	0.3858
1	0.3875
1	0.3872
1	0.3881
1	0.3883
1	0.3879
1	0.3891
1	0.3884
1	0.3902
1	0.3899
1	0.391
1	0.3913
1	0.3915
1	0.3917
1	0.3908
1	0.3896
1	0.3901
1	0.3916
1	0.392
1	0.3912
1	0.3907
1	0.3908
1	0.3912
1	0.3904
1	0.3894
1	0.3904
1	0.3904
1	0.3917
1	0.3929
1	0.3931
1	0.3942
1	0.3936
1	0.3948
1	0.3936
1	0.3928
1	0.393
1	0.3936
1	0.393
1	0.3929
1	0.3932
1	0.3938
1	0.3931
1	0.3944
1	0.395
1	0.3954
1	0.3961
1	0.3986
1	0.399
1	0.4022
1	0.408
1	0.4046
1	0.4035
1	0.4042
1	0.4027
1	0.4006
1	0.4012
1	0.4015
1	0.4024
1	0.4028
1	0.4034
1	0.4053
1	0.4067
-1	0.4032
-1	0.4012
-1	0.4004
-1	0.3996
-1	0.4004
-1	0.4017
-1	0.4012
-1	0.4033
-1	0.4017
-1	0.4031
-1	0.401
-1	0.4009
-1	0.4009
-1	0.4001
-1	0.4012
-1	0.3994
-1	0.3986
-1	0.3985
-1	0.3969
-1	0.3971
-1	0.3989
-1	0.3985
-1	0.3975
-1	0.3984
-1	0.397
-1	0.3977
-1	0.3979
-1	0.3961
-1	0.3953
-1	0.3944
-1	0.3952
-1	0.3946
-1	0.3957
-1	0.3968
-1	0.3979
-1	0.3951
-1	0.396
-1	0.3956
-1	0.395
-1	0.3942
-1	0.3959
-1	0.3969
-1	0.3957
-1	0.3958
-1	0.3968
-1	0.3974
-1	0.3977
-1	0.3984
-1	0.3987
-1	0.3995
-1	0.3995
-1	0.4007
-1	0.3992
-1	0.3996
-1	0.3997
-1	0.3997
-1	0.4008
-1	0.3997
-1	0.3958
-1	0.3933
-1	0.3921
-1	0.393
-1	0.3936
-1	0.3925
-1	0.3916
-1	0.392
-1	0.3927
-1	0.3911
-1	0.391
-1	0.3926
-1	0.3928
-1	0.3901
-1	0.391
-1	0.3916
-1	0.3916
-1	0.3921
-1	0.3925
-1	0.3921
-1	0.3919
-1	0.3895
-1	0.391
-1	0.3903
-1	0.3918
-1	0.3909
-1	0.3895
-1	0.39
-1	0.3883
-1	0.3892
-1	0.3889
-1	0.389
-1	0.3884
-1	0.3878
-1	0.3884
-1	0.3893
-1	0.3903
-1	0.3918
-1	0.3924
-1	0.3931
-1	0.3929
-1	0.394
-1	0.3936
-1	0.3935
-1	0.3933
-1	0.3941
-1	0.3944
-1	0.3941
-1	0.3946
-1	0.3933
-1	0.3928
-1	0.3892
-1	0.39
-1	0.3891
-1	0.3895
-1	0.3905
-1	0.3909
-1	0.3914
-1	0.3913
-1	0.3908
-1	0.3914
-1	0.3919
-1	0.3926
-1	0.3919
-1	0.3897
-1	0.3903
-1	0.3899
-1	0.3893
-1	0.3884
-1	0.3867
-1	0.3847
-1	0.3843
1	0.3866
1	0.3875
1	0.3889
1	0.389
1	0.3891
1	0.3902
1	0.3902
1	0.3894
1	0.3886
1	0.3905
1	0.3903
1	0.389
1	0.3899
1	0.3906
1	0.3919
1	0.3918
1	0.3884
1	0.3875
1	0.3877
1	0.3872
1	0.3899
1	0.3904
1	0.3896
1	0.3901
1	0.3873
1	0.3873
1	0.3871
1	0.3878
1	0.3883
1	0.3878
1	0.3885
1	0.3882
1	0.3902
1	0.3901
1	0.3887
1	0.3894
1	0.3904
1	0.3906
1	0.3927
1	0.3925
1	0.3906
1	0.3908
1	0.3907
1	0.3911
1	0.3936
1	0.3958
1	0.394
1	0.3917
1	0.392
1	0.3896
1	0.3883
1	0.3878
1	0.3883
1	0.3883
1	0.3871
1	0.3884
1	0.3882
1	0.3887
1	0.3892
1	0.3882
1	0.3886
1	0.3879
1	0.3888
1	0.3904
1	0.3916
1	0.3912
1	0.3921
1	0.3926
1	0.3928
1	0.3929
1	0.3925
1	0.3922
1	0.3921
1	0.3941
1	0.3926
1	0.3928
1	0.394
1	0.3927
1	0.393
1	0.3946
1	0.3943
1	0.3948
1	0.396
1	0.3959
1	0.3952
1	0.3953
1	0.3949
1	0.3944
1	0.3943
1	0.3927
1	0.3927
1	0.3922
1	0.3917
1	0.3916
1	0.3921
1	0.3934
1	0.3951
1	0.3963
1	0.3954
1	0.3963
1	0.3955
1	0.3952
1	0.3951
1	0.396
1	0.3971
1	0.397
1	0.3971
1	0.3975
1	0.3961
1	0.3959
1	0.396
1	0.395
1	0.3945
1	0.3938
1	0.3945
1	0.3962
1	0.3959
1	0.3964
1	0.3969
1	0.3964
1	0.3968
-1	0.3968
-1	0.3953
-1	0.3941
-1	0.394
-1	0.3948
-1	0.395
-1	0.3951
-1	0.3953
-1	0.3958
-1	0.3954
-1	0.3902
-1	0.3894
-1	0.3896
-1	0.3893
-1	0.3904
-1	0.3899
-1	0.3912
-1	0.3925
-1	0.3924
-1	0.3914
-1	0.3908
-1	0.3914
-1	0.3914
-1	0.39
-1	0.39
-1	0.3891
-1	0.3899
-1	0.3907
-1	0.3894
-1	0.3883
-1	0.3885
-1	0.3885
-1	0.3879
-1	0.3886
-1	0.388
-1	0.3887
-1	0.3873
-1	0.3869
-1	0.388
-1	0.3881
-1	0.3886
-1	0.3899
-1	0.3908
-1	0.3908
-1	0.3912
-1	0.3914
-1	0.3914
-1	0.3907
-1	0.3899
-1	0.3897
-1	0.3897
-1	0.3893
-1	0.3881
-1	0.3869
-1	0.3879
-1	0.3883
-1	0.3889
-1	0.3895
-1	0.3889
-1	0.3886
-1	0.3882
-1	0.389
-1	0.3886
-1	0.3879
-1	0.389
-1	0.3897
-1	0.3892
-1	0.3894
-1	0.3883
-1	0.3884
-1	0.3881
-1	0.3885
-1	0.3888
-1	0.3899
-1	0.3901
-1	0.3891
-1	0.3894
-1	0.3901
-1	0.3897
-1	0.3907
-1	0.3899
-1	0.3878
-1	0.3881
-1	0.388
-1	0.388
-1	0.3872
-1	0.3876
-1	0.3863
-1	0.388
-1	0.3886
-1	0.3879
-1	0.389
-1	0.3884
-1	0.388
-1	0.3892
-1	0.389
-1	0.3894
-1	0.3898
-1	0.3888
-1	0.3885
-1	0.3887
-1	0.3882
-1	0.3879
-1	0.3873
-1	0.389
-1	0.3884
-1	0.3885
-1	0.3891
-1	0.3889
-1	0.3897
-1	0.3893
-1	0.3893
-1	0.3889
-1	0.3877
-1	0.3878
-1	0.3867
-1	0.3861
-1	0.3856
-1	0.3858
-1	0.385
-1	0.3852
-1	0.3822
-1	0.3819
-1	0.3801
-1	0.3816
-1	0.3766
-1	0.3754
-1	0.3771
-1	0.3754
-1	0.3745
1	0.3756
1	0.3757
1	0.3748
1	0.374
1	0.3758
1	0.3765
1	0.3762
1	0.3762
1	0.3767
1	0.3749
1	0.3777
1	0.3782
1	0.3789
1	0.3784
1	0.3781
1	0.3774
1	0.3764
1	0.3756
1	0.3748
1	0.3762
1	0.3763
1	0.3739
1	0.3768
1	0.3779
1	0.3784
1	0.3782
1	0.3783
1	0.3779
1	0.3781
1	0.378
1	0.3781
1	0.3783
1	0.3783
1	0.3784
1	0.3785
1	0.378
1	0.3767
1	0.3765
1	0.3768
1	0.3771
1	0.3774
1	0.3772
1	0.3777
1	0.3781
1	0.3782
1	0.3772
1	0.3777
1	0.378
1	0.377
1	0.3762
1	0.3766
1	0.3772
1	0.3776
1	0.3775
1	0.3779
1	0.3781
1	0.3784
1	0.3776
1	0.3779
1	0.3787
1	0.3788
1	0.3792
1	0.3785
1	0.378
1	0.3771
1	0.3774
1	0.3774
1	0.3773
1	0.3768
1	0.3762
1	0.3767
1	0.3772
1	0.3773
1	0.377
1	0.3777
1	0.3771
1	0.377
1	0.3758
1	0.3779
1	0.3775
1	0.3774
1	0.3781
1	0.3778
1	0.3773
1	0.3779
1	0.3775
1	0.3775
1	0.3777
1	0.3783
1	0.3774
1	0.3775
1	0.3784
1	0.3783
1	0.3781
1	0.3775
1	0.3777
1	0.3774
1	0.3771
1	0.3772
1	0.3773
1	0.3771
1	0.3768
1	0.3757
1	0.3765
1	0.374
1	0.3751
1	0.3758
1	0.3751
1	0.3733
1	0.3729
1	0.3735
1	0.3722
1	0.3732
0	0.3737
0	0.3741
0	0.3745
0	0.3757
0	0.3762
0	0.3769
0	0.3761
0	0.3773
0	0.3774
0	0.3778
0	0.3768
0	0.3769
0	0.3773
0	0.3773
0	0.3782
0	0.3774
0	0.3773
0	0.3778
0	0.3772
0	0.3777
0	0.378
0	0.3784
0	0.3781
0	0.378
0	0.3782
0	0.3783
0	0.3779
0	0.3779
0	0.3778
0	0.3778
0	0.3777
0	0.3778
0	0.378
0	0.3777
0	0.3773
0	0.3776
0	0.3774
0	0.3779
0	0.3779
0	0.3776
0	0.3779
0	0.3778
0	0.3776
0	0.3772
0	0.3775
0	0.3779
0	0.378
0	0.3784
0	0.378
0	0.3778
0	0.3773
0	0.3775
0	0.3779
0	0.3772
0	0.3768
0	0.376
0	0.3764
0	0.3767
0	0.3762
0	0.3768
0	0.3766
0	0.3765
0	0.3761
0	0.3758
0	0.3762
0	0.3761
0	0.3776
0	0.3772
0	0.3763
0	0.3759
0	0.3761
0	0.3758
0	0.3757
0	0.3761
0	0.3763
0	0.3759
0	0.3768
0	0.3759
0	0.3752
0	0.3752
0	0.3755
0	0.376
0	0.376
0	0.3756
0	0.3779
0	0.3788
0	0.3793
0	0.3795
0	0.3795
0	0.3792
0	0.3787
0	0.3795
0	0.3805
0	0.38
0	0.3793
0	0.379
