1	0.3673	0	0	0	0	0	0	0	0	0	0
2	0.3676	0	0	0	0	0	0	0	0	0	0
3	0.3672	0	0	0	0	0	0	0	0	0	0
4	0.3673	0	0	0	0	0	0	0	0	0	0
5	0.3683	0	0	0	0	0	0	0	0	0	0
6	0.3691	0	0	0	0	0	0	0	0	0	0
7	0.3682	0	0	0	0	0	0	0	0	0	0
8	0.3686	0	0	0	0	0	0	0	0	0	0
9	0.3689	0	0	0	0	0	0	0	0	0	0
10	0.3684	0	0	0	0	0	0	0	0	0	0
11	0.3667	0	0	0	0	0	0	0	0	0	0
12	0.3666	0	0	0	0	0	0	0	0	0	0
13	0.3668	0	0	0	0	0	0	0	0	0	0
14	0.3694	0	0	0	0	0	0	0	0	0	0
15	0.3707	0	0	0	0	0	0	0	0	0	0
16	0.3693	0	0	0	0	0	0	0	0	0	0
17	0.3685	0	0	0	0	0	0	0	0	0	0
18	0.3699	0	0	0	0	0	0	0	0	0	0
19	0.3701	0	0	0	0	0	0	0	0	0	0
20	0.3687	0	0	0	0	0	0	0	0	0	0
21	0.3688	0	0	0	0	0	0	0	0	0	0
22	0.3673	0	0	0	0	0	0	0	0	0	0
23	0.3673	0	0	0	0	0	0	0	0	0	0
24	0.3682	0	0	0	0	0	0	0	0	0	0
25	0.3699	0	0	0	0	0	0	0	0	0	0
26	0.3686	0	0	0	0	0	0	0	0	0	0
27	0.3677	0	0	0	0	0	0	0	0	0	0
28	0.3669	0	0	0	0	0	0	0	0	0	0
29	0.3681	0	0	0	0	0	0	0	0	0	0
30	0.3689	0	0	0	0	0	0	0	0	0	0
31	0.3697	0	0	0	0	0	0	0	0	0	0
32	0.3697	0	0	0	0	0	0	0	0	0	0
33	0.3698	0	0	0	0	0	0	0	0	0	0
34	0.3706	0	0	0	0	0	0	0	0	0	0
35	0.3692	0	0	0	0	0	0	0	0	0	0
36	0.3695	0	0	0	0	0	0	0	0	0	0
37	0.3699	0	0	0	0	0	0	0	0	0	0
38	0.3698	-1	0.3698	0.36796	-0.0018398	0	0.0018398	-0.0018398	0	1	1
39	0.3701	-1	0.3698	0.36796	-0.0018398	0	0.0018398	-0.0018398	0	1	1
40	0.3697	-1	0.3698	0.36796	-0.0018398	0	0.0018398	-0.0018398	0	1	1
41	0.3712	-1	0.3698	0.36796	-0.0018398	0	0.0018398	-0.0018398	0	1	1
42	0.3716	-1	0.3698	0.36796	-0.0018398	0	0.0018398	-0.0018398	0	1	1
43	0.3718	-1	0.3698	0.36796	-0.0018398	0	0.0018398	-0.0018398	0	1	1
44	0.3707	-1	0.3698	0.36796	-0.0018398	0	0.0018398	-0.0018398	0	1	1
45	0.3702	-1	0.3698	0.36796	-0.0018398	0	0.0018398	-0.0018398	0	1	1
46	0.3692	-1	0.3698	0.36796	-0.0018398	0	0.0018398	-0.0018398	0	1	1
47	0.3682	-1	0.3698	0.36796	-0.0018398	0	0.0018398	-0.0018398	0	1	1
48	0.3675	-1	0.3698	0.36796	-0.0018398	0	0.0018398	-0.0018398	0	1	1
49	0.3685	-1	0.3698	0.36796	-0.0018398	0	0.0018398	-0.0018398	0	1	1
50	0.3675	-1	0.3698	0.36796	-0.0018398	0	0.0018398	-0.0018398	0	1	1
51	0.3682	-1	0.3698	0.36796	-0.0018398	0	0.0018398	-0.0018398	0	1	1
52	0.366	-1	0.3698	0.36796	-0.0018398	0	0.0018398	-0.0018398	0	1	1
53	0.3645	-1	0.3698	0.36796	-0.0018398	0	0.0018398	-0.0018398	0	1	1
54	0.3653	-1	0.3698	0.36796	-0.0018398	0	0.0018398	-0.0018398	0	1	1
55	0.3643	-1	0.3698	0.36796	-0.0018398	0	0.0018398	-0.0018398	0	1	1
56	0.3639	-1	0.3698	0.36796	-0.0018398	0	0.0018398	-0.0018398	0	1	1
57	0.364	-1	0.3698	0.36796	-0.0018398	0	0.0018398	-0.0018398	0	1	1
58	0.3636	-1	0.3698	0.36796	-0.0018398	0	0.0018398	-0.0018398	0	1	1
59	0.3643	-1	0.3698	0.36796	-0.0018398	0	0.0018398	-0.0018398	0	1	1
60	0.3634	-1	0.3698	0.36796	-0.0018398	0	0.0018398	-0.0018398	0	1	1
61	0.3608	-1	0.3698	0.36796	-0.0018398	0	0.0018398	-0.0018398	0	1	1
62	0.3607	-1	0.3698	0.36796	-0.0018398	0	0.0018398	-0.0018398	0	1	1
63	0.3593	-1	0.3698	0.36796	-0.0018398	0	0.0018398	-0.0018398	0	1	1
64	0.3597	-1	0.3698	0.36796	-0.0018398	0	0.0018398	-0.0018398	0	1	1
65	0.3601	-1	0.3698	0.36796	-0.0018398	0	0.0018398	-0.0018398	0	1	1
66	0.3611	-1	0.3698	0.36796	-0.0018398	0	0.0018398	-0.0018398	0	1	1
67	0.3626	-1	0.3698	0.36796	-0.0018398	0	0.0018398	-0.0018398	0	1	1
68	0.3626	-1	0.3698	0.36796	-0.0018398	0	0.0018398	-0.0018398	0	1	1
69	0.361	-1	0.3698	0.36796	-0.0018398	0	0.0018398	-0.0018398	0	1	1
70	0.3594	-1	0.3698	0.36796	-0.0018398	0	0.0018398	-0.0018398	0	1	1
71	0.3552	-1	0.3698	0.36796	-0.0018398	0	0.0018398	-0.0018398	0	1	1
72	0.356	-1	0.3698	0.36796	-0.0018398	0	0.0018398	-0.0018398	0	1	1
73	0.3579	-1	0.3698	0.36796	-0.0018398	0	0.0018398	-0.0018398	0	1	1
74	0.3579	-1	0.3698	0.36796	-0.0018398	0	0.0018398	-0.0018398	0	1	1
75	0.3581	-1	0.3698	0.36796	-0.0018398	0	0.0018398	-0.0018398	0	1	1
76	0.3584	-1	0.3698	0.36796	-0.0018398	0	0.0018398	-0.0018398	0	1	1
77	0.3593	-1	0.3698	0.36796	-0.0018398	0	0.0018398	-0.0018398	0	1	1
78	0.3593	-1	0.3698	0.36796	-0.0018398	0	0.0018398	-0.0018398	0	1	1
79	0.3592	-1	0.3698	0.36796	-0.0018398	0	0.0018398	-0.0018398	0	1	1
80	0.3587	-1	0.3698	0.36796	-0.0018398	0	0.0018398	-0.0018398	0	1	1
81	0.3576	-1	0.3698	0.36796	-0.0018398	0	0.0018398	-0.0018398	0	1	1
82	0.3572	-1	0.3698	0.36796	-0.0018398	0	0.0018398	-0.0018398	0	1	1
83	0.3569	-1	0.3698	0.36796	-0.0018398	0	0.0018398	-0.0018398	0	1	1
84	0.3577	-1	0.3698	0.36796	-0.0018398	0	0.0018398	-0.0018398	0	1	1
85	0.3574	-1	0.3698	0.36796	-0.0018398	0	0.0018398	-0.0018398	0	1	1
86	0.3588	-1	0.3698	0.36796	-0.0018398	0	0.0018398	-0.0018398	0	1	1
87	0.3585	-1	0.3698	0.36796	-0.0018398	0	0.0018398	-0.0018398	0	1	1
88	0.3571	-1	0.3698	0.36796	-0.0018398	0	0.0018398	-0.0018398	0	1	1
89	0.3571	-1	0.3698	0.36796	-0.0018398	0	0.0018398	-0.0018398	0	1	1
90	0.3585	-1	0.3698	0.36796	-0.0018398	0	0.0018398	-0.0018398	0	1	1
91	0.3584	-1	0.3698	0.36796	-0.0018398	0	0.0018398	-0.0018398	0	1	1
92	0.3585	-1	0.3698	0.36796	-0.0018398	0	0.0018398	-0.0018398	0	1	1
93	0.3586	-1	0.3698	0.36796	-0.0018398	0	0.0018398	-0.0018398	0	1	1
94	0.3592	-1	0.3698	0.36796	-0.0018398	0	0.0018398	-0.0018398	0	1	1
95	0.3587	-1	0.3698	0.36796	-0.0018398	0	0.0018398	-0.0018398	0	1	1
96	0.3585	-1	0.3698	0.36796	-0.0018398	0	0.0018398	-0.0018398	0	1	1
97	0.3587	-1	0.3698	0.36796	-0.0018398	0	0.0018398	-0.0018398	0	1	1
98	0.3586	-1	0.3698	0.36796	-0.0018398	0	0.0018398	-0.0018398	0	1	1
99	0.3587	-1	0.3698	0.36796	-0.0018398	0	0.0018398	-0.0018398	0	1	1
100	0.3585	-1	0.3698	0.36796	-0.0018398	0	0.0018398	-0.0018398	0	1	1
101	0.3582	-1	0.3698	0.36796	-0.0018398	0	0.0018398	-0.0018398	0	1	1
102	0.3589	-1	0.3698	0.36796	-0.0018398	0	0.0018398	-0.0018398	0	1	1
103	0.3594	-1	0.3698	0.36796	-0.0018398	0	0.0018398	-0.0018398	0	1	1
104	0.3589	-1	0.3698	0.36796	-0.0018398	0	0.0018398	-0.0018398	0	1	1
105	0.3597	-1	0.3698	0.36796	-0.0018398	0	0.0018398	-0.0018398	0	1	1
106	0.359	-1	0.3698	0.36796	-0.0018398	0	0.0018398	-0.0018398	0	1	1
107	0.3611	-1	0.3698	0.36796	-0.0018398	0	0.0018398	-0.0018398	0	1	1
108	0.3609	-1	0.3698	0.36796	-0.0018398	0	0.0018398	-0.0018398	0	1	1
109	0.3615	-1	0.3698	0.36796	-0.0018398	0	0.0018398	-0.0018398	0	1	1
110	0.3587	-1	0.3698	0.36796	-0.0018398	0	0.0018398	-0.0018398	0	1	1
111	0.3587	-1	0.3698	0.36796	-0.0018398	0	0.0018398	-0.0018398	0	1	1
112	0.3572	-1	0.3698	0.36796	-0.0018398	0	0.0018398	-0.0018398	0	1	1
113	0.3577	-1	0.3698	0.36796	-0.0018398	0	0.0018398	-0.0018398	0	1	1
114	0.3584	-1	0.3698	0.36796	-0.0018398	0	0.0018398	-0.0018398	0	1	1
115	0.3573	-1	0.3698	0.36796	-0.0018398	0	0.0018398	-0.0018398	0	1	1
116	0.3569	-1	0.3698	0.36796	-0.0018398	0	0.0018398	-0.0018398	0	1	1
117	0.3565	-1	0.3698	0.36796	-0.0018398	0	0.0018398	-0.0018398	0	1	1
118	0.3573	-1	0.3698	0.36796	-0.0018398	0	0.0018398	-0.0018398	0	1	1
119	0.3579	-1	0.3698	0.36796	-0.0018398	0	0.0018398	-0.0018398	0	1	1
120	0.3584	-1	0.3698	0.36796	-0.0018398	0	0.0018398	-0.0018398	0	1	1
121	0.3586	-1	0.3698	0.36796	-0.0018398	0	0.0018398	-0.0018398	0	1	1
122	0.3582	-1	0.3698	0.36796	-0.0018398	0	0.0018398	-0.0018398	0	1	1
123	0.3583	-1	0.3698	0.36796	-0.0018398	0	0.0018398	-0.0018398	0	1	1
124	0.3593	-1	0.3698	0.36796	-0.0018398	0	0.0018398	-0.0018398	0	1	1
125	0.3594	-1	0.3698	0.36796	-0.0018398	0	0.0018398	-0.0018398	0	1	1
126	0.3592	-1	0.3698	0.36796	-0.0018398	0	0.0018398	-0.0018398	0	1	1
127	0.3591	-1	0.3698	0.36796	-0.0018398	0	0.0018398	-0.0018398	0	1	1
128	0.3584	-1	0.3698	0.36796	-0.0018398	0	0.0018398	-0.0018398	0	1	1
129	0.3585	-1	0.3698	0.36796	-0.0018398	0	0.0018398	-0.0018398	0	1	1
130	0.3591	-1	0.3698	0.36796	-0.0018398	0	0.0018398	-0.0018398	0	1	1
131	0.3594	-1	0.3698	0.36796	-0.0018398	0	0.0018398	-0.0018398	0	1	1
132	0.3592	-1	0.3698	0.36796	-0.0018398	0	0.0018398	-0.0018398	0	1	1
133	0.3591	-1	0.3698	0.36796	-0.0018398	0	0.0018398	-0.0018398	0	1	1
134	0.3575	-1	0.3698	0.36796	-0.0018398	0	0.0018398	-0.0018398	0	1	1
135	0.3582	-1	0.3698	0.36796	-0.0018398	0	0.0018398	-0.0018398	0	1	1
136	0.3597	-1	0.3698	0.36796	-0.0018398	0	0.0018398	-0.0018398	0	1	1
137	0.3571	-1	0.3698	0.36796	-0.0018398	0	0.0018398	-0.0018398	0	1	1
138	0.3575	-1	0.3698	0.36796	-0.0018398	0	0.0018398	-0.0018398	0	1	1
139	0.3575	-1	0.3698	0.36796	-0.0018398	0	0.0018398	-0.0018398	0	1	1
140	0.357	-1	0.3698	0.36796	-0.0018398	0	0.0018398	-0.0018398	0	1	1
141	0.3573	-1	0.3698	0.36796	-0.0018398	0	0.0018398	-0.0018398	0	1	1
142	0.3567	-1	0.3698	0.36796	-0.0018398	0	0.0018398	-0.0018398	0	1	1
143	0.3563	-1	0.3698	0.36796	-0.0018398	0	0.0018398	-0.0018398	0	1	1
144	0.3558	-1	0.3698	0.36796	-0.0018398	0	0.0018398	-0.0018398	0	1	1
145	0.357	-1	0.3698	0.36796	-0.0018398	0	0.0018398	-0.0018398	0	1	1
146	0.353	-1	0.3698	0.36796	-0.0018398	0	0.0018398	-0.0018398	0	1	1
147	0.3527	-1	0.3698	0.36796	-0.0018398	0	0.0018398	-0.0018398	0	1	1
148	0.3517	-1	0.3698	0.36796	-0.0018398	0	0.0018398	-0.0018398	0	1	1
149	0.3508	-1	0.3698	0.36796	-0.0018398	0	0.0018398	-0.0018398	0	1	1
150	0.3486	-1	0.3698	0.36796	-0.0018398	0	0.0018398	-0.0018398	0	1	1
151	0.3484	-1	0.3698	0.36796	-0.0018398	0	0.0018398	-0.0018398	0	1	1
152	0.3472	-1	0.3698	0.36796	-0.0018398	0	0.0018398	-0.0018398	0	1	1
153	0.3451	-1	0.3698	0.36796	-0.0018398	0	0.0018398	-0.0018398	0	1	1
154	0.3439	-1	0.3698	0.36796	-0.0018398	0	0.0018398	-0.0018398	0	1	1
155	0.3449	-1	0.3698	0.36796	-0.0018398	0	0.0018398	-0.0018398	0	1	1
156	0.3463	-1	0.3698	0.36796	-0.0018398	0	0.0018398	-0.0018398	0	1	1
157	0.3465	-1	0.3698	0.36796	-0.0018398	0	0.0018398	-0.0018398	0	1	1
158	0.3457	-1	0.3698	0.36796	-0.0018398	0	0.0018398	-0.0018398	0	1	1
159	0.3456	-1	0.3698	0.36796	-0.0018398	0	0.0018398	-0.0018398	0	1	1
160	0.3459	-1	0.3698	0.36796	-0.0018398	0	0.0018398	-0.0018398	0	1	1
161	0.3451	-1	0.3698	0.36796	-0.0018398	0	0.0018398	-0.0018398	0	1	1
162	0.3448	-1	0.3698	0.36796	-0.0018398	0	0.0018398	-0.0018398	0	1	1
163	0.3438	-1	0.3698	0.36796	-0.0018398	0	0.0018398	-0.0018398	0	1	1
164	0.3454	-1	0.3698	0.36796	-0.0018398	0	0.0018398	-0.0018398	0	1	1
165	0.3468	-1	0.3698	0.36796	-0.0018398	0	0.0018398	-0.0018398	0	1	1
166	0.3463	-1	0.3698	0.36796	-0.0018398	0	0.0018398	-0.0018398	0	1	1
167	0.3463	-1	0.3698	0.36796	-0.0018398	0	0.0018398	-0.0018398	0	1	1
168	0.3475	-1	0.3698	0.36796	-0.0018398	0	0.0018398	-0.0018398	0	1	1
169	0.3477	-1	0.3698	0.36796	-0.0018398	0	0.0018398	-0.0018398	0	1	1
170	0.3479	-1	0.3698	0.36796	-0.0018398	0	0.0018398	-0.0018398	0	1	1
171	0.347	-1	0.3698	0.36796	-0.0018398	0	0.0018398	-0.0018398	0	1	1
172	0.3461	-1	0.3698	0.36796	-0.0018398	0	0.0018398	-0.0018398	0	1	1
173	0.3457	-1	0.3698	0.36796	-0.0018398	0	0.0018398	-0.0018398	0	1	1
174	0.3452	-1	0.3698	0.36796	-0.0018398	0	0.0018398	-0.0018398	0	1	1
175	0.3458	-1	0.3698	0.36796	-0.0018398	0	0.0018398	-0.0018398	0	1	1
176	0.3467	-1	0.3698	0.36796	-0.0018398	0	0.0018398	-0.0018398	0	1	1
177	0.3474	-1	0.3698	0.36796	-0.0018398	0	0.0018398	-0.0018398	0	1	1
178	0.3465	-1	0.3698	0.36796	-0.0018398	0	0.0018398	-0.0018398	0	1	1
179	0.3458	-1	0.3698	0.36796	-0.0018398	0	0.0018398	-0.0018398	0	1	1
180	0.3469	-1	0.3698	0.36796	-0.0018398	0	0.0018398	-0.0018398	0	1	1
181	0.3459	-1	0.3698	0.36796	-0.0018398	0	0.0018398	-0.0018398	0	1	1
182	0.3462	-1	0.3698	0.36796	-0.0018398	0	0.0018398	-0.0018398	0	1	1
183	0.3459	-1	0.3698	0.36796	-0.0018398	0	0.0018398	-0.0018398	0	1	1
184	0.3464	-1	0.3698	0.36796	-0.0018398	0	0.0018398	-0.0018398	0	1	1
185	0.3462	-1	0.3698	0.36796	-0.0018398	0	0.0018398	-0.0018398	0	1	1
186	0.3453	-1	0.3698	0.36796	-0.0018398	0	0.0018398	-0.0018398	0	1	1
187	0.346	-1	0.3698	0.36796	-0.0018398	0	0.0018398	-0.0018398	0	1	1
188	0.3466	-1	0.3698	0.36796	-0.0018398	0	0.0018398	-0.0018398	0	1	1
189	0.3473	-1	0.3698	0.36796	-0.0018398	0	0.0018398	-0.0018398	0	1	1
190	0.3458	-1	0.3698	0.36796	-0.0018398	0	0.0018398	-0.0018398	0	1	1
191	0.3453	-1	0.3698	0.36796	-0.0018398	0	0.0018398	-0.0018398	0	1	1
192	0.3435	-1	0.3698	0.36796	-0.0018398	0	0.0018398	-0.0018398	0	1	1
193	0.3455	-1	0.3698	0.36796	-0.0018398	0	0.0018398	-0.0018398	0	1	1
194	0.3444	-1	0.3698	0.36796	-0.0018398	0	0.0018398	-0.0018398	0	1	1
195	0.3439	-1	0.3698	0.36796	-0.0018398	0	0.0018398	-0.0018398	0	1	1
196	0.345	-1	0.3698	0.36796	-0.0018398	0	0.0018398	-0.0018398	0	1	1
197	0.3453	-1	0.3698	0.36796	-0.0018398	0	0.0018398	-0.0018398	0	1	1
198	0.3452	-1	0.3698	0.36796	-0.0018398	0	0.0018398	-0.0018398	0	1	1
199	0.3457	-1	0.3698	0.36796	-0.0018398	0	0.0018398	-0.0018398	0	1	1
200	0.3455	-1	0.3698	0.36796	-0.0018398	0	0.0018398	-0.0018398	0	1	1
201	0.3459	-1	0.3698	0.36796	-0.0018398	0	0.0018398	-0.0018398	0	1	1
202	0.3457	-1	0.3698	0.36796	-0.0018398	0	0.0018398	-0.0018398	0	1	1
203	0.3467	-1	0.3698	0.36796	-0.0018398	0	0.0018398	-0.0018398	0	1	1
204	0.346	-1	0.3698	0.36796	-0.0018398	0	0.0018398	-0.0018398	0	1	1
205	0.3468	-1	0.3698	0.36796	-0.0018398	0	0.0018398	-0.0018398	0	1	1
206	0.3458	-1	0.3698	0.36796	-0.0018398	0	0.0018398	-0.0018398	0	1	1
207	0.3454	-1	0.3698	0.36796	-0.0018398	0	0.0018398	-0.0018398	0	1	1
208	0.3457	-1	0.3698	0.36796	-0.0018398	0	0.0018398	-0.0018398	0	1	1
209	0.3456	-1	0.3698	0.36796	-0.0018398	0	0.0018398	-0.0018398	0	1	1
210	0.346	-1	0.3698	0.36796	-0.0018398	0	0.0018398	-0.0018398	0	1	1
211	0.3461	-1	0.3698	0.36796	-0.0018398	0	0.0018398	-0.0018398	0	1	1
212	0.3462	-1	0.3698	0.36796	-0.0018398	0	0.0018398	-0.0018398	0	1	1
213	0.3462	-1	0.3698	0.36796	-0.0018398	0	0.0018398	-0.0018398	0	1	1
214	0.3458	-1	0.3698	0.36796	-0.0018398	0	0.0018398	-0.0018398	0	1	1
215	0.3454	-1	0.3698	0.36796	-0.0018398	0	0.0018398	-0.0018398	0	1	1
216	0.3455	-1	0.3698	0.36796	-0.0018398	0	0.0018398	-0.0018398	0	1	1
217	0.3454	-1	0.3698	0.36796	-0.0018398	0	0.0018398	-0.0018398	0	1	1
218	0.3454	-1	0.3698	0.36796	-0.0018398	0	0.0018398	-0.0018398	0	1	1
219	0.3452	-1	0.3698	0.36796	-0.0018398	0	0.0018398	-0.0018398	0	1	1
220	0.3452	-1	0.3698	0.36796	-0.0018398	0	0.0018398	-0.0018398	0	1	1
221	0.3457	-1	0.3698	0.36796	-0.0018398	0	0.0018398	-0.0018398	0	1	1
222	0.3444	-1	0.3698	0.36796	-0.0018398	0	0.0018398	-0.0018398	0	1	1
223	0.3443	-1	0.3698	0.36796	-0.0018398	0	0.0018398	-0.0018398	0	1	1
224	0.3442	-1	0.3698	0.36796	-0.0018398	0	0.0018398	-0.0018398	0	1	1
225	0.344	-1	0.3698	0.36796	-0.0018398	0	0.0018398	-0.0018398	0	1	1
226	0.3395	-1	0.3698	0.36796	-0.0018398	0	0.0018398	-0.0018398	0	1	1
227	0.3396	-1	0.3698	0.36796	-0.0018398	0	0.0018398	-0.0018398	0	1	1
228	0.3405	-1	0.3698	0.36796	-0.0018398	0	0.0018398	-0.0018398	0	1	1
229	0.3397	-1	0.3698	0.36796	-0.0018398	0	0.0018398	-0.0018398	0	1	1
230	0.3393	-1	0.3698	0.36796	-0.0018398	0	0.0018398	-0.0018398	0	1	1
231	0.3398	-1	0.3698	0.36796	-0.0018398	0	0.0018398	-0.0018398	0	1	1
232	0.3385	-1	0.3698	0.36796	-0.0018398	0	0.0018398	-0.0018398	0	1	1
233	0.3405	-1	0.3698	0.36796	-0.0018398	0	0.0018398	-0.0018398	0	1	1
234	0.3422	-1	0.3698	0.36796	-0.0018398	0	0.0018398	-0.0018398	0	1	1
235	0.3421	-1	0.3698	0.36796	-0.0018398	0	0.0018398	-0.0018398	0	1	1
236	0.3414	-1	0.3698	0.36796	-0.0018398	0	0.0018398	-0.0018398	0	1	1
237	0.3423	-1	0.3698	0.36796	-0.0018398	0	0.0018398	-0.0018398	0	1	1
238	0.3429	-1	0.3698	0.36796	-0.0018398	0	0.0018398	-0.0018398	0	1	1
239	0.3435	-1	0.3698	0.36796	-0.0018398	0	0.0018398	-0.0018398	0	1	1
240	0.3421	-1	0.3698	0.36796	-0.0018398	0	0.0018398	-0.0018398	0	1	1
241	0.3431	-1	0.3698	0.36796	-0.0018398	0	0.0018398	-0.0018398	0	1	1
242	0.3442	-1	0.3698	0.36796	-0.0018398	0	0.0018398	-0.0018398	0	1	1
243	0.3442	-1	0.3698	0.36796	-0.0018398	0	0.0018398	-0.0018398	0	1	1
244	0.3438	-1	0.3698	0.36796	-0.0018398	0	0.0018398	-0.0018398	0	1	1
245	0.3422	-1	0.3698	0.36796	-0.0018398	0	0.0018398	-0.0018398	0	1	1
246	0.3411	-1	0.3698	0.36796	-0.0018398	0	0.0018398	-0.0018398	0	1	1
247	0.3384	-1	0.3698	0.36796	-0.0018398	0	0.0018398	-0.0018398	0	1	1
248	0.3355	-1	0.3698	0.36796	-0.0018398	0	0.0018398	-0.0018398	0	1	1
249	0.3363	-1	0.3698	0.36796	-0.0018398	0	0.0018398	-0.0018398	0	1	1
250	0.3346	-1	0.3698	0.36796	-0.0018398	0	0.0018398	-0.0018398	0	1	1
251	0.3369	-1	0.3698	0.36796	-0.0018398	0	0.0018398	-0.0018398	0	1	1
252	0.3368	-1	0.3698	0.36796	-0.0018398	0	0.0018398	-0.0018398	0	1	1
253	0.337	1	0.36796	0.396936	0.0289755	0.0289755	0.0018398	0.0271357	1	1	2
254	0.338	1	0.36796	0.396936	0.0289755	0.0289755	0.0018398	0.0271357	1	1	2
255	0.3386	1	0.36796	0.396936	0.0289755	0.0289755	0.0018398	0.0271357	1	1	2
256	0.3383	1	0.36796	0.396936	0.0289755	0.0289755	0.0018398	0.0271357	1	1	2
257	0.338	1	0.36796	0.396936	0.0289755	0.0289755	0.0018398	0.0271357	1	1	2
258	0.3379	1	0.36796	0.396936	0.0289755	0.0289755	0.0018398	0.0271357	1	1	2
259	0.338	1	0.36796	0.396936	0.0289755	0.0289755	0.0018398	0.0271357	1	1	2
260	0.3387	1	0.36796	0.396936	0.0289755	0.0289755	0.0018398	0.0271357	1	1	2
261	0.3381	1	0.36796	0.396936	0.0289755	0.0289755	0.0018398	0.0271357	1	1	2
262	0.3388	1	0.36796	0.396936	0.0289755	0.0289755	0.0018398	0.0271357	1	1	2
263	0.338	1	0.36796	0.396936	0.0289755	0.0289755	0.0018398	0.0271357	1	1	2
264	0.3375	1	0.36796	0.396936	0.0289755	0.0289755	0.0018398	0.0271357	1	1	2
265	0.3385	1	0.36796	0.396936	0.0289755	0.0289755	0.0018398	0.0271357	1	1	2
266	0.3397	1	0.36796	0.396936	0.0289755	0.0289755	0.0018398	0.0271357	1	1	2
267	0.3387	1	0.36796	0.396936	0.0289755	0.0289755	0.0018398	0.0271357	1	1	2
268	0.3377	1	0.36796	0.396936	0.0289755	0.0289755	0.0018398	0.0271357	1	1	2
269	0.337	1	0.36796	0.396936	0.0289755	0.0289755	0.0018398	0.0271357	1	1	2
270	0.3345	1	0.36796	0.396936	0.0289755	0.0289755	0.0018398	0.0271357	1	1	2
271	0.3367	1	0.36796	0.396936	0.0289755	0.0289755	0.0018398	0.0271357	1	1	2
272	0.3369	1	0.36796	0.396936	0.0289755	0.0289755	0.0018398	0.0271357	1	1	2
273	0.3378	1	0.36796	0.396936	0.0289755	0.0289755	0.0018398	0.0271357	1	1	2
274	0.3371	1	0.36796	0.396936	0.0289755	0.0289755	0.0018398	0.0271357	1	1	2
275	0.3375	1	0.36796	0.396936	0.0289755	0.0289755	0.0018398	0.0271357	1	1	2
276	0.3382	1	0.36796	0.396936	0.0289755	0.0289755	0.0018398	0.0271357	1	1	2
277	0.3384	1	0.36796	0.396936	0.0289755	0.0289755	0.0018398	0.0271357	1	1	2
278	0.3385	1	0.36796	0.396936	0.0289755	0.0289755	0.0018398	0.0271357	1	1	2
279	0.3377	1	0.36796	0.396936	0.0289755	0.0289755	0.0018398	0.0271357	1	1	2
280	0.3376	1	0.36796	0.396936	0.0289755	0.0289755	0.0018398	0.0271357	1	1	2
281	0.3385	1	0.36796	0.396936	0.0289755	0.0289755	0.0018398	0.0271357	1	1	2
282	0.3384	1	0.36796	0.396936	0.0289755	0.0289755	0.0018398	0.0271357	1	1	2
283	0.3383	1	0.36796	0.396936	0.0289755	0.0289755	0.0018398	0.0271357	1	1	2
284	0.3381	1	0.36796	0.396936	0.0289755	0.0289755	0.0018398	0.0271357	1	1	2
285	0.3383	1	0.36796	0.396936	0.0289755	0.0289755	0.0018398	0.0271357	1	1	2
286	0.338	1	0.36796	0.396936	0.0289755	0.0289755	0.0018398	0.0271357	1	1	2
287	0.3387	1	0.36796	0.396936	0.0289755	0.0289755	0.0018398	0.0271357	1	1	2
288	0.3382	1	0.36796	0.396936	0.0289755	0.0289755	0.0018398	0.0271357	1	1	2
289	0.338	1	0.36796	0.396936	0.0289755	0.0289755	0.0018398	0.0271357	1	1	2
290	0.3368	1	0.36796	0.396936	0.0289755	0.0289755	0.0018398	0.0271357	1	1	2
291	0.3389	1	0.36796	0.396936	0.0289755	0.0289755	0.0018398	0.0271357	1	1	2
292	0.3389	1	0.36796	0.396936	0.0289755	0.0289755	0.0018398	0.0271357	1	1	2
293	0.3395	1	0.36796	0.396936	0.0289755	0.0289755	0.0018398	0.0271357	1	1	2
294	0.3392	1	0.36796	0.396936	0.0289755	0.0289755	0.0018398	0.0271357	1	1	2
295	0.3389	1	0.36796	0.396936	0.0289755	0.0289755	0.0018398	0.0271357	1	1	2
296	0.3391	1	0.36796	0.396936	0.0289755	0.0289755	0.0018398	0.0271357	1	1	2
297	0.3391	1	0.36796	0.396936	0.0289755	0.0289755	0.0018398	0.0271357	1	1	2
298	0.3397	1	0.36796	0.396936	0.0289755	0.0289755	0.0018398	0.0271357	1	1	2
299	0.3394	1	0.36796	0.396936	0.0289755	0.0289755	0.0018398	0.0271357	1	1	2
300	0.3382	1	0.36796	0.396936	0.0289755	0.0289755	0.0018398	0.0271357	1	1	2
301	0.3384	1	0.36796	0.396936	0.0289755	0.0289755	0.0018398	0.0271357	1	1	2
302	0.3392	1	0.36796	0.396936	0.0289755	0.0289755	0.0018398	0.0271357	1	1	2
303	0.34	1	0.36796	0.396936	0.0289755	0.0289755	0.0018398	0.0271357	1	1	2
304	0.3398	1	0.36796	0.396936	0.0289755	0.0289755	0.0018398	0.0271357	1	1	2
305	0.34	1	0.36796	0.396936	0.0289755	0.0289755	0.0018398	0.0271357	1	1	2
306	0.3394	1	0.36796	0.396936	0.0289755	0.0289755	0.0018398	0.0271357	1	1	2
307	0.3391	1	0.36796	0.396936	0.0289755	0.0289755	0.0018398	0.0271357	1	1	2
308	0.3399	1	0.36796	0.396936	0.0289755	0.0289755	0.0018398	0.0271357	1	1	2
309	0.3392	1	0.36796	0.396936	0.0289755	0.0289755	0.0018398	0.0271357	1	1	2
310	0.3396	1	0.36796	0.396936	0.0289755	0.0289755	0.0018398	0.0271357	1	1	2
311	0.3399	1	0.36796	0.396936	0.0289755	0.0289755	0.0018398	0.0271357	1	1	2
312	0.3405	1	0.36796	0.396936	0.0289755	0.0289755	0.0018398	0.0271357	1	1	2
313	0.3408	1	0.36796	0.396936	0.0289755	0.0289755	0.0018398	0.0271357	1	1	2
314	0.3414	1	0.36796	0.396936	0.0289755	0.0289755	0.0018398	0.0271357	1	1	2
315	0.3424	1	0.36796	0.396936	0.0289755	0.0289755	0.0018398	0.0271357	1	1	2
316	0.3434	1	0.36796	0.396936	0.0289755	0.0289755	0.0018398	0.0271357	1	1	2
317	0.3421	1	0.36796	0.396936	0.0289755	0.0289755	0.0018398	0.0271357	1	1	2
318	0.3431	1	0.36796	0.396936	0.0289755	0.0289755	0.0018398	0.0271357	1	1	2
319	0.3436	1	0.36796	0.396936	0.0289755	0.0289755	0.0018398	0.0271357	1	1	2
320	0.344	1	0.36796	0.396936	0.0289755	0.0289755	0.0018398	0.0271357	1	1	2
321	0.3439	1	0.36796	0.396936	0.0289755	0.0289755	0.0018398	0.0271357	1	1	2
322	0.3443	1	0.36796	0.396936	0.0289755	0.0289755	0.0018398	0.0271357	1	1	2
323	0.3446	1	0.36796	0.396936	0.0289755	0.0289755	0.0018398	0.0271357	1	1	2
324	0.3449	1	0.36796	0.396936	0.0289755	0.0289755	0.0018398	0.0271357	1	1	2
325	0.3453	1	0.36796	0.396936	0.0289755	0.0289755	0.0018398	0.0271357	1	1	2
326	0.3448	1	0.36796	0.396936	0.0289755	0.0289755	0.0018398	0.0271357	1	1	2
327	0.3445	1	0.36796	0.396936	0.0289755	0.0289755	0.0018398	0.0271357	1	1	2
328	0.3438	1	0.36796	0.396936	0.0289755	0.0289755	0.0018398	0.0271357	1	1	2
329	0.3432	1	0.36796	0.396936	0.0289755	0.0289755	0.0018398	0.0271357	1	1	2
330	0.343	1	0.36796	0.396936	0.0289755	0.0289755	0.0018398	0.0271357	1	1	2
331	0.3432	1	0.36796	0.396936	0.0289755	0.0289755	0.0018398	0.0271357	1	1	2
332	0.344	1	0.36796	0.396936	0.0289755	0.0289755	0.0018398	0.0271357	1	1	2
333	0.3451	1	0.36796	0.396936	0.0289755	0.0289755	0.0018398	0.0271357	1	1	2
334	0.3444	1	0.36796	0.396936	0.0289755	0.0289755	0.0018398	0.0271357	1	1	2
335	0.3452	1	0.36796	0.396936	0.0289755	0.0289755	0.0018398	0.0271357	1	1	2
336	0.3451	-1	0.396936	0.402432	0.00549605	0.0344716	0.0018398	0.0326318	2	1	3
337	0.3432	-1	0.396936	0.402432	0.00549605	0.0344716	0.0018398	0.0326318	2	1	3
338	0.3439	-1	0.396936	0.402432	0.00549605	0.0344716	0.0018398	0.0326318	2	1	3
339	0.3434	-1	0.396936	0.402432	0.00549605	0.0344716	0.0018398	0.0326318	2	1	3
340	0.3412	-1	0.396936	0.402432	0.00549605	0.0344716	0.0018398	0.0326318	2	1	3
341	0.3412	-1	0.396936	0.402432	0.00549605	0.0344716	0.0018398	0.0326318	2	1	3
342	0.3407	-1	0.396936	0.402432	0.00549605	0.0344716	0.0018398	0.0326318	2	1	3
343	0.3409	-1	0.396936	0.402432	0.00549605	0.0344716	0.0018398	0.0326318	2	1	3
344	0.3406	-1	0.396936	0.402432	0.00549605	0.0344716	0.0018398	0.0326318	2	1	3
345	0.3414	-1	0.396936	0.402432	0.00549605	0.0344716	0.0018398	0.0326318	2	1	3
346	0.3409	-1	0.396936	0.402432	0.00549605	0.0344716	0.0018398	0.0326318	2	1	3
347	0.341	-1	0.396936	0.402432	0.00549605	0.0344716	0.0018398	0.0326318	2	1	3
348	0.3412	-1	0.396936	0.402432	0.00549605	0.0344716	0.0018398	0.0326318	2	1	3
349	0.3413	-1	0.396936	0.402432	0.00549605	0.0344716	0.0018398	0.0326318	2	1	3
350	0.3407	-1	0.396936	0.402432	0.00549605	0.0344716	0.0018398	0.0326318	2	1	3
351	0.3408	-1	0.396936	0.402432	0.00549605	0.0344716	0.0018398	0.0326318	2	1	3
352	0.3404	-1	0.396936	0.402432	0.00549605	0.0344716	0.0018398	0.0326318	2	1	3
353	0.3406	-1	0.396936	0.402432	0.00549605	0.0344716	0.0018398	0.0326318	2	1	3
354	0.3409	-1	0.396936	0.402432	0.00549605	0.0344716	0.0018398	0.0326318	2	1	3
355	0.3407	-1	0.396936	0.402432	0.00549605	0.0344716	0.0018398	0.0326318	2	1	3
356	0.3408	-1	0.396936	0.402432	0.00549605	0.0344716	0.0018398	0.0326318	2	1	3
357	0.3409	-1	0.396936	0.402432	0.00549605	0.0344716	0.0018398	0.0326318	2	1	3
358	0.3409	-1	0.396936	0.402432	0.00549605	0.0344716	0.0018398	0.0326318	2	1	3
359	0.3409	-1	0.396936	0.402432	0.00549605	0.0344716	0.0018398	0.0326318	2	1	3
360	0.3407	-1	0.396936	0.402432	0.00549605	0.0344716	0.0018398	0.0326318	2	1	3
361	0.3408	-1	0.396936	0.402432	0.00549605	0.0344716	0.0018398	0.0326318	2	1	3
362	0.3409	-1	0.396936	0.402432	0.00549605	0.0344716	0.0018398	0.0326318	2	1	3
363	0.3415	-1	0.396936	0.402432	0.00549605	0.0344716	0.0018398	0.0326318	2	1	3
364	0.3415	-1	0.396936	0.402432	0.00549605	0.0344716	0.0018398	0.0326318	2	1	3
365	0.3418	-1	0.396936	0.402432	0.00549605	0.0344716	0.0018398	0.0326318	2	1	3
366	0.342	-1	0.396936	0.402432	0.00549605	0.0344716	0.0018398	0.0326318	2	1	3
367	0.3422	-1	0.396936	0.402432	0.00549605	0.0344716	0.0018398	0.0326318	2	1	3
368	0.3426	-1	0.396936	0.402432	0.00549605	0.0344716	0.0018398	0.0326318	2	1	3
369	0.3427	-1	0.396936	0.402432	0.00549605	0.0344716	0.0018398	0.0326318	2	1	3
370	0.3424	-1	0.396936	0.402432	0.00549605	0.0344716	0.0018398	0.0326318	2	1	3
371	0.3426	-1	0.396936	0.402432	0.00549605	0.0344716	0.0018398	0.0326318	2	1	3
372	0.3423	-1	0.396936	0.402432	0.00549605	0.0344716	0.0018398	0.0326318	2	1	3
373	0.3421	-1	0.396936	0.402432	0.00549605	0.0344716	0.0018398	0.0326318	2	1	3
374	0.3429	-1	0.396936	0.402432	0.00549605	0.0344716	0.0018398	0.0326318	2	1	3
375	0.3424	-1	0.396936	0.402432	0.00549605	0.0344716	0.0018398	0.0326318	2	1	3
376	0.3425	-1	0.396936	0.402432	0.00549605	0.0344716	0.0018398	0.0326318	2	1	3
377	0.3425	-1	0.396936	0.402432	0.00549605	0.0344716	0.0018398	0.0326318	2	1	3
378	0.3431	-1	0.396936	0.402432	0.00549605	0.0344716	0.0018398	0.0326318	2	1	3
379	0.3434	-1	0.396936	0.402432	0.00549605	0.0344716	0.0018398	0.0326318	2	1	3
380	0.344	-1	0.396936	0.402432	0.00549605	0.0344716	0.0018398	0.0326318	2	1	3
381	0.3441	-1	0.396936	0.402432	0.00549605	0.0344716	0.0018398	0.0326318	2	1	3
382	0.3432	-1	0.396936	0.402432	0.00549605	0.0344716	0.0018398	0.0326318	2	1	3
383	0.3435	-1	0.396936	0.402432	0.00549605	0.0344716	0.0018398	0.0326318	2	1	3
384	0.3437	-1	0.396936	0.402432	0.00549605	0.0344716	0.0018398	0.0326318	2	1	3
385	0.3433	-1	0.396936	0.402432	0.00549605	0.0344716	0.0018398	0.0326318	2	1	3
386	0.3432	-1	0.396936	0.402432	0.00549605	0.0344716	0.0018398	0.0326318	2	1	3
387	0.343	-1	0.396936	0.402432	0.00549605	0.0344716	0.0018398	0.0326318	2	1	3
388	0.3435	-1	0.396936	0.402432	0.00549605	0.0344716	0.0018398	0.0326318	2	1	3
389	0.3437	-1	0.396936	0.402432	0.00549605	0.0344716	0.0018398	0.0326318	2	1	3
390	0.3437	-1	0.396936	0.402432	0.00549605	0.0344716	0.0018398	0.0326318	2	1	3
391	0.344	-1	0.396936	0.402432	0.00549605	0.0344716	0.0018398	0.0326318	2	1	3
392	0.3437	-1	0.396936	0.402432	0.00549605	0.0344716	0.0018398	0.0326318	2	1	3
393	0.3444	-1	0.396936	0.402432	0.00549605	0.0344716	0.0018398	0.0326318	2	1	3
394	0.3446	-1	0.396936	0.402432	0.00549605	0.0344716	0.0018398	0.0326318	2	1	3
395	0.3439	-1	0.396936	0.402432	0.00549605	0.0344716	0.0018398	0.0326318	2	1	3
396	0.343	-1	0.396936	0.402432	0.00549605	0.0344716	0.0018398	0.0326318	2	1	3
397	0.3435	-1	0.396936	0.402432	0.00549605	0.0344716	0.0018398	0.0326318	2	1	3
398	0.3435	-1	0.396936	0.402432	0.00549605	0.0344716	0.0018398	0.0326318	2	1	3
399	0.344	-1	0.396936	0.402432	0.00549605	0.0344716	0.0018398	0.0326318	2	1	3
400	0.3439	-1	0.396936	0.402432	0.00549605	0.0344716	0.0018398	0.0326318	2	1	3
401	0.3436	-1	0.396936	0.402432	0.00549605	0.0344716	0.0018398	0.0326318	2	1	3
402	0.3431	-1	0.396936	0.402432	0.00549605	0.0344716	0.0018398	0.0326318	2	1	3
403	0.3429	-1	0.396936	0.402432	0.00549605	0.0344716	0.0018398	0.0326318	2	1	3
404	0.3428	-1	0.396936	0.402432	0.00549605	0.0344716	0.0018398	0.0326318	2	1	3
405	0.3421	-1	0.396936	0.402432	0.00549605	0.0344716	0.0018398	0.0326318	2	1	3
406	0.3414	-1	0.396936	0.402432	0.00549605	0.0344716	0.0018398	0.0326318	2	1	3
407	0.3414	-1	0.396936	0.402432	0.00549605	0.0344716	0.0018398	0.0326318	2	1	3
408	0.3419	-1	0.396936	0.402432	0.00549605	0.0344716	0.0018398	0.0326318	2	1	3
409	0.342	-1	0.396936	0.402432	0.00549605	0.0344716	0.0018398	0.0326318	2	1	3
410	0.3423	-1	0.396936	0.402432	0.00549605	0.0344716	0.0018398	0.0326318	2	1	3
411	0.3422	-1	0.396936	0.402432	0.00549605	0.0344716	0.0018398	0.0326318	2	1	3
412	0.3415	-1	0.396936	0.402432	0.00549605	0.0344716	0.0018398	0.0326318	2	1	3
413	0.3413	-1	0.396936	0.402432	0.00549605	0.0344716	0.0018398	0.0326318	2	1	3
414	0.3423	-1	0.396936	0.402432	0.00549605	0.0344716	0.0018398	0.0326318	2	1	3
415	0.343	-1	0.396936	0.402432	0.00549605	0.0344716	0.0018398	0.0326318	2	1	3
416	0.3427	-1	0.396936	0.402432	0.00549605	0.0344716	0.0018398	0.0326318	2	1	3
417	0.3429	-1	0.396936	0.402432	0.00549605	0.0344716	0.0018398	0.0326318	2	1	3
418	0.3426	-1	0.396936	0.402432	0.00549605	0.0344716	0.0018398	0.0326318	2	1	3
419	0.3433	-1	0.396936	0.402432	0.00549605	0.0344716	0.0018398	0.0326318	2	1	3
420	0.3429	-1	0.396936	0.402432	0.00549605	0.0344716	0.0018398	0.0326318	2	1	3
421	0.3434	-1	0.396936	0.402432	0.00549605	0.0344716	0.0018398	0.0326318	2	1	3
422	0.3432	-1	0.396936	0.402432	0.00549605	0.0344716	0.0018398	0.0326318	2	1	3
423	0.3428	-1	0.396936	0.402432	0.00549605	0.0344716	0.0018398	0.0326318	2	1	3
424	0.342	-1	0.396936	0.402432	0.00549605	0.0344716	0.0018398	0.0326318	2	1	3
425	0.3427	-1	0.396936	0.402432	0.00549605	0.0344716	0.0018398	0.0326318	2	1	3
426	0.3414	-1	0.396936	0.402432	0.00549605	0.0344716	0.0018398	0.0326318	2	1	3
427	0.3411	-1	0.396936	0.402432	0.00549605	0.0344716	0.0018398	0.0326318	2	1	3
428	0.3407	-1	0.396936	0.402432	0.00549605	0.0344716	0.0018398	0.0326318	2	1	3
429	0.3392	-1	0.396936	0.402432	0.00549605	0.0344716	0.0018398	0.0326318	2	1	3
430	0.3395	-1	0.396936	0.402432	0.00549605	0.0344716	0.0018398	0.0326318	2	1	3
431	0.3402	-1	0.396936	0.402432	0.00549605	0.0344716	0.0018398	0.0326318	2	1	3
432	0.3389	-1	0.396936	0.402432	0.00549605	0.0344716	0.0018398	0.0326318	2	1	3
433	0.3386	-1	0.396936	0.402432	0.00549605	0.0344716	0.0018398	0.0326318	2	1	3
434	0.3388	-1	0.396936	0.402432	0.00549605	0.0344716	0.0018398	0.0326318	2	1	3
435	0.3383	-1	0.396936	0.402432	0.00549605	0.0344716	0.0018398	0.0326318	2	1	3
436	0.3385	-1	0.396936	0.402432	0.00549605	0.0344716	0.0018398	0.0326318	2	1	3
437	0.3385	-1	0.396936	0.402432	0.00549605	0.0344716	0.0018398	0.0326318	2	1	3
438	0.3388	-1	0.396936	0.402432	0.00549605	0.0344716	0.0018398	0.0326318	2	1	3
439	0.3389	-1	0.396936	0.402432	0.00549605	0.0344716	0.0018398	0.0326318	2	1	3
440	0.3387	-1	0.396936	0.402432	0.00549605	0.0344716	0.0018398	0.0326318	2	1	3
441	0.3384	-1	0.396936	0.402432	0.00549605	0.0344716	0.0018398	0.0326318	2	1	3
442	0.3374	-1	0.396936	0.402432	0.00549605	0.0344716	0.0018398	0.0326318	2	1	3
443	0.3378	-1	0.396936	0.402432	0.00549605	0.0344716	0.0018398	0.0326318	2	1	3
444	0.338	-1	0.396936	0.402432	0.00549605	0.0344716	0.0018398	0.0326318	2	1	3
445	0.3376	-1	0.396936	0.402432	0.00549605	0.0344716	0.0018398	0.0326318	2	1	3
446	0.3378	-1	0.396936	0.402432	0.00549605	0.0344716	0.0018398	0.0326318	2	1	3
447	0.3377	-1	0.396936	0.402432	0.00549605	0.0344716	0.0018398	0.0326318	2	1	3
448	0.3381	-1	0.396936	0.402432	0.00549605	0.0344716	0.0018398	0.0326318	2	1	3
449	0.3374	-1	0.396936	0.402432	0.00549605	0.0344716	0.0018398	0.0326318	2	1	3
450	0.3374	-1	0.396936	0.402432	0.00549605	0.0344716	0.0018398	0.0326318	2	1	3
451	0.3373	-1	0.396936	0.402432	0.00549605	0.0344716	0.0018398	0.0326318	2	1	3
452	0.3361	-1	0.396936	0.402432	0.00549605	0.0344716	0.0018398	0.0326318	2	1	3
453	0.336	-1	0.396936	0.402432	0.00549605	0.0344716	0.0018398	0.0326318	2	1	3
454	0.3361	-1	0.396936	0.402432	0.00549605	0.0344716	0.0018398	0.0326318	2	1	3
455	0.3358	-1	0.396936	0.402432	0.00549605	0.0344716	0.0018398	0.0326318	2	1	3
456	0.3367	-1	0.396936	0.402432	0.00549605	0.0344716	0.0018398	0.0326318	2	1	3
457	0.3367	-1	0.396936	0.402432	0.00549605	0.0344716	0.0018398	0.0326318	2	1	3
458	0.3369	-1	0.396936	0.402432	0.00549605	0.0344716	0.0018398	0.0326318	2	1	3
459	0.3368	-1	0.396936	0.402432	0.00549605	0.0344716	0.0018398	0.0326318	2	1	3
460	0.3366	-1	0.396936	0.402432	0.00549605	0.0344716	0.0018398	0.0326318	2	1	3
461	0.3362	-1	0.396936	0.402432	0.00549605	0.0344716	0.0018398	0.0326318	2	1	3
462	0.336	-1	0.396936	0.402432	0.00549605	0.0344716	0.0018398	0.0326318	2	1	3
463	0.3364	-1	0.396936	0.402432	0.00549605	0.0344716	0.0018398	0.0326318	2	1	3
464	0.3368	-1	0.396936	0.402432	0.00549605	0.0344716	0.0018398	0.0326318	2	1	3
465	0.3368	-1	0.396936	0.402432	0.00549605	0.0344716	0.0018398	0.0326318	2	1	3
466	0.3372	-1	0.396936	0.402432	0.00549605	0.0344716	0.0018398	0.0326318	2	1	3
467	0.3367	-1	0.396936	0.402432	0.00549605	0.0344716	0.0018398	0.0326318	2	1	3
468	0.3368	-1	0.396936	0.402432	0.00549605	0.0344716	0.0018398	0.0326318	2	1	3
469	0.3365	-1	0.396936	0.402432	0.00549605	0.0344716	0.0018398	0.0326318	2	1	3
470	0.3372	-1	0.396936	0.402432	0.00549605	0.0344716	0.0018398	0.0326318	2	1	3
471	0.3374	-1	0.396936	0.402432	0.00549605	0.0344716	0.0018398	0.0326318	2	1	3
472	0.3379	-1	0.396936	0.402432	0.00549605	0.0344716	0.0018398	0.0326318	2	1	3
473	0.3382	-1	0.396936	0.402432	0.00549605	0.0344716	0.0018398	0.0326318	2	1	3
474	0.3382	-1	0.396936	0.402432	0.00549605	0.0344716	0.0018398	0.0326318	2	1	3
475	0.3377	-1	0.396936	0.402432	0.00549605	0.0344716	0.0018398	0.0326318	2	1	3
476	0.3383	-1	0.396936	0.402432	0.00549605	0.0344716	0.0018398	0.0326318	2	1	3
477	0.3384	-1	0.396936	0.402432	0.00549605	0.0344716	0.0018398	0.0326318	2	1	3
478	0.3381	-1	0.396936	0.402432	0.00549605	0.0344716	0.0018398	0.0326318	2	1	3
479	0.338	-1	0.396936	0.402432	0.00549605	0.0344716	0.0018398	0.0326318	2	1	3
480	0.3385	-1	0.396936	0.402432	0.00549605	0.0344716	0.0018398	0.0326318	2	1	3
481	0.3384	-1	0.396936	0.402432	0.00549605	0.0344716	0.0018398	0.0326318	2	1	3
482	0.3381	-1	0.396936	0.402432	0.00549605	0.0344716	0.0018398	0.0326318	2	1	3
483	0.338	-1	0.396936	0.402432	0.00549605	0.0344716	0.0018398	0.0326318	2	1	3
484	0.3383	-1	0.396936	0.402432	0.00549605	0.0344716	0.0018398	0.0326318	2	1	3
485	0.3384	-1	0.396936	0.402432	0.00549605	0.0344716	0.0018398	0.0326318	2	1	3
486	0.3381	-1	0.396936	0.402432	0.00549605	0.0344716	0.0018398	0.0326318	2	1	3
487	0.3382	-1	0.396936	0.402432	0.00549605	0.0344716	0.0018398	0.0326318	2	1	3
488	0.3384	-1	0.396936	0.402432	0.00549605	0.0344716	0.0018398	0.0326318	2	1	3
489	0.3384	-1	0.396936	0.402432	0.00549605	0.0344716	0.0018398	0.0326318	2	1	3
490	0.3382	-1	0.396936	0.402432	0.00549605	0.0344716	0.0018398	0.0326318	2	1	3
491	0.3379	-1	0.396936	0.402432	0.00549605	0.0344716	0.0018398	0.0326318	2	1	3
492	0.3376	-1	0.396936	0.402432	0.00549605	0.0344716	0.0018398	0.0326318	2	1	3
493	0.3371	-1	0.396936	0.402432	0.00549605	0.0344716	0.0018398	0.0326318	2	1	3
494	0.3364	-1	0.396936	0.402432	0.00549605	0.0344716	0.0018398	0.0326318	2	1	3
495	0.3371	-1	0.396936	0.402432	0.00549605	0.0344716	0.0018398	0.0326318	2	1	3
496	0.3369	-1	0.396936	0.402432	0.00549605	0.0344716	0.0018398	0.0326318	2	1	3
497	0.3372	-1	0.396936	0.402432	0.00549605	0.0344716	0.0018398	0.0326318	2	1	3
498	0.3376	-1	0.396936	0.402432	0.00549605	0.0344716	0.0018398	0.0326318	2	1	3
499	0.3374	-1	0.396936	0.402432	0.00549605	0.0344716	0.0018398	0.0326318	2	1	3
500	0.3371	-1	0.396936	0.402432	0.00549605	0.0344716	0.0018398	0.0326318	2	1	3
501	0.3372	-1	0.396936	0.402432	0.00549605	0.0344716	0.0018398	0.0326318	2	1	3
502	0.3384	-1	0.396936	0.402432	0.00549605	0.0344716	0.0018398	0.0326318	2	1	3
503	0.3384	-1	0.396936	0.402432	0.00549605	0.0344716	0.0018398	0.0326318	2	1	3
504	0.338	-1	0.396936	0.402432	0.00549605	0.0344716	0.0018398	0.0326318	2	1	3
505	0.3388	-1	0.396936	0.402432	0.00549605	0.0344716	0.0018398	0.0326318	2	1	3
506	0.3388	-1	0.396936	0.402432	0.00549605	0.0344716	0.0018398	0.0326318	2	1	3
507	0.3392	-1	0.396936	0.402432	0.00549605	0.0344716	0.0018398	0.0326318	2	1	3
508	0.3396	-1	0.396936	0.402432	0.00549605	0.0344716	0.0018398	0.0326318	2	1	3
509	0.3397	-1	0.396936	0.402432	0.00549605	0.0344716	0.0018398	0.0326318	2	1	3
510	0.3391	-1	0.396936	0.402432	0.00549605	0.0344716	0.0018398	0.0326318	2	1	3
511	0.3396	-1	0.396936	0.402432	0.00549605	0.0344716	0.0018398	0.0326318	2	1	3
512	0.339	-1	0.396936	0.402432	0.00549605	0.0344716	0.0018398	0.0326318	2	1	3
513	0.3386	-1	0.396936	0.402432	0.00549605	0.0344716	0.0018398	0.0326318	2	1	3
514	0.339	-1	0.396936	0.402432	0.00549605	0.0344716	0.0018398	0.0326318	2	1	3
515	0.3388	-1	0.396936	0.402432	0.00549605	0.0344716	0.0018398	0.0326318	2	1	3
516	0.3387	-1	0.396936	0.402432	0.00549605	0.0344716	0.0018398	0.0326318	2	1	3
517	0.3377	-1	0.396936	0.402432	0.00549605	0.0344716	0.0018398	0.0326318	2	1	3
518	0.3386	-1	0.396936	0.402432	0.00549605	0.0344716	0.0018398	0.0326318	2	1	3
519	0.3385	-1	0.396936	0.402432	0.00549605	0.0344716	0.0018398	0.0326318	2	1	3
520	0.3386	-1	0.396936	0.402432	0.00549605	0.0344716	0.0018398	0.0326318	2	1	3
521	0.3381	-1	0.396936	0.402432	0.00549605	0.0344716	0.0018398	0.0326318	2	1	3
522	0.3384	-1	0.396936	0.402432	0.00549605	0.0344716	0.0018398	0.0326318	2	1	3
523	0.3382	-1	0.396936	0.402432	0.00549605	0.0344716	0.0018398	0.0326318	2	1	3
524	0.3386	-1	0.396936	0.402432	0.00549605	0.0344716	0.0018398	0.0326318	2	1	3
525	0.3389	-1	0.396936	0.402432	0.00549605	0.0344716	0.0018398	0.0326318	2	1	3
526	0.3384	-1	0.396936	0.402432	0.00549605	0.0344716	0.0018398	0.0326318	2	1	3
527	0.3382	-1	0.396936	0.402432	0.00549605	0.0344716	0.0018398	0.0326318	2	1	3
528	0.3387	-1	0.396936	0.402432	0.00549605	0.0344716	0.0018398	0.0326318	2	1	3
529	0.3389	-1	0.396936	0.402432	0.00549605	0.0344716	0.0018398	0.0326318	2	1	3
530	0.339	-1	0.396936	0.402432	0.00549605	0.0344716	0.0018398	0.0326318	2	1	3
531	0.3389	-1	0.396936	0.402432	0.00549605	0.0344716	0.0018398	0.0326318	2	1	3
532	0.3366	-1	0.396936	0.402432	0.00549605	0.0344716	0.0018398	0.0326318	2	1	3
533	0.3218	-1	0.396936	0.402432	0.00549605	0.0344716	0.0018398	0.0326318	2	1	3
534	0.3243	1	0.402432	0.422683	0.0202512	0.0547228	0.0018398	0.052883	3	1	4
535	0.3258	1	0.402432	0.422683	0.0202512	0.0547228	0.0018398	0.052883	3	1	4
536	0.3253	1	0.402432	0.422683	0.0202512	0.0547228	0.0018398	0.052883	3	1	4
537	0.3256	1	0.402432	0.422683	0.0202512	0.0547228	0.0018398	0.052883	3	1	4
538	0.3274	1	0.402432	0.422683	0.0202512	0.0547228	0.0018398	0.052883	3	1	4
539	0.3275	1	0.402432	0.422683	0.0202512	0.0547228	0.0018398	0.052883	3	1	4
540	0.3266	1	0.402432	0.422683	0.0202512	0.0547228	0.0018398	0.052883	3	1	4
541	0.3263	1	0.402432	0.422683	0.0202512	0.0547228	0.0018398	0.052883	3	1	4
542	0.3261	1	0.402432	0.422683	0.0202512	0.0547228	0.0018398	0.052883	3	1	4
543	0.3277	1	0.402432	0.422683	0.0202512	0.0547228	0.0018398	0.052883	3	1	4
544	0.3287	1	0.402432	0.422683	0.0202512	0.0547228	0.0018398	0.052883	3	1	4
545	0.3286	1	0.402432	0.422683	0.0202512	0.0547228	0.0018398	0.052883	3	1	4
546	0.3277	1	0.402432	0.422683	0.0202512	0.0547228	0.0018398	0.052883	3	1	4
547	0.3266	1	0.402432	0.422683	0.0202512	0.0547228	0.0018398	0.052883	3	1	4
548	0.3281	1	0.402432	0.422683	0.0202512	0.0547228	0.0018398	0.052883	3	1	4
549	0.3281	1	0.402432	0.422683	0.0202512	0.0547228	0.0018398	0.052883	3	1	4
550	0.3299	1	0.402432	0.422683	0.0202512	0.0547228	0.0018398	0.052883	3	1	4
551	0.3299	1	0.402432	0.422683	0.0202512	0.0547228	0.0018398	0.052883	3	1	4
552	0.3316	1	0.402432	0.422683	0.0202512	0.0547228	0.0018398	0.052883	3	1	4
553	0.332	1	0.402432	0.422683	0.0202512	0.0547228	0.0018398	0.052883	3	1	4
554	0.3324	1	0.402432	0.422683	0.0202512	0.0547228	0.0018398	0.052883	3	1	4
555	0.3317	1	0.402432	0.422683	0.0202512	0.0547228	0.0018398	0.052883	3	1	4
556	0.3318	1	0.402432	0.422683	0.0202512	0.0547228	0.0018398	0.052883	3	1	4
557	0.3371	1	0.402432	0.422683	0.0202512	0.0547228	0.0018398	0.052883	3	1	4
558	0.336	1	0.402432	0.422683	0.0202512	0.0547228	0.0018398	0.052883	3	1	4
559	0.3387	1	0.402432	0.422683	0.0202512	0.0547228	0.0018398	0.052883	3	1	4
560	0.3378	1	0.402432	0.422683	0.0202512	0.0547228	0.0018398	0.052883	3	1	4
561	0.3446	1	0.402432	0.422683	0.0202512	0.0547228	0.0018398	0.052883	3	1	4
562	0.3424	1	0.402432	0.422683	0.0202512	0.0547228	0.0018398	0.052883	3	1	4
563	0.343	1	0.402432	0.422683	0.0202512	0.0547228	0.0018398	0.052883	3	1	4
564	0.3436	1	0.402432	0.422683	0.0202512	0.0547228	0.0018398	0.052883	3	1	4
565	0.3449	1	0.402432	0.422683	0.0202512	0.0547228	0.0018398	0.052883	3	1	4
566	0.3434	1	0.402432	0.422683	0.0202512	0.0547228	0.0018398	0.052883	3	1	4
567	0.3451	1	0.402432	0.422683	0.0202512	0.0547228	0.0018398	0.052883	3	1	4
568	0.3454	1	0.402432	0.422683	0.0202512	0.0547228	0.0018398	0.052883	3	1	4
569	0.3448	1	0.402432	0.422683	0.0202512	0.0547228	0.0018398	0.052883	3	1	4
570	0.3453	1	0.402432	0.422683	0.0202512	0.0547228	0.0018398	0.052883	3	1	4
571	0.3456	1	0.402432	0.422683	0.0202512	0.0547228	0.0018398	0.052883	3	1	4
572	0.3454	1	0.402432	0.422683	0.0202512	0.0547228	0.0018398	0.052883	3	1	4
573	0.3448	1	0.402432	0.422683	0.0202512	0.0547228	0.0018398	0.052883	3	1	4
574	0.3426	1	0.402432	0.422683	0.0202512	0.0547228	0.0018398	0.052883	3	1	4
575	0.3433	1	0.402432	0.422683	0.0202512	0.0547228	0.0018398	0.052883	3	1	4
576	0.3445	1	0.402432	0.422683	0.0202512	0.0547228	0.0018398	0.052883	3	1	4
577	0.3451	1	0.402432	0.422683	0.0202512	0.0547228	0.0018398	0.052883	3	1	4
578	0.3453	1	0.402432	0.422683	0.0202512	0.0547228	0.0018398	0.052883	3	1	4
579	0.3435	1	0.402432	0.422683	0.0202512	0.0547228	0.0018398	0.052883	3	1	4
580	0.3431	1	0.402432	0.422683	0.0202512	0.0547228	0.0018398	0.052883	3	1	4
581	0.3425	1	0.402432	0.422683	0.0202512	0.0547228	0.0018398	0.052883	3	1	4
582	0.3444	1	0.402432	0.422683	0.0202512	0.0547228	0.0018398	0.052883	3	1	4
583	0.3433	1	0.402432	0.422683	0.0202512	0.0547228	0.0018398	0.052883	3	1	4
584	0.344	1	0.402432	0.422683	0.0202512	0.0547228	0.0018398	0.052883	3	1	4
585	0.3452	1	0.402432	0.422683	0.0202512	0.0547228	0.0018398	0.052883	3	1	4
586	0.3453	1	0.402432	0.422683	0.0202512	0.0547228	0.0018398	0.052883	3	1	4
587	0.3461	1	0.402432	0.422683	0.0202512	0.0547228	0.0018398	0.052883	3	1	4
588	0.3457	1	0.402432	0.422683	0.0202512	0.0547228	0.0018398	0.052883	3	1	4
589	0.3459	1	0.402432	0.422683	0.0202512	0.0547228	0.0018398	0.052883	3	1	4
590	0.347	1	0.402432	0.422683	0.0202512	0.0547228	0.0018398	0.052883	3	1	4
591	0.3506	1	0.402432	0.422683	0.0202512	0.0547228	0.0018398	0.052883	3	1	4
592	0.3512	1	0.402432	0.422683	0.0202512	0.0547228	0.0018398	0.052883	3	1	4
593	0.3512	1	0.402432	0.422683	0.0202512	0.0547228	0.0018398	0.052883	3	1	4
594	0.3508	1	0.402432	0.422683	0.0202512	0.0547228	0.0018398	0.052883	3	1	4
595	0.3535	1	0.402432	0.422683	0.0202512	0.0547228	0.0018398	0.052883	3	1	4
596	0.3517	1	0.402432	0.422683	0.0202512	0.0547228	0.0018398	0.052883	3	1	4
597	0.3525	1	0.402432	0.422683	0.0202512	0.0547228	0.0018398	0.052883	3	1	4
598	0.3537	1	0.402432	0.422683	0.0202512	0.0547228	0.0018398	0.052883	3	1	4
599	0.3536	1	0.402432	0.422683	0.0202512	0.0547228	0.0018398	0.052883	3	1	4
600	0.353	1	0.402432	0.422683	0.0202512	0.0547228	0.0018398	0.052883	3	1	4
601	0.3521	1	0.402432	0.422683	0.0202512	0.0547228	0.0018398	0.052883	3	1	4
602	0.3512	1	0.402432	0.422683	0.0202512	0.0547228	0.0018398	0.052883	3	1	4
603	0.351	1	0.402432	0.422683	0.0202512	0.0547228	0.0018398	0.052883	3	1	4
604	0.351	1	0.402432	0.422683	0.0202512	0.0547228	0.0018398	0.052883	3	1	4
605	0.3507	1	0.402432	0.422683	0.0202512	0.0547228	0.0018398	0.052883	3	1	4
606	0.3505	1	0.402432	0.422683	0.0202512	0.0547228	0.0018398	0.052883	3	1	4
607	0.3514	1	0.402432	0.422683	0.0202512	0.0547228	0.0018398	0.052883	3	1	4
608	0.3517	1	0.402432	0.422683	0.0202512	0.0547228	0.0018398	0.052883	3	1	4
609	0.3519	1	0.402432	0.422683	0.0202512	0.0547228	0.0018398	0.052883	3	1	4
610	0.3534	1	0.402432	0.422683	0.0202512	0.0547228	0.0018398	0.052883	3	1	4
611	0.3543	1	0.402432	0.422683	0.0202512	0.0547228	0.0018398	0.052883	3	1	4
612	0.354	-1	0.422683	0.456802	0.0341191	0.0888419	0.0018398	0.0870021	4	1	5
613	0.353	-1	0.422683	0.456802	0.0341191	0.0888419	0.0018398	0.0870021	4	1	5
614	0.3533	-1	0.422683	0.456802	0.0341191	0.0888419	0.0018398	0.0870021	4	1	5
615	0.3539	-1	0.422683	0.456802	0.0341191	0.0888419	0.0018398	0.0870021	4	1	5
616	0.3535	-1	0.422683	0.456802	0.0341191	0.0888419	0.0018398	0.0870021	4	1	5
617	0.3516	-1	0.422683	0.456802	0.0341191	0.0888419	0.0018398	0.0870021	4	1	5
618	0.3514	-1	0.422683	0.456802	0.0341191	0.0888419	0.0018398	0.0870021	4	1	5
619	0.3486	-1	0.422683	0.456802	0.0341191	0.0888419	0.0018398	0.0870021	4	1	5
620	0.3486	-1	0.422683	0.456802	0.0341191	0.0888419	0.0018398	0.0870021	4	1	5
621	0.3498	-1	0.422683	0.456802	0.0341191	0.0888419	0.0018398	0.0870021	4	1	5
622	0.3485	-1	0.422683	0.456802	0.0341191	0.0888419	0.0018398	0.0870021	4	1	5
623	0.3492	-1	0.422683	0.456802	0.0341191	0.0888419	0.0018398	0.0870021	4	1	5
624	0.3482	-1	0.422683	0.456802	0.0341191	0.0888419	0.0018398	0.0870021	4	1	5
625	0.3473	-1	0.422683	0.456802	0.0341191	0.0888419	0.0018398	0.0870021	4	1	5
626	0.3457	-1	0.422683	0.456802	0.0341191	0.0888419	0.0018398	0.0870021	4	1	5
627	0.3478	-1	0.422683	0.456802	0.0341191	0.0888419	0.0018398	0.0870021	4	1	5
628	0.3459	-1	0.422683	0.456802	0.0341191	0.0888419	0.0018398	0.0870021	4	1	5
629	0.345	-1	0.422683	0.456802	0.0341191	0.0888419	0.0018398	0.0870021	4	1	5
630	0.3437	-1	0.422683	0.456802	0.0341191	0.0888419	0.0018398	0.0870021	4	1	5
631	0.345	-1	0.422683	0.456802	0.0341191	0.0888419	0.0018398	0.0870021	4	1	5
632	0.3443	-1	0.422683	0.456802	0.0341191	0.0888419	0.0018398	0.0870021	4	1	5
633	0.3449	-1	0.422683	0.456802	0.0341191	0.0888419	0.0018398	0.0870021	4	1	5
634	0.3431	-1	0.422683	0.456802	0.0341191	0.0888419	0.0018398	0.0870021	4	1	5
635	0.3432	-1	0.422683	0.456802	0.0341191	0.0888419	0.0018398	0.0870021	4	1	5
636	0.3428	-1	0.422683	0.456802	0.0341191	0.0888419	0.0018398	0.0870021	4	1	5
637	0.3423	-1	0.422683	0.456802	0.0341191	0.0888419	0.0018398	0.0870021	4	1	5
638	0.3428	-1	0.422683	0.456802	0.0341191	0.0888419	0.0018398	0.0870021	4	1	5
639	0.3431	1	0.456802	0.466322	0.00952008	0.098362	0.0018398	0.0965222	5	1	6
640	0.343	1	0.456802	0.466322	0.00952008	0.098362	0.0018398	0.0965222	5	1	6
641	0.3425	1	0.456802	0.466322	0.00952008	0.098362	0.0018398	0.0965222	5	1	6
642	0.3448	1	0.456802	0.466322	0.00952008	0.098362	0.0018398	0.0965222	5	1	6
643	0.3445	1	0.456802	0.466322	0.00952008	0.098362	0.0018398	0.0965222	5	1	6
644	0.3436	1	0.456802	0.466322	0.00952008	0.098362	0.0018398	0.0965222	5	1	6
645	0.3452	1	0.456802	0.466322	0.00952008	0.098362	0.0018398	0.0965222	5	1	6
646	0.3458	1	0.456802	0.466322	0.00952008	0.098362	0.0018398	0.0965222	5	1	6
647	0.3472	1	0.456802	0.466322	0.00952008	0.098362	0.0018398	0.0965222	5	1	6
648	0.3479	1	0.456802	0.466322	0.00952008	0.098362	0.0018398	0.0965222	5	1	6
649	0.3492	1	0.456802	0.466322	0.00952008	0.098362	0.0018398	0.0965222	5	1	6
650	0.3512	1	0.456802	0.466322	0.00952008	0.098362	0.0018398	0.0965222	5	1	6
651	0.3502	1	0.456802	0.466322	0.00952008	0.098362	0.0018398	0.0965222	5	1	6
652	0.3494	1	0.456802	0.466322	0.00952008	0.098362	0.0018398	0.0965222	5	1	6
653	0.3487	1	0.456802	0.466322	0.00952008	0.098362	0.0018398	0.0965222	5	1	6
654	0.348	1	0.456802	0.466322	0.00952008	0.098362	0.0018398	0.0965222	5	1	6
655	0.3488	1	0.456802	0.466322	0.00952008	0.098362	0.0018398	0.0965222	5	1	6
656	0.3491	1	0.456802	0.466322	0.00952008	0.098362	0.0018398	0.0965222	5	1	6
657	0.3483	1	0.456802	0.466322	0.00952008	0.098362	0.0018398	0.0965222	5	1	6
658	0.3482	1	0.456802	0.466322	0.00952008	0.098362	0.0018398	0.0965222	5	1	6
659	0.3456	1	0.456802	0.466322	0.00952008	0.098362	0.0018398	0.0965222	5	1	6
660	0.3465	1	0.456802	0.466322	0.00952008	0.098362	0.0018398	0.0965222	5	1	6
661	0.3448	1	0.456802	0.466322	0.00952008	0.098362	0.0018398	0.0965222	5	1	6
662	0.346	1	0.456802	0.466322	0.00952008	0.098362	0.0018398	0.0965222	5	1	6
663	0.3475	1	0.456802	0.466322	0.00952008	0.098362	0.0018398	0.0965222	5	1	6
664	0.3473	-1	0.466322	0.467334	0.00101158	0.0993736	0.0018398	0.0975338	6	1	7
665	0.3458	-1	0.466322	0.467334	0.00101158	0.0993736	0.0018398	0.0975338	6	1	7
666	0.3464	-1	0.466322	0.467334	0.00101158	0.0993736	0.0018398	0.0975338	6	1	7
667	0.3474	-1	0.466322	0.467334	0.00101158	0.0993736	0.0018398	0.0975338	6	1	7
668	0.3458	-1	0.466322	0.467334	0.00101158	0.0993736	0.0018398	0.0975338	6	1	7
669	0.3461	-1	0.466322	0.467334	0.00101158	0.0993736	0.0018398	0.0975338	6	1	7
670	0.3454	-1	0.466322	0.467334	0.00101158	0.0993736	0.0018398	0.0975338	6	1	7
671	0.3447	-1	0.466322	0.467334	0.00101158	0.0993736	0.0018398	0.0975338	6	1	7
672	0.3441	-1	0.466322	0.467334	0.00101158	0.0993736	0.0018398	0.0975338	6	1	7
673	0.3444	-1	0.466322	0.467334	0.00101158	0.0993736	0.0018398	0.0975338	6	1	7
674	0.3441	-1	0.466322	0.467334	0.00101158	0.0993736	0.0018398	0.0975338	6	1	7
675	0.3451	-1	0.466322	0.467334	0.00101158	0.0993736	0.0018398	0.0975338	6	1	7
676	0.3455	-1	0.466322	0.467334	0.00101158	0.0993736	0.0018398	0.0975338	6	1	7
677	0.346	-1	0.466322	0.467334	0.00101158	0.0993736	0.0018398	0.0975338	6	1	7
678	0.3461	-1	0.466322	0.467334	0.00101158	0.0993736	0.0018398	0.0975338	6	1	7
679	0.3451	-1	0.466322	0.467334	0.00101158	0.0993736	0.0018398	0.0975338	6	1	7
680	0.3453	-1	0.466322	0.467334	0.00101158	0.0993736	0.0018398	0.0975338	6	1	7
681	0.3463	-1	0.466322	0.467334	0.00101158	0.0993736	0.0018398	0.0975338	6	1	7
682	0.3464	-1	0.466322	0.467334	0.00101158	0.0993736	0.0018398	0.0975338	6	1	7
683	0.3466	-1	0.466322	0.467334	0.00101158	0.0993736	0.0018398	0.0975338	6	1	7
684	0.3432	-1	0.466322	0.467334	0.00101158	0.0993736	0.0018398	0.0975338	6	1	7
685	0.3436	-1	0.466322	0.467334	0.00101158	0.0993736	0.0018398	0.0975338	6	1	7
686	0.3424	-1	0.466322	0.467334	0.00101158	0.0993736	0.0018398	0.0975338	6	1	7
687	0.3437	-1	0.466322	0.467334	0.00101158	0.0993736	0.0018398	0.0975338	6	1	7
688	0.3434	-1	0.466322	0.467334	0.00101158	0.0993736	0.0018398	0.0975338	6	1	7
689	0.3429	-1	0.466322	0.467334	0.00101158	0.0993736	0.0018398	0.0975338	6	1	7
690	0.3427	-1	0.466322	0.467334	0.00101158	0.0993736	0.0018398	0.0975338	6	1	7
691	0.3427	-1	0.466322	0.467334	0.00101158	0.0993736	0.0018398	0.0975338	6	1	7
692	0.3418	-1	0.466322	0.467334	0.00101158	0.0993736	0.0018398	0.0975338	6	1	7
693	0.3431	-1	0.466322	0.467334	0.00101158	0.0993736	0.0018398	0.0975338	6	1	7
694	0.3427	-1	0.466322	0.467334	0.00101158	0.0993736	0.0018398	0.0975338	6	1	7
695	0.342	-1	0.466322	0.467334	0.00101158	0.0993736	0.0018398	0.0975338	6	1	7
696	0.3428	-1	0.466322	0.467334	0.00101158	0.0993736	0.0018398	0.0975338	6	1	7
697	0.3422	-1	0.466322	0.467334	0.00101158	0.0993736	0.0018398	0.0975338	6	1	7
698	0.3427	1	0.467334	0.468874	0.00153976	0.100913	0.0018398	0.0990735	7	1	8
699	0.3428	1	0.467334	0.468874	0.00153976	0.100913	0.0018398	0.0990735	7	1	8
700	0.3435	1	0.467334	0.468874	0.00153976	0.100913	0.0018398	0.0990735	7	1	8
701	0.3436	1	0.467334	0.468874	0.00153976	0.100913	0.0018398	0.0990735	7	1	8
702	0.3446	1	0.467334	0.468874	0.00153976	0.100913	0.0018398	0.0990735	7	1	8
703	0.3451	1	0.467334	0.468874	0.00153976	0.100913	0.0018398	0.0990735	7	1	8
704	0.3456	1	0.467334	0.468874	0.00153976	0.100913	0.0018398	0.0990735	7	1	8
705	0.3465	1	0.467334	0.468874	0.00153976	0.100913	0.0018398	0.0990735	7	1	8
706	0.3463	1	0.467334	0.468874	0.00153976	0.100913	0.0018398	0.0990735	7	1	8
707	0.3459	1	0.467334	0.468874	0.00153976	0.100913	0.0018398	0.0990735	7	1	8
708	0.3458	1	0.467334	0.468874	0.00153976	0.100913	0.0018398	0.0990735	7	1	8
709	0.345	1	0.467334	0.468874	0.00153976	0.100913	0.0018398	0.0990735	7	1	8
710	0.3452	1	0.467334	0.468874	0.00153976	0.100913	0.0018398	0.0990735	7	1	8
711	0.3454	1	0.467334	0.468874	0.00153976	0.100913	0.0018398	0.0990735	7	1	8
712	0.3452	1	0.467334	0.468874	0.00153976	0.100913	0.0018398	0.0990735	7	1	8
713	0.3441	1	0.467334	0.468874	0.00153976	0.100913	0.0018398	0.0990735	7	1	8
714	0.3437	1	0.467334	0.468874	0.00153976	0.100913	0.0018398	0.0990735	7	1	8
715	0.3435	1	0.467334	0.468874	0.00153976	0.100913	0.0018398	0.0990735	7	1	8
716	0.3442	1	0.467334	0.468874	0.00153976	0.100913	0.0018398	0.0990735	7	1	8
717	0.3444	1	0.467334	0.468874	0.00153976	0.100913	0.0018398	0.0990735	7	1	8
718	0.3445	1	0.467334	0.468874	0.00153976	0.100913	0.0018398	0.0990735	7	1	8
719	0.3434	1	0.467334	0.468874	0.00153976	0.100913	0.0018398	0.0990735	7	1	8
720	0.3436	1	0.467334	0.468874	0.00153976	0.100913	0.0018398	0.0990735	7	1	8
721	0.3428	1	0.467334	0.468874	0.00153976	0.100913	0.0018398	0.0990735	7	1	8
722	0.3433	1	0.467334	0.468874	0.00153976	0.100913	0.0018398	0.0990735	7	1	8
723	0.3435	1	0.467334	0.468874	0.00153976	0.100913	0.0018398	0.0990735	7	1	8
724	0.3432	1	0.467334	0.468874	0.00153976	0.100913	0.0018398	0.0990735	7	1	8
725	0.3459	1	0.467334	0.468874	0.00153976	0.100913	0.0018398	0.0990735	7	1	8
726	0.3462	1	0.467334	0.468874	0.00153976	0.100913	0.0018398	0.0990735	7	1	8
727	0.3467	1	0.467334	0.468874	0.00153976	0.100913	0.0018398	0.0990735	7	1	8
728	0.346	1	0.467334	0.468874	0.00153976	0.100913	0.0018398	0.0990735	7	1	8
729	0.3455	1	0.467334	0.468874	0.00153976	0.100913	0.0018398	0.0990735	7	1	8
730	0.3465	1	0.467334	0.468874	0.00153976	0.100913	0.0018398	0.0990735	7	1	8
731	0.3479	1	0.467334	0.468874	0.00153976	0.100913	0.0018398	0.0990735	7	1	8
732	0.3491	1	0.467334	0.468874	0.00153976	0.100913	0.0018398	0.0990735	7	1	8
733	0.3505	1	0.467334	0.468874	0.00153976	0.100913	0.0018398	0.0990735	7	1	8
734	0.3504	1	0.467334	0.468874	0.00153976	0.100913	0.0018398	0.0990735	7	1	8
735	0.3497	1	0.467334	0.468874	0.00153976	0.100913	0.0018398	0.0990735	7	1	8
736	0.3486	1	0.467334	0.468874	0.00153976	0.100913	0.0018398	0.0990735	7	1	8
737	0.3482	1	0.467334	0.468874	0.00153976	0.100913	0.0018398	0.0990735	7	1	8
738	0.3492	1	0.467334	0.468874	0.00153976	0.100913	0.0018398	0.0990735	7	1	8
739	0.3491	1	0.467334	0.468874	0.00153976	0.100913	0.0018398	0.0990735	7	1	8
740	0.3474	1	0.467334	0.468874	0.00153976	0.100913	0.0018398	0.0990735	7	1	8
741	0.3482	1	0.467334	0.468874	0.00153976	0.100913	0.0018398	0.0990735	7	1	8
742	0.3494	1	0.467334	0.468874	0.00153976	0.100913	0.0018398	0.0990735	7	1	8
743	0.349	1	0.467334	0.468874	0.00153976	0.100913	0.0018398	0.0990735	7	1	8
744	0.3493	1	0.467334	0.468874	0.00153976	0.100913	0.0018398	0.0990735	7	1	8
745	0.3474	1	0.467334	0.468874	0.00153976	0.100913	0.0018398	0.0990735	7	1	8
746	0.3476	1	0.467334	0.468874	0.00153976	0.100913	0.0018398	0.0990735	7	1	8
747	0.3484	1	0.467334	0.468874	0.00153976	0.100913	0.0018398	0.0990735	7	1	8
748	0.3482	1	0.467334	0.468874	0.00153976	0.100913	0.0018398	0.0990735	7	1	8
749	0.3485	1	0.467334	0.468874	0.00153976	0.100913	0.0018398	0.0990735	7	1	8
750	0.349	1	0.467334	0.468874	0.00153976	0.100913	0.0018398	0.0990735	7	1	8
751	0.3494	1	0.467334	0.468874	0.00153976	0.100913	0.0018398	0.0990735	7	1	8
752	0.3498	1	0.467334	0.468874	0.00153976	0.100913	0.0018398	0.0990735	7	1	8
753	0.3494	1	0.467334	0.468874	0.00153976	0.100913	0.0018398	0.0990735	7	1	8
754	0.3492	1	0.467334	0.468874	0.00153976	0.100913	0.0018398	0.0990735	7	1	8
755	0.3497	1	0.467334	0.468874	0.00153976	0.100913	0.0018398	0.0990735	7	1	8
756	0.3496	1	0.467334	0.468874	0.00153976	0.100913	0.0018398	0.0990735	7	1	8
757	0.3488	1	0.467334	0.468874	0.00153976	0.100913	0.0018398	0.0990735	7	1	8
758	0.3494	1	0.467334	0.468874	0.00153976	0.100913	0.0018398	0.0990735	7	1	8
759	0.3504	1	0.467334	0.468874	0.00153976	0.100913	0.0018398	0.0990735	7	1	8
760	0.3506	1	0.467334	0.468874	0.00153976	0.100913	0.0018398	0.0990735	7	1	8
761	0.3507	1	0.467334	0.468874	0.00153976	0.100913	0.0018398	0.0990735	7	1	8
762	0.3508	1	0.467334	0.468874	0.00153976	0.100913	0.0018398	0.0990735	7	1	8
763	0.35	-1	0.468874	0.474096	0.00522289	0.106136	0.0018398	0.104296	8	1	9
764	0.3492	-1	0.468874	0.474096	0.00522289	0.106136	0.0018398	0.104296	8	1	9
765	0.3485	-1	0.468874	0.474096	0.00522289	0.106136	0.0018398	0.104296	8	1	9
766	0.3485	-1	0.468874	0.474096	0.00522289	0.106136	0.0018398	0.104296	8	1	9
767	0.3491	-1	0.468874	0.474096	0.00522289	0.106136	0.0018398	0.104296	8	1	9
768	0.3491	-1	0.468874	0.474096	0.00522289	0.106136	0.0018398	0.104296	8	1	9
769	0.3484	-1	0.468874	0.474096	0.00522289	0.106136	0.0018398	0.104296	8	1	9
770	0.3481	-1	0.468874	0.474096	0.00522289	0.106136	0.0018398	0.104296	8	1	9
771	0.3487	-1	0.468874	0.474096	0.00522289	0.106136	0.0018398	0.104296	8	1	9
772	0.3479	-1	0.468874	0.474096	0.00522289	0.106136	0.0018398	0.104296	8	1	9
773	0.3487	-1	0.468874	0.474096	0.00522289	0.106136	0.0018398	0.104296	8	1	9
774	0.3492	-1	0.468874	0.474096	0.00522289	0.106136	0.0018398	0.104296	8	1	9
775	0.3488	-1	0.468874	0.474096	0.00522289	0.106136	0.0018398	0.104296	8	1	9
776	0.3492	-1	0.468874	0.474096	0.00522289	0.106136	0.0018398	0.104296	8	1	9
777	0.3482	-1	0.468874	0.474096	0.00522289	0.106136	0.0018398	0.104296	8	1	9
778	0.3483	-1	0.468874	0.474096	0.00522289	0.106136	0.0018398	0.104296	8	1	9
779	0.3487	-1	0.468874	0.474096	0.00522289	0.106136	0.0018398	0.104296	8	1	9
780	0.348	-1	0.468874	0.474096	0.00522289	0.106136	0.0018398	0.104296	8	1	9
781	0.3454	-1	0.468874	0.474096	0.00522289	0.106136	0.0018398	0.104296	8	1	9
782	0.3458	-1	0.468874	0.474096	0.00522289	0.106136	0.0018398	0.104296	8	1	9
783	0.3472	-1	0.468874	0.474096	0.00522289	0.106136	0.0018398	0.104296	8	1	9
784	0.3476	-1	0.468874	0.474096	0.00522289	0.106136	0.0018398	0.104296	8	1	9
785	0.348	-1	0.468874	0.474096	0.00522289	0.106136	0.0018398	0.104296	8	1	9
786	0.3482	-1	0.468874	0.474096	0.00522289	0.106136	0.0018398	0.104296	8	1	9
787	0.3466	-1	0.468874	0.474096	0.00522289	0.106136	0.0018398	0.104296	8	1	9
788	0.3477	-1	0.468874	0.474096	0.00522289	0.106136	0.0018398	0.104296	8	1	9
789	0.3477	-1	0.468874	0.474096	0.00522289	0.106136	0.0018398	0.104296	8	1	9
790	0.3478	-1	0.468874	0.474096	0.00522289	0.106136	0.0018398	0.104296	8	1	9
791	0.3479	-1	0.468874	0.474096	0.00522289	0.106136	0.0018398	0.104296	8	1	9
792	0.3469	-1	0.468874	0.474096	0.00522289	0.106136	0.0018398	0.104296	8	1	9
793	0.3475	-1	0.468874	0.474096	0.00522289	0.106136	0.0018398	0.104296	8	1	9
794	0.3485	-1	0.468874	0.474096	0.00522289	0.106136	0.0018398	0.104296	8	1	9
795	0.3496	-1	0.468874	0.474096	0.00522289	0.106136	0.0018398	0.104296	8	1	9
796	0.3503	-1	0.468874	0.474096	0.00522289	0.106136	0.0018398	0.104296	8	1	9
797	0.3476	-1	0.468874	0.474096	0.00522289	0.106136	0.0018398	0.104296	8	1	9
798	0.3457	-1	0.468874	0.474096	0.00522289	0.106136	0.0018398	0.104296	8	1	9
799	0.3469	-1	0.468874	0.474096	0.00522289	0.106136	0.0018398	0.104296	8	1	9
800	0.3468	-1	0.468874	0.474096	0.00522289	0.106136	0.0018398	0.104296	8	1	9
801	0.3469	-1	0.468874	0.474096	0.00522289	0.106136	0.0018398	0.104296	8	1	9
802	0.3463	-1	0.468874	0.474096	0.00522289	0.106136	0.0018398	0.104296	8	1	9
803	0.3447	-1	0.468874	0.474096	0.00522289	0.106136	0.0018398	0.104296	8	1	9
804	0.3451	-1	0.468874	0.474096	0.00522289	0.106136	0.0018398	0.104296	8	1	9
805	0.3456	-1	0.468874	0.474096	0.00522289	0.106136	0.0018398	0.104296	8	1	9
806	0.3466	-1	0.468874	0.474096	0.00522289	0.106136	0.0018398	0.104296	8	1	9
807	0.3456	-1	0.468874	0.474096	0.00522289	0.106136	0.0018398	0.104296	8	1	9
808	0.3456	-1	0.468874	0.474096	0.00522289	0.106136	0.0018398	0.104296	8	1	9
809	0.3449	-1	0.468874	0.474096	0.00522289	0.106136	0.0018398	0.104296	8	1	9
810	0.3456	-1	0.468874	0.474096	0.00522289	0.106136	0.0018398	0.104296	8	1	9
811	0.3458	-1	0.468874	0.474096	0.00522289	0.106136	0.0018398	0.104296	8	1	9
812	0.3468	-1	0.468874	0.474096	0.00522289	0.106136	0.0018398	0.104296	8	1	9
813	0.3476	-1	0.468874	0.474096	0.00522289	0.106136	0.0018398	0.104296	8	1	9
814	0.3468	-1	0.468874	0.474096	0.00522289	0.106136	0.0018398	0.104296	8	1	9
815	0.3479	-1	0.468874	0.474096	0.00522289	0.106136	0.0018398	0.104296	8	1	9
816	0.3472	-1	0.468874	0.474096	0.00522289	0.106136	0.0018398	0.104296	8	1	9
817	0.348	-1	0.468874	0.474096	0.00522289	0.106136	0.0018398	0.104296	8	1	9
818	0.3482	-1	0.468874	0.474096	0.00522289	0.106136	0.0018398	0.104296	8	1	9
819	0.3469	-1	0.468874	0.474096	0.00522289	0.106136	0.0018398	0.104296	8	1	9
820	0.3459	-1	0.468874	0.474096	0.00522289	0.106136	0.0018398	0.104296	8	1	9
821	0.3455	-1	0.468874	0.474096	0.00522289	0.106136	0.0018398	0.104296	8	1	9
822	0.3458	-1	0.468874	0.474096	0.00522289	0.106136	0.0018398	0.104296	8	1	9
823	0.3457	-1	0.468874	0.474096	0.00522289	0.106136	0.0018398	0.104296	8	1	9
824	0.3453	-1	0.468874	0.474096	0.00522289	0.106136	0.0018398	0.104296	8	1	9
825	0.3446	-1	0.468874	0.474096	0.00522289	0.106136	0.0018398	0.104296	8	1	9
826	0.3442	-1	0.468874	0.474096	0.00522289	0.106136	0.0018398	0.104296	8	1	9
827	0.3447	-1	0.468874	0.474096	0.00522289	0.106136	0.0018398	0.104296	8	1	9
828	0.3455	-1	0.468874	0.474096	0.00522289	0.106136	0.0018398	0.104296	8	1	9
829	0.3453	-1	0.468874	0.474096	0.00522289	0.106136	0.0018398	0.104296	8	1	9
830	0.3461	-1	0.468874	0.474096	0.00522289	0.106136	0.0018398	0.104296	8	1	9
831	0.3455	-1	0.468874	0.474096	0.00522289	0.106136	0.0018398	0.104296	8	1	9
832	0.3457	-1	0.468874	0.474096	0.00522289	0.106136	0.0018398	0.104296	8	1	9
833	0.3467	-1	0.468874	0.474096	0.00522289	0.106136	0.0018398	0.104296	8	1	9
834	0.3466	-1	0.468874	0.474096	0.00522289	0.106136	0.0018398	0.104296	8	1	9
835	0.3474	-1	0.468874	0.474096	0.00522289	0.106136	0.0018398	0.104296	8	1	9
836	0.3474	-1	0.468874	0.474096	0.00522289	0.106136	0.0018398	0.104296	8	1	9
837	0.3473	-1	0.468874	0.474096	0.00522289	0.106136	0.0018398	0.104296	8	1	9
838	0.3475	-1	0.468874	0.474096	0.00522289	0.106136	0.0018398	0.104296	8	1	9
839	0.3476	-1	0.468874	0.474096	0.00522289	0.106136	0.0018398	0.104296	8	1	9
840	0.3478	-1	0.468874	0.474096	0.00522289	0.106136	0.0018398	0.104296	8	1	9
841	0.3473	-1	0.468874	0.474096	0.00522289	0.106136	0.0018398	0.104296	8	1	9
842	0.3459	-1	0.468874	0.474096	0.00522289	0.106136	0.0018398	0.104296	8	1	9
843	0.3448	-1	0.468874	0.474096	0.00522289	0.106136	0.0018398	0.104296	8	1	9
844	0.3451	-1	0.468874	0.474096	0.00522289	0.106136	0.0018398	0.104296	8	1	9
845	0.3451	-1	0.468874	0.474096	0.00522289	0.106136	0.0018398	0.104296	8	1	9
846	0.3438	-1	0.468874	0.474096	0.00522289	0.106136	0.0018398	0.104296	8	1	9
847	0.3444	-1	0.468874	0.474096	0.00522289	0.106136	0.0018398	0.104296	8	1	9
848	0.345	-1	0.468874	0.474096	0.00522289	0.106136	0.0018398	0.104296	8	1	9
849	0.3441	-1	0.468874	0.474096	0.00522289	0.106136	0.0018398	0.104296	8	1	9
850	0.3438	-1	0.468874	0.474096	0.00522289	0.106136	0.0018398	0.104296	8	1	9
851	0.3437	-1	0.468874	0.474096	0.00522289	0.106136	0.0018398	0.104296	8	1	9
852	0.3444	-1	0.468874	0.474096	0.00522289	0.106136	0.0018398	0.104296	8	1	9
853	0.3443	-1	0.468874	0.474096	0.00522289	0.106136	0.0018398	0.104296	8	1	9
854	0.3435	-1	0.468874	0.474096	0.00522289	0.106136	0.0018398	0.104296	8	1	9
855	0.3417	-1	0.468874	0.474096	0.00522289	0.106136	0.0018398	0.104296	8	1	9
856	0.3401	-1	0.468874	0.474096	0.00522289	0.106136	0.0018398	0.104296	8	1	9
857	0.3417	-1	0.468874	0.474096	0.00522289	0.106136	0.0018398	0.104296	8	1	9
858	0.3422	-1	0.468874	0.474096	0.00522289	0.106136	0.0018398	0.104296	8	1	9
859	0.3424	-1	0.468874	0.474096	0.00522289	0.106136	0.0018398	0.104296	8	1	9
860	0.3423	-1	0.468874	0.474096	0.00522289	0.106136	0.0018398	0.104296	8	1	9
861	0.3423	-1	0.468874	0.474096	0.00522289	0.106136	0.0018398	0.104296	8	1	9
862	0.3405	-1	0.468874	0.474096	0.00522289	0.106136	0.0018398	0.104296	8	1	9
863	0.3414	-1	0.468874	0.474096	0.00522289	0.106136	0.0018398	0.104296	8	1	9
864	0.3418	-1	0.468874	0.474096	0.00522289	0.106136	0.0018398	0.104296	8	1	9
865	0.3405	-1	0.468874	0.474096	0.00522289	0.106136	0.0018398	0.104296	8	1	9
866	0.3406	-1	0.468874	0.474096	0.00522289	0.106136	0.0018398	0.104296	8	1	9
867	0.3415	-1	0.468874	0.474096	0.00522289	0.106136	0.0018398	0.104296	8	1	9
868	0.3423	-1	0.468874	0.474096	0.00522289	0.106136	0.0018398	0.104296	8	1	9
869	0.3415	-1	0.468874	0.474096	0.00522289	0.106136	0.0018398	0.104296	8	1	9
870	0.3409	-1	0.468874	0.474096	0.00522289	0.106136	0.0018398	0.104296	8	1	9
871	0.3401	-1	0.468874	0.474096	0.00522289	0.106136	0.0018398	0.104296	8	1	9
872	0.3387	-1	0.468874	0.474096	0.00522289	0.106136	0.0018398	0.104296	8	1	9
873	0.3405	-1	0.468874	0.474096	0.00522289	0.106136	0.0018398	0.104296	8	1	9
874	0.3406	-1	0.468874	0.474096	0.00522289	0.106136	0.0018398	0.104296	8	1	9
875	0.3393	-1	0.468874	0.474096	0.00522289	0.106136	0.0018398	0.104296	8	1	9
876	0.3414	-1	0.468874	0.474096	0.00522289	0.106136	0.0018398	0.104296	8	1	9
877	0.3423	-1	0.468874	0.474096	0.00522289	0.106136	0.0018398	0.104296	8	1	9
878	0.3415	-1	0.468874	0.474096	0.00522289	0.106136	0.0018398	0.104296	8	1	9
879	0.3413	-1	0.468874	0.474096	0.00522289	0.106136	0.0018398	0.104296	8	1	9
880	0.3397	-1	0.468874	0.474096	0.00522289	0.106136	0.0018398	0.104296	8	1	9
881	0.3411	-1	0.468874	0.474096	0.00522289	0.106136	0.0018398	0.104296	8	1	9
882	0.3404	-1	0.468874	0.474096	0.00522289	0.106136	0.0018398	0.104296	8	1	9
883	0.3402	-1	0.468874	0.474096	0.00522289	0.106136	0.0018398	0.104296	8	1	9
884	0.3398	-1	0.468874	0.474096	0.00522289	0.106136	0.0018398	0.104296	8	1	9
885	0.3395	-1	0.468874	0.474096	0.00522289	0.106136	0.0018398	0.104296	8	1	9
886	0.3395	-1	0.468874	0.474096	0.00522289	0.106136	0.0018398	0.104296	8	1	9
887	0.3388	-1	0.468874	0.474096	0.00522289	0.106136	0.0018398	0.104296	8	1	9
888	0.338	-1	0.468874	0.474096	0.00522289	0.106136	0.0018398	0.104296	8	1	9
889	0.3386	-1	0.468874	0.474096	0.00522289	0.106136	0.0018398	0.104296	8	1	9
890	0.3395	-1	0.468874	0.474096	0.00522289	0.106136	0.0018398	0.104296	8	1	9
891	0.34	-1	0.468874	0.474096	0.00522289	0.106136	0.0018398	0.104296	8	1	9
892	0.3398	-1	0.468874	0.474096	0.00522289	0.106136	0.0018398	0.104296	8	1	9
893	0.34	-1	0.468874	0.474096	0.00522289	0.106136	0.0018398	0.104296	8	1	9
894	0.3403	-1	0.468874	0.474096	0.00522289	0.106136	0.0018398	0.104296	8	1	9
895	0.3409	-1	0.468874	0.474096	0.00522289	0.106136	0.0018398	0.104296	8	1	9
896	0.3412	-1	0.468874	0.474096	0.00522289	0.106136	0.0018398	0.104296	8	1	9
897	0.3414	-1	0.468874	0.474096	0.00522289	0.106136	0.0018398	0.104296	8	1	9
898	0.341	-1	0.468874	0.474096	0.00522289	0.106136	0.0018398	0.104296	8	1	9
899	0.3417	-1	0.468874	0.474096	0.00522289	0.106136	0.0018398	0.104296	8	1	9
900	0.3416	-1	0.468874	0.474096	0.00522289	0.106136	0.0018398	0.104296	8	1	9
901	0.3418	-1	0.468874	0.474096	0.00522289	0.106136	0.0018398	0.104296	8	1	9
902	0.3413	-1	0.468874	0.474096	0.00522289	0.106136	0.0018398	0.104296	8	1	9
903	0.3414	-1	0.468874	0.474096	0.00522289	0.106136	0.0018398	0.104296	8	1	9
904	0.3414	-1	0.468874	0.474096	0.00522289	0.106136	0.0018398	0.104296	8	1	9
905	0.3409	-1	0.468874	0.474096	0.00522289	0.106136	0.0018398	0.104296	8	1	9
906	0.3402	-1	0.468874	0.474096	0.00522289	0.106136	0.0018398	0.104296	8	1	9
907	0.3394	-1	0.468874	0.474096	0.00522289	0.106136	0.0018398	0.104296	8	1	9
908	0.3393	-1	0.468874	0.474096	0.00522289	0.106136	0.0018398	0.104296	8	1	9
909	0.3394	-1	0.468874	0.474096	0.00522289	0.106136	0.0018398	0.104296	8	1	9
910	0.3375	-1	0.468874	0.474096	0.00522289	0.106136	0.0018398	0.104296	8	1	9
911	0.338	-1	0.468874	0.474096	0.00522289	0.106136	0.0018398	0.104296	8	1	9
912	0.338	-1	0.468874	0.474096	0.00522289	0.106136	0.0018398	0.104296	8	1	9
913	0.3378	-1	0.468874	0.474096	0.00522289	0.106136	0.0018398	0.104296	8	1	9
914	0.3392	-1	0.468874	0.474096	0.00522289	0.106136	0.0018398	0.104296	8	1	9
915	0.3393	-1	0.468874	0.474096	0.00522289	0.106136	0.0018398	0.104296	8	1	9
916	0.3404	-1	0.468874	0.474096	0.00522289	0.106136	0.0018398	0.104296	8	1	9
917	0.3399	-1	0.468874	0.474096	0.00522289	0.106136	0.0018398	0.104296	8	1	9
918	0.3387	-1	0.468874	0.474096	0.00522289	0.106136	0.0018398	0.104296	8	1	9
919	0.3381	-1	0.468874	0.474096	0.00522289	0.106136	0.0018398	0.104296	8	1	9
920	0.3372	-1	0.468874	0.474096	0.00522289	0.106136	0.0018398	0.104296	8	1	9
921	0.3369	-1	0.468874	0.474096	0.00522289	0.106136	0.0018398	0.104296	8	1	9
922	0.3376	-1	0.468874	0.474096	0.00522289	0.106136	0.0018398	0.104296	8	1	9
923	0.3379	-1	0.468874	0.474096	0.00522289	0.106136	0.0018398	0.104296	8	1	9
924	0.3386	-1	0.468874	0.474096	0.00522289	0.106136	0.0018398	0.104296	8	1	9
925	0.3383	-1	0.468874	0.474096	0.00522289	0.106136	0.0018398	0.104296	8	1	9
926	0.3389	-1	0.468874	0.474096	0.00522289	0.106136	0.0018398	0.104296	8	1	9
927	0.339	-1	0.468874	0.474096	0.00522289	0.106136	0.0018398	0.104296	8	1	9
928	0.3394	-1	0.468874	0.474096	0.00522289	0.106136	0.0018398	0.104296	8	1	9
929	0.3384	-1	0.468874	0.474096	0.00522289	0.106136	0.0018398	0.104296	8	1	9
930	0.3378	-1	0.468874	0.474096	0.00522289	0.106136	0.0018398	0.104296	8	1	9
931	0.3359	-1	0.468874	0.474096	0.00522289	0.106136	0.0018398	0.104296	8	1	9
932	0.3364	-1	0.468874	0.474096	0.00522289	0.106136	0.0018398	0.104296	8	1	9
933	0.3355	-1	0.468874	0.474096	0.00522289	0.106136	0.0018398	0.104296	8	1	9
934	0.3355	-1	0.468874	0.474096	0.00522289	0.106136	0.0018398	0.104296	8	1	9
935	0.3357	-1	0.468874	0.474096	0.00522289	0.106136	0.0018398	0.104296	8	1	9
936	0.3364	-1	0.468874	0.474096	0.00522289	0.106136	0.0018398	0.104296	8	1	9
937	0.3352	-1	0.468874	0.474096	0.00522289	0.106136	0.0018398	0.104296	8	1	9
938	0.3337	-1	0.468874	0.474096	0.00522289	0.106136	0.0018398	0.104296	8	1	9
939	0.3324	-1	0.468874	0.474096	0.00522289	0.106136	0.0018398	0.104296	8	1	9
940	0.3336	-1	0.468874	0.474096	0.00522289	0.106136	0.0018398	0.104296	8	1	9
941	0.334	-1	0.468874	0.474096	0.00522289	0.106136	0.0018398	0.104296	8	1	9
942	0.3344	1	0.474096	0.49051	0.0164138	0.12255	0.0018398	0.12071	9	1	10
943	0.335	1	0.474096	0.49051	0.0164138	0.12255	0.0018398	0.12071	9	1	10
944	0.3351	1	0.474096	0.49051	0.0164138	0.12255	0.0018398	0.12071	9	1	10
945	0.3353	1	0.474096	0.49051	0.0164138	0.12255	0.0018398	0.12071	9	1	10
946	0.3356	1	0.474096	0.49051	0.0164138	0.12255	0.0018398	0.12071	9	1	10
947	0.3359	1	0.474096	0.49051	0.0164138	0.12255	0.0018398	0.12071	9	1	10
948	0.3361	1	0.474096	0.49051	0.0164138	0.12255	0.0018398	0.12071	9	1	10
949	0.3346	1	0.474096	0.49051	0.0164138	0.12255	0.0018398	0.12071	9	1	10
950	0.3354	1	0.474096	0.49051	0.0164138	0.12255	0.0018398	0.12071	9	1	10
951	0.3354	1	0.474096	0.49051	0.0164138	0.12255	0.0018398	0.12071	9	1	10
952	0.3359	1	0.474096	0.49051	0.0164138	0.12255	0.0018398	0.12071	9	1	10
953	0.3361	1	0.474096	0.49051	0.0164138	0.12255	0.0018398	0.12071	9	1	10
954	0.3363	1	0.474096	0.49051	0.0164138	0.12255	0.0018398	0.12071	9	1	10
955	0.3366	1	0.474096	0.49051	0.0164138	0.12255	0.0018398	0.12071	9	1	10
956	0.3355	1	0.474096	0.49051	0.0164138	0.12255	0.0018398	0.12071	9	1	10
957	0.3362	1	0.474096	0.49051	0.0164138	0.12255	0.0018398	0.12071	9	1	10
958	0.3352	1	0.474096	0.49051	0.0164138	0.12255	0.0018398	0.12071	9	1	10
959	0.3349	1	0.474096	0.49051	0.0164138	0.12255	0.0018398	0.12071	9	1	10
960	0.3346	1	0.474096	0.49051	0.0164138	0.12255	0.0018398	0.12071	9	1	10
961	0.3342	1	0.474096	0.49051	0.0164138	0.12255	0.0018398	0.12071	9	1	10
962	0.335	1	0.474096	0.49051	0.0164138	0.12255	0.0018398	0.12071	9	1	10
963	0.3356	1	0.474096	0.49051	0.0164138	0.12255	0.0018398	0.12071	9	1	10
964	0.3347	1	0.474096	0.49051	0.0164138	0.12255	0.0018398	0.12071	9	1	10
965	0.3343	1	0.474096	0.49051	0.0164138	0.12255	0.0018398	0.12071	9	1	10
966	0.3339	1	0.474096	0.49051	0.0164138	0.12255	0.0018398	0.12071	9	1	10
967	0.3371	1	0.474096	0.49051	0.0164138	0.12255	0.0018398	0.12071	9	1	10
968	0.3367	1	0.474096	0.49051	0.0164138	0.12255	0.0018398	0.12071	9	1	10
969	0.3362	1	0.474096	0.49051	0.0164138	0.12255	0.0018398	0.12071	9	1	10
970	0.3366	1	0.474096	0.49051	0.0164138	0.12255	0.0018398	0.12071	9	1	10
971	0.3348	1	0.474096	0.49051	0.0164138	0.12255	0.0018398	0.12071	9	1	10
972	0.3362	1	0.474096	0.49051	0.0164138	0.12255	0.0018398	0.12071	9	1	10
973	0.3359	1	0.474096	0.49051	0.0164138	0.12255	0.0018398	0.12071	9	1	10
974	0.3352	1	0.474096	0.49051	0.0164138	0.12255	0.0018398	0.12071	9	1	10
975	0.3366	1	0.474096	0.49051	0.0164138	0.12255	0.0018398	0.12071	9	1	10
976	0.3379	1	0.474096	0.49051	0.0164138	0.12255	0.0018398	0.12071	9	1	10
977	0.3372	1	0.474096	0.49051	0.0164138	0.12255	0.0018398	0.12071	9	1	10
978	0.3365	1	0.474096	0.49051	0.0164138	0.12255	0.0018398	0.12071	9	1	10
979	0.3365	1	0.474096	0.49051	0.0164138	0.12255	0.0018398	0.12071	9	1	10
980	0.3371	1	0.474096	0.49051	0.0164138	0.12255	0.0018398	0.12071	9	1	10
981	0.3367	1	0.474096	0.49051	0.0164138	0.12255	0.0018398	0.12071	9	1	10
982	0.3371	1	0.474096	0.49051	0.0164138	0.12255	0.0018398	0.12071	9	1	10
983	0.3373	1	0.474096	0.49051	0.0164138	0.12255	0.0018398	0.12071	9	1	10
984	0.3373	1	0.474096	0.49051	0.0164138	0.12255	0.0018398	0.12071	9	1	10
985	0.3388	1	0.474096	0.49051	0.0164138	0.12255	0.0018398	0.12071	9	1	10
986	0.34	1	0.474096	0.49051	0.0164138	0.12255	0.0018398	0.12071	9	1	10
987	0.3399	1	0.474096	0.49051	0.0164138	0.12255	0.0018398	0.12071	9	1	10
988	0.3402	1	0.474096	0.49051	0.0164138	0.12255	0.0018398	0.12071	9	1	10
989	0.3394	1	0.474096	0.49051	0.0164138	0.12255	0.0018398	0.12071	9	1	10
990	0.3409	1	0.474096	0.49051	0.0164138	0.12255	0.0018398	0.12071	9	1	10
991	0.3416	1	0.474096	0.49051	0.0164138	0.12255	0.0018398	0.12071	9	1	10
992	0.342	1	0.474096	0.49051	0.0164138	0.12255	0.0018398	0.12071	9	1	10
993	0.3422	1	0.474096	0.49051	0.0164138	0.12255	0.0018398	0.12071	9	1	10
994	0.3414	1	0.474096	0.49051	0.0164138	0.12255	0.0018398	0.12071	9	1	10
995	0.3409	1	0.474096	0.49051	0.0164138	0.12255	0.0018398	0.12071	9	1	10
996	0.3407	1	0.474096	0.49051	0.0164138	0.12255	0.0018398	0.12071	9	1	10
997	0.3412	1	0.474096	0.49051	0.0164138	0.12255	0.0018398	0.12071	9	1	10
998	0.3411	1	0.474096	0.49051	0.0164138	0.12255	0.0018398	0.12071	9	1	10
999	0.3418	0	0.49051	0.498858	0.00834777	0.130898	0.0018398	0.129058	10	1	11
