0	1
0	1.00082
0	1.0022
0	1.00192
0	1.00412
0	1.00274
0	1.00439
0	1.00467
0	1.00357
0	1.00604
0	1.00851
0	1.00769
0	1.00714
0	1.00851
0	1.0118
0	1.01125
0	1.01153
0	1.01318
0	1.01345
0	1.01455
0	1.01729
0	1.01812
0	1.02169
0	1.02416
0	1.02223
0	1.02086
0	1.02031
0	1.02223
0	1.01867
0	1.02086
0	1.01894
0	1.02086
0	1.02251
0	1.02114
0	1.01867
0	1.02086
0	1.01921
0	1.01921
0	1.01894
0	1.01674
0	1.01565
0	1.01537
0	1.01427
0	1.01455
0	1.0129
0	1.0118
0	1.01071
0	1.0162
0	1.01647
0	1.0129
0	1.00769
0	1.01043
0	1.01318
0	1.01263
0	1.01071
0	1.01098
0	1.01125
0	1.01043
0	1.01071
0	1.01592
0	1.0129
0	1.0118
0	1.01153
0	1.0118
0	1.01537
0	1.01565
0	1.01757
0	1.02031
0	1.01949
0	1.02169
0	1.02223
0	1.01729
0	1.01345
0	1.01647
0	1.01482
0	1.0129
0	1.0118
0	1.01427
0	1.01345
0	1.01345
0	1.01098
0	1.01208
0	1.014
0	1.01674
0	1.01867
0	1.01921
0	1.01482
0	1.01592
0	1.014
0	1.01894
0	1.01784
0	1.02553
0	1.02361
0	1.02498
0	1.02718
0	1.02827
0	1.02772
0	1.02855
0	1.02388
0	1.02388
0	1.02827
0	1.03541
0	1.03267
0	1.04474
0	1.04392
0	1.0409
0	1.03953
0	1.03843
0	1.03321
0	1.03486
0	1.03431
0	1.03184
0	1.03733
0	1.03596
0	1.03678
0	1.03486
0	1.0409
0	1.0409
0	1.04227
0	1.0431
0	1.04557
0	1.04557
0	1.04392
0	1.04145
0	1.04502
0	1.04694
0	1.04859
0	1.042
0	1.04557
0	1.0527
0	1.05078
0	1.04776
0	1.04447
0	1.04419
0	1.04666
0	1.0431
0	1.042
0	1.04529
0	1.04337
0	1.04776
0	1.05435
0	1.04968
0	1.04666
0	1.04117
0	1.0387
0	1.03925
0	1.03376
0	1.03431
0	1.03486
0	1.03651
0	1.03486
0	1.03761
0	1.04008
0	1.04474
0	1.03953
0	1.04117
0	1.04365
0	1.0431
0	1.04447
0	1.03953
0	1.03678
0	1.03129
0	1.02306
0	1.02663
0	1.03321
0	1.02992
0	1.03212
0	1.03184
0	1.03102
0	1.03596
0	1.03294
0	1.03459
0	1.03788
0	1.03925
0	1.03953
0	1.04419
0	1.04172
0	1.04557
0	1.05298
0	1.05243
0	1.05929
0	1.05655
0	1.05572
0	1.06066
0	1.06204
0	1.06808
0	1.06231
0	1.06313
0	1.06259
0	1.06972
0	1.07466
0	1.08811
0	1.09333
0	1.09113
0	1.08509
0	1.08262
0	1.07713
0	1.07137
0	1.07302
0	1.08702
0	1.08455
0	1.08427
0	1.08949
0	1.08976
0	1.08509
0	1.08043
0	1.08757
0	1.08647
0	1.09058
0	1.09333
0	1.08372
0	1.07631
0	1.07411
0	1.07274
0	1.07768
0	1.07796
0	1.08015
0	1.08455
0	1.08647
0	1.08345
0	1.09031
0	1.09086
0	1.08729
0	1.08921
0	1.09086
0	1.08043
0	1.07741
0	1.07494
0	1.07576
0	1.07411
0	1.06259
0	1.06561
0	1.07796
0	1.06808
0	1.06753
0	1.06149
0	1.06561
0	1.06972
0	1.08098
0	1.07549
0	1.06945
0	1.07192
0	1.07659
0	1.06808
0	1.07384
0	1.07164
0	1.07137
0	1.06945
0	1.07494
0	1.07027
0	1.06698
0	1.06753
0	1.06862
0	1.06423
0	1.06066
0	1.06533
0	1.06478
0	1.06259
0	1.06176
0	1.06835
0	1.06862
0	1.07137
0	1.06753
0	1.06808
0	1.06945
0	1.07027
0	1.07192
0	1.07137
0	1.07604
0	1.08043
0	1.07686
0	1.07576
0	1.07357
0	1.07823
0	1.08372
0	1.08098
0	1.08345
0	1.0829
0	1.08043
0	1.08317
0	1.0796
0	1.07988
0	1.07906
0	1.07768
0	1.07768
0	1.08208
0	1.08455
0	1.08427
0	1.08153
0	1.0829
0	1.08372
0	1.08427
0	1.08757
0	1.084
0	1.07988
0	1.07878
0	1.0807
0	1.08235
0	1.07906
0	1.07933
0	1.07384
0	1.06917
0	1.06451
0	1.06341
0	1.06149
0	1.06094
0	1.06506
0	1.06368
0	1.0689
0	1.06286
0	1.06286
0	1.05545
0	1.04474
0	1.0387
0	1.0398
0	1.03074
0	1.03047
0	1.01812
0	1.00165
0	1.00714
0	1.01235
0	1.01345
0	1.00933
0	1.02223
0	1.02361
0	1.02772
0	1.02663
0	1.02388
0	1.02114
0	1.02223
0	1.01729
0	1.01263
0	1.01482
0	1.01043
0	1.01071
0	1.00933
0	1.00961
0	1.0151
0	1.01674
0	1.0118
0	1.00933
0	1.01372
0	1.01647
0	1.02114
0	1.02388
0	1.0269
0	1.02663
0	1.02827
0	1.02745
0	1.02553
0	1.01894
0	1.01949
0	1.02059
0	1.01894
0	1.02169
0	1.01839
0	1.01235
0	1.01016
0	1.01043
0	1.00933
0	1.0162
0	1.0151
0	1.01674
0	1.0151
0	1.01098
0	1.01043
0	1.01427
0	1.01098
0	1.01098
0	0.999451
0	1.0011
0	0.998902
0	0.989295
0	0.985726
0	0.990942
0	0.997255
0	0.992589
0	0.993138
0	0.992314
0	0.996157
0	0.998902
0	0.999451
0	1.0011
0	1.00165
0	1.00412
0	1.0162
0	1.01894
0	1.00906
0	1.01372
0	1.0011
0	1.00823
0	1.00686
0	1.00686
0	1.00933
0	1.01263
0	1.0129
0	1.01674
0	1.014
0	1.00933
0	1.00549
0	1.00467
0	1.00604
0	1.00192
0	1.00522
0	1.00137
0	1.00329
0	1.00192
0	1.00631
0	1.00329
0	1.00494
0	1.01098
0	1.01372
0	1.014
0	1.01208
0	1.014
0	1.01345
0	1.0118
0	1.00851
0	1.0151
0	1.01702
0	1.01812
0	1.01482
0	1.01729
0	1.01784
0	1.01702
0	1.01729
0	1.01565
0	1.01372
0	1.01372
0	1.01208
0	1.01482
0	1.01784
0	1.01839
0	1.02498
0	1.02251
0	1.02031
0	1.01812
0	1.01812
0	1.01592
0	1.01263
0	1.01318
0	1.01482
0	1.01235
0	1.00549
0	1.00714
0	1.00741
0	1.00961
0	1.01235
0	1.01372
0	1.01318
0	1.01482
0	1.01208
0	1.01098
0	1.00933
0	1.01016
0	1.00851
0	1.01043
0	0.99451
0	0.995334
0	0.99204
0	0.99451
0	1.00329
0	0.998079
0	0.998079
0	1.00055
0	0.998353
0	0.998902
0	0.998079
0	0.999451
0	0.996706
0	0.992589
0	0.991491
0	0.995334
0	0.990393
0	0.993138
0	0.992314
0	0.994236
0	0.993412
0	0.989295
0	0.988471
0	0.987922
0	0.988471
0	0.988746
0	0.988746
0	0.990393
0	0.99204
0	0.991216
0	0.988197
0	0.991491
0	0.993412
0	0.992863
0	0.990667
0	0.989844
0	0.991491
0	0.989295
0	0.988471
0	0.991491
0	0.993961
0	0.995059
0	0.992863
0	0.994785
0	0.993138
0	0.993412
0	0.99204
0	0.993961
0	0.993687
0	0.993687
0	0.992863
0	0.993961
0	0.998079
0	0.998079
0	0.996432
0	0.994236
0	0.994785
0	0.994236
0	0.994785
0	0.994785
0	0.993961
0	0.992589
0	0.992863
0	0.994236
0	0.996981
0	0.998628
0	0.997804
0	0.998353
0	0.995883
0	1.00055
0	0.999451
0	0.998353
0	0.995883
0	0.99753
0	0.993961
0	0.993961
0	0.994236
0	0.99753
0	0.99753
0	0.995059
0	0.997255
0	0.996706
0	0.99451
0	0.993961
0	0.996432
0	0.995883
0	0.995883
0	0.996981
0	0.995883
0	0.993412
0	0.99451
0	0.995059
0	0.993961
0	0.992314
0	0.991216
0	0.991216
0	0.990118
0	0.987099
0	0.984079
0	0.984903
0	0.983256
0	0.983805
0	0.984903
0	0.98655
0	0.985452
0	0.984628
0	0.984628
0	0.986001
0	0.987099
0	0.987648
0	0.988471
0	0.989844
0	0.990667
0	0.989569
0	0.98353
0	0.98353
0	0.981883
0	0.981883
0	0.981609
0	0.979962
0	0.979138
0	0.974472
0	0.971727
0	0.968433
0	0.968982
0	0.965962
0	0.968982
0	0.965413
0	0.963492
0	0.967335
0	0.963766
0	0.957453
0	0.959374
0	0.963217
0	0.963492
0	0.973923
0	0.977491
0	0.981334
0	0.976942
0	0.986824
0	0.991216
0	0.989295
0	0.992314
0	0.98353
0	0.981609
0	0.978315
0	0.983805
0	0.987099
0	0.990393
0	0.991765
0	0.989295
0	0.990118
0	0.989569
0	0.993412
0	0.989295
0	1.01208
0	1.00988
0	1.00549
0	1.01153
0	1.01345
0	1.01482
0	1.01949
0	1.01071
0	1.02031
0	1.02827
0	1.02333
0	1.02004
0	1.01812
0	1.01702
0	1.01592
0	1.01729
0	1.01235
0	1.01235
0	1.01016
0	1.00796
0	1.00631
0	1.00851
0	1.00549
0	1.01098
0	1.01071
0	1.00714
0	1.00823
0	1.01098
0	1.00988
0	1.01016
0	1.01208
0	1.00686
0	1.00906
0	1.00878
0	1.00823
0	1.00933
0	1.01071
0	1.01125
0	1.00878
0	1.00494
0	1.00604
0	1.00247
0	0.995608
0	0.998353
0	0.990118
0	0.983256
0	0.982981
0	0.984354
0	0.990118
0	0.990942
0	0.992863
0	0.990118
0	0.989844
0	0.98655
0	0.988471
0	0.984628
0	0.98353
0	0.982158
0	0.985726
0	0.99204
0	0.990667
0	0.987099
0	0.992314
0	1.00494
0	1.01345
0	1.01674
0	1.01949
0	1.02937
0	1.04172
0	1.02635
0	1.02416
0	1.02663
0	1.02223
0	1.02306
0	1.01894
0	1.01537
0	1.01921
0	1.02031
0	1.01647
0	1.01812
0	1.02141
0	1.02361
0	1.02278
0	1.02196
0	1.01921
0	1.02251
0	1.02031
0	1.01867
0	1.01647
0	1.02004
0	1.01976
0	1.02278
0	1.02169
0	1.02031
0	1.02114
0	1.02772
0	1.02745
0	1.0258
0	1.02608
0	1.02251
0	1.01812
0	1.02196
0	1.02223
0	1.01647
0	1.01729
0	1.01537
0	1.01427
0	1.0129
0	1.0162
0	1.01537
0	1.01647
0	1.01455
0	1.01345
0	1.0162
0	1.0151
0	1.01455
0	1.01482
0	1.01729
0	1.01812
0	1.01757
0	1.01729
0	1.01537
0	1.01812
0	1.02278
0	1.01482
0	1.01043
0	1.01043
0	1.01153
0	1.0151
0	1.01318
0	1.01427
0	1.01537
0	1.01263
0	1.01098
0	1.00988
0	1.0022
0	1.00906
0	1.00796
0	1.00604
0	1.00549
0	1.00329
0	1.00659
0	1.00741
0	1.00631
0	1.00823
0	1.00878
0	1.0118
0	1.01071
0	1.00961
0	1.01016
0	1.00933
0	1.00823
0	1.00686
0	1.02635
0	1.03953
0	1.04666
0	1.03596
0	1.03925
0	1.04063
0	1.04117
0	1.05078
0	1.05023
0	1.05243
0	1.05874
0	1.05078
0	1.05463
0	1.0549
0	1.056
0	1.04365
0	1.04831
0	1.05078
0	1.04886
0	1.04447
0	1.04365
0	1.04694
0	1.03733
0	1.04639
0	1.04365
0	1.03514
0	1.0269
0	1.02608
0	1.02745
0	1.03541
0	1.03349
0	1.03568
0	1.028
0	1.0269
0	1.01729
0	1.01674
0	1.01867
0	1.02114
0	1.02416
0	1.02031
0	1.02361
0	1.02608
0	1.02498
0	1.02553
0	1.02663
0	1.02223
0	1.01949
0	1.01565
0	1.01812
0	1.02196
0	1.02361
0	1.0269
0	1.0269
0	1.0247
0	1.02416
0	1.0269
0	1.02772
0	1.02718
0	1.02718
0	1.02388
0	1.0258
0	1.02663
0	1.02663
0	1.02937
0	1.02772
0	1.02772
0	1.03102
0	1.0291
0	1.02608
0	1.02388
0	1.02196
0	1.02443
0	1.02608
0	1.02278
0	1.01949
0	1.02223
0	1.02498
0	1.02635
0	1.02553
0	1.02333
0	1.02196
0	1.02223
0	1.02223
0	1.0162
0	1.01372
0	1.01427
0	1.01345
0	1.01153
0	1.01372
0	1.01153
0	1.00769
0	1.0011
0	1.00796
0	1.01125
0	1.00714
0	1.00576
0	1.00439
0	1.00796
0	1.01208
0	1.01043
0	1.00631
0	1
0	1.00137
0	0.999726
0	0.991491
0	0.99753
0	0.998079
0	0.993961
0	0.988746
0	0.990118
0	0.989569
0	0.988746
0	0.986001
0	0.981609
0	0.987648
0	0.988197
0	0.985452
0	0.985177
0	0.982432
0	0.989844
0	0.993412
0	0.996157
0	0.993687
0	0.995883
0	0.98902
0	0.991216
0	0.985452
0	0.989569
0	0.992314
0	0.990118
0	0.991491
0	0.990942
0	0.993687
0	0.991491
0	0.993687
0	0.989844
0	0.987373
0	0.985726
0	0.986001
0	0.986275
0	0.984628
0	0.985177
0	0.987099
0	0.98655
0	0.982981
0	0.979687
0	0.982158
0	0.984628
0	0.984628
0	0.987373
0	0.991765
0	0.990667
0	0.99204
0	0.992863
0	0.990667
0	0.99451
0	0.994785
0	0.993961
0	0.993687
0	0.994785
0	0.995608
0	0.996157
0	0.99753
0	0.999177
0	0.999451
0	1.00082
0	1.0022
0	1.00165
0	0.999177
0	1.00027
0	1
0	1.00082
0	0.999177
0	0.997804
0	0.995883
0	0.994785
0	0.996706
0	0.995608
0	0.992589
0	0.991216
0	0.998353
0	0.994785
0	0.995334
0	0.995334
0	0.998079
0	1
0	0.995608
0	0.996432
0	0.993961
0	0.995059
0	0.991765
0	0.99451
0	0.988746
0	0.988746
0	0.989844
0	0.986824
0	0.990667
0	0.994236
0	0.994785
0	0.997255
0	0.99753
0	0.995608
0	0.992863
0	0.993138
0	0.995334
0	0.996157
0	0.997255
0	0.996432
0	0.996157
0	0.997804
0	0.995883
0	0.996981
0	0.99753
0	0.99753
0	0.999177
0	0.999451
0	0.999726
0	1
0	0.999726
0	1.00274
0	1.00247
0	1.00412
0	1.00274
0	1.00357
0	1.00192
0	0.995059
0	0.996432
0	0.999177
0	1.0022
0	0.998628
0	1.00055
0	1.00137
0	1.00137
0	1.00165
0	1.00192
0	1.00165
0	1.00329
0	1.0011
0	0.998079
0	0.996706
0	0.99451
0	0.995883
0	0.996981
0	1.00384
0	1.00439
0	1.00796
0	1.01016
0	1.0129
0	1.00659
0	1.00741
0	1.00769
0	1.00961
0	1.00988
0	1.01235
0	1.01098
0	1.00988
0	1.00851
0	1.00961
0	1.01071
0	1.01016
0	1.00796
0	1.00906
0	1.00961
0	1.00851
0	1.01235
0	1.01482
0	1.01208
0	1.01125
0	1.0129
0	1.01235
0	1.01372
0	1.01153
0	1.00851
0	1.00769
0	1.00988
0	1.01043
0	1.01263
0	1.01592
0	1.01702
0	1.02114
0	1.02361
0	1.02443
0	1.02361
0	1.02855
0	1.03431
0	1.03514
0	1.02718
0	1.0269
0	1.0247
0	1.02553
0	1.02772
0	1.02663
0	1.042
0	1.03074
0	1.03239
0	1.02169
0	1.0151
0	1.01921
0	1.01976
0	1.01455
0	1.01125
0	1.01537
0	1.01757
0	1.01427
0	1.014
0	1.0129
0	1.02031
0	1.01949
0	1.02114
0	1.02498
0	1.01976
0	1.02169
0	1.02278
0	1.02498
0	1.02718
0	1.02827
0	1.0291
0	1.0291
0	1.02663
0	1.02663
0	1.0247
0	1.02827
0	1.02827
0	1.0269
0	1.03212
0	1.03102
0	1.0291
0	1.03404
0	1.04117
0	1.0398
0	1.04282
0	1.03843
0	1.04008
0	1.04255
0	1.03953
0	1.03459
0	1.03816
0	1.04529
0	1.04666
0	1.05819
0	1.05188
0	1.05161
0	1.05078
0	1.05243
0	1.05188
0	1.04968
0	1.056
0	1.05627
0	1.05572
0	1.05325
0	1.04996
0	1.05764
0	1.05353
0	1.04831
0	1.04749
0	1.05161
0	1.05215
0	1.05243
0	1.05161
0	1.05051
0	1.04804
0	1.05188
0	1.04749
0	1.04529
0	1.04776
0	1.04666
0	1.03541
0	1.0409
0	1.04063
0	1.04008
0	1.03925
0	1.04145
0	1.04447
0	1.04584
0	1.04502
0	1.04831
0	1.05161
0	1.05161
0	1.04996
0	1.05133
0	1.04859
0	1.05078
0	1.04612
0	1.04584
0	1.04804
0	1.05078
0	1.04859
0	1.04749
0	1.04365
0	1.04365
0	1.04612
0	1.04886
0	1.04557
0	1.04804
0	1.04282
0	1.03816
0	1.0269
0	1.03459
0	1.03541
0	1.028
0	1.03239
0	1.03843
0	1.03404
0	1.02855
0	1.03349
0	1.03678
0	1.03843
0	1.04035
0	1.0431
0	1.04255
0	1.0431
0	1.04474
0	1.0431
0	1.04035
0	1.03651
0	1.03761
0	1.04145
0	1.04008
0	1.04035
0	1.03843
0	1.03349
0	1.03404
0	1.03596
0	1.03761
0	1.0291
0	1.02718
0	1.02937
0	1.02169
0	1.02278
0	1.02635
0	1.03184
0	1.03321
0	1.03239
0	1.03239
0	1.02992
0	1.03294
0	1.03404
0	1.03239
0	1.03184
0	1.03486
0	1.03321
0	1.03321
0	1.03349
0	1.03239
0	1.03459
0	1.03486
0	1.03514
0	1.03431
0	1.03514
0	1.03706
0	1.03925
0	1.04063
0	1.04255
0	1.05819
0	1.04941
0	1.04392
0	1.04859
0	1.04886
0	1.03596
0	1.04063
0	1.04172
0	1.04117
0	1.03788
0	1.04337
0	1.04584
0	1.04117
0	1.04337
0	1.04365
0	1.04776
0	1.04694
0	1.05215
0	1.0527
0	1.05902
0	1.07494
0	1.06533
0	1.07851
0	1.08208
0	1.0796
0	1.08015
0	1.08208
0	1.0807
0	1.08427
0	1.08317
0	1.08921
0	1.08537
0	1.08125
0	1.08509
0	1.08235
0	1.07604
0	1.07741
0	1.07549
0	1.07466
0	1.07604
0	1.07549
0	1.07604
0	1.07906
0	1.08317
0	1.08427
0	1.08098
0	1.07659
0	1.07768
0	1.07521
0	1.07659
0	1.07659
0	1.08015
0	1.08043
0	1.08345
0	1.08372
0	1.07988
0	1.08262
0	1.07906
0	1.07357
0	1.06506
0	1.06204
0	1.06835
0	1.07
0	1.07466
0	1.07137
0	1.07659
0	1.07466
0	1.07631
0	1.07494
0	1.07713
0	1.07576
0	1.06862
0	1.05874
0	1.06643
0	1.06506
0	1.06149
0	1.06149
0	1.06588
0	1.06423
0	1.06725
0	1.06945
0	1.07027
0	1.06917
0	1.05572
0	1.06204
0	1.06066
0	1.05133
0	1.04886
0	1.04474
0	1.04529
0	1.04584
0	1.04584
0	1.04474
0	1.04776
0	1.04804
0	1.04694
0	1.04968
0	1.05188
0	1.04886
0	1.04255
0	1.04502
0	1.05051
0	1.04337
0	1.05161
0	1.0527
0	1.05023
0	1.05298
0	1.04996
0	1.05353
0	1.04886
0	1.04804
0	1.04721
0	1.04804
0	1.04639
0	1.04227
0	1.04419
0	1.04666
0	1.04612
0	1.05023
0	1.04886
0	1.04914
0	1.04694
0	1.04968
0	1.04941
0	1.04941
0	1.04474
0	1.04392
0	1.0409
0	1.04172
0	1.042
0	1.04337
0	1.04419
0	1.04529
0	1.04227
0	1.04502
0	1.0431
0	1.04035
0	1.04063
0	1.03843
0	1.03623
0	1.02663
0	1.03212
0	1.02965
0	1.03102
0	1.0247
0	1.0269
0	1.03074
0	1.03267
0	1.03267
0	1.03157
0	1.02278
0	1.02525
0	1.02882
0	1.03349
0	1.03349
0	1.03459
0	1.03541
0	1.03761
0	1.03596
0	1.03349
0	1.03514
0	1.02937
0	1.02965
0	1.03376
0	1.03321
0	1.03102
0	1.0269
0	1.02361
0	1.02498
0	1.02882
0	1.03486
0	1.03788
0	1.03706
0	1.03267
0	1.03678
0	1.04145
0	1.04365
0	1.04776
0	1.04941
0	1.05023
0	1.04721
0	1.04694
0	1.04255
0	1.04612
0	1.04776
0	1.05106
0	1.04666
0	1.05051
0	1.05023
0	1.04996
0	1.05627
0	1.04886
0	1.05627
0	1.05435
0	1.05764
0	1.05902
0	1.05325
0	1.0398
0	1.04529
0	1.04584
0	1.06121
0	1.05874
0	1.0538
0	1.06423
0	1.05874
0	1.06204
0	1.06149
0	1.06259
0	1.06259
0	1.06423
0	1.06725
0	1.06561
0	1.06862
0	1.06808
0	1.07549
0	1.07411
0	1.07357
0	1.07247
0	1.07659
0	1.08619
0	1.08647
0	1.08921
0	1.14878
0	1.16195
0	1.1529
0	1.15235
0	1.15976
0	1.16662
0	1.1669
0	1.16662
0	1.16635
0	1.17513
0	1.17733
0	1.18776
0	1.21164
0	1.20176
0	1.21191
0	1.25858
0	1.25117
0	1.22838
0	1.2465
0	1.24952
0	1.23964
0	1.23607
0	1.23854
0	1.24952
0	1.27038
0	1.3003
0	1.30222
0	1.29289
0	1.31595
0	1.34834
0	1.34422
0	1.28575
0	1.27642
0	1.27889
0	1.29316
0	1.29591
0	1.28603
0	1.25528
0	1.26764
0	1.26215
0	1.27532
0	1.27752
0	1.28905
0	1.28822
0	1.2896
0	1.26077
0	1.26379
0	1.26489
0	1.26407
0	1.24321
0	1.24485
0	1.2594
0	1.2627
0	1.2594
0	1.26242
0	1.27093
0	1.26324
0	1.26654
0	1.25858
0	1.27011
0	1.2767
0	1.28081
0	1.29015
0	1.28219
0	1.27422
0	1.2756
0	1.28795
0	1.27779
0	1.26599
0	1.26791
0	1.26928
0	1.25611
0	1.25638
0	1.25144
0	1.25062
0	1.25446
0	1.2583
0	1.2465
0	1.23964
0	1.22729
0	1.22564
0	1.23634
0	1.22838
0	1.23881
0	1.24403
0	1.23579
0	1.23607
0	1.23827
0	1.23772
0	1.21795
0	1.21576
0	1.22427
0	1.21713
0	1.20944
0	1.21219
0	1.21685
0	1.2196
0	1.21466
0	1.21685
0	1.22152
0	1.22125
0	1.2336
0	1.22207
0	1.21658
0	1.21054
0	1.20642
0	1.19435
0	1.18858
0	1.19819
0	1.20313
0	1.19709
0	1.19489
0	1.20285
0	1.19709
0	1.20176
0	1.20176
0	1.2056
0	1.20148
0	1.19462
0	1.17129
0	1.17321
0	1.15043
0	1.12984
0	1.13862
0	1.15839
0	1.15921
0	1.16388
0	1.16744
0	1.15839
0	1.15015
0	1.15372
0	1.14933
0	1.15427
0	1.14988
0	1.15537
0	1.15839
0	1.16113
0	1.15811
0	1.15646
0	1.15235
0	1.16113
0	1.16552
0	1.15262
0	1.14823
0	1.14905
0	1.1496
0	1.13368
0	1.14109
0	1.14274
0	1.14631
0	1.14988
0	1.1518
0	1.15317
0	1.15592
0	1.1496
0	1.1496
0	1.15262
0	1.15372
0	1.15729
0	1.15921
0	1.16442
0	1.16772
0	1.16937
0	1.16854
0	1.17348
0	1.18254
0	1.17925
0	1.17842
0	1.18254
0	1.22399
0	1.22646
0	1.23827
0	1.23552
0	1.2174
0	1.20505
0	1.21329
0	1.21274
0	1.2078
0	1.21027
0	1.21411
0	1.21383
0	1.21466
0	1.21136
0	1.20258
0	1.21356
0	1.22262
0	1.2303
0	1.23085
0	1.21823
0	1.22289
0	1.22701
0	1.23113
0	1.2174
0	1.21274
0	1.20862
0	1.20285
0	1.20313
0	1.21109
0	1.22948
0	1.23113
0	1.22317
0	1.23305
0	1.23113
0	1.22729
0	1.22619
0	1.23278
0	1.24101
0	1.22509
0	1.22152
0	1.22317
0	1.21521
0	1.2207
0	1.21713
0	1.20725
0	1.20231
0	1.20423
0	1.21164
0	1.21658
0	1.21823
0	1.21631
0	1.21658
0	1.21274
0	1.21438
0	1.21274
0	1.21164
0	1.21383
0	1.2174
0	1.21932
0	1.2174
0	1.22289
0	1.22262
0	1.22289
0	1.2196
0	1.21795
0	1.21823
0	1.21164
0	1.21109
0	1.20972
0	1.20258
0	1.20203
0	1.20725
0	1.21109
0	1.20368
0	1.19654
0	1.1938
0	1.18995
0	1.1905
0	1.19133
0	1.19517
0	1.19462
0	1.18666
0	1.1927
0	1.18858
0	1.18913
0	1.18858
0	1.19407
0	1.1938
0	1.19599
0	1.19929
0	1.19654
0	1.20066
0	1.20011
0	1.19572
0	1.19874
0	1.1927
0	1.1916
0	1.18913
0	1.18666
0	1.18089
0	1.1754
0	1.16991
0	1.17019
0	1.17925
0	1.17513
0	1.17266
0	1.17074
0	1.17431
0	1.18227
0	1.18419
0	1.18254
0	1.17815
0	1.17815
0	1.17815
0	1.17815
0	1.17815
0	1.17815
0	1.17184
0	1.16909
0	1.1658
0	1.16415
0	1.16031
0	1.16552
0	1.16827
0	1.17129
0	1.17705
0	1.17678
0	1.16717
0	1.16662
0	1.16525
0	1.16141
0	1.1529
0	1.14658
0	1.14301
0	1.14795
0	1.15811
0	1.15811
0	1.16305
0	1.16744
0	1.16772
0	1.16964
0	1.17184
0	1.16772
0	1.15948
0	1.16168
0	1.15701
0	1.15015
0	1.15509
0	1.15921
0	1.16113
0	1.16195
0	1.16058
0	1.15976
0	1.16305
0	1.16552
0	1.1647
0	1.16909
0	1.16552
0	1.1669
0	1.17348
0	1.17293
0	1.16772
0	1.16442
0	1.16086
0	1.1636
0	1.16388
0	1.17431
0	1.17129
0	1.17019
0	1.17788
0	1.17403
0	1.17925
0	1.18089
0	1.1776
0	1.18995
0	1.20807
0	1.2303
0	1.22262
0	1.2325
0	1.21905
0	1.22509
0	1.22591
0	1.21878
0	1.22207
0	1.22564
0	1.22811
0	1.23552
0	1.22976
0	1.22152
0	1.22234
0	1.22289
0	1.21246
0	1.21576
0	1.20725
0	1.21603
0	1.22125
0	1.22317
0	1.2185
0	1.21438
0	1.22234
0	1.22372
0	1.2218
0	1.22399
0	1.22317
0	1.22701
0	1.22619
0	1.21411
0	1.21878
0	1.22262
0	1.21603
0	1.22042
0	1.22509
0	1.22619
0	1.22729
0	1.23717
0	1.25885
0	1.26187
0	1.26434
0	1.25528
0	1.25913
0	1.25803
0	1.2583
0	1.26489
0	1.26599
0	1.25995
0	1.25721
0	1.24897
0	1.25528
0	1.25583
0	1.25391
0	1.25611
0	1.2616
0	1.2594
0	1.2616
0	1.25501
0	1.2616
0	1.23442
0	1.23579
0	1.24321
0	1.24238
0	1.24128
0	1.2454
0	1.24595
0	1.24211
0	1.23717
0	1.24403
0	1.2347
0	1.22948
0	1.21905
0	1.21795
0	1.21164
0	1.22015
0	1.21576
0	1.22289
0	1.22701
0	1.23195
0	1.23634
0	1.22756
0	1.22701
0	1.22838
0	1.22729
0	1.22921
0	1.23305
0	1.2303
0	1.23003
0	1.2347
0	1.23744
0	1.23497
0	1.23113
0	1.22893
0	1.23003
0	1.22783
0	1.22701
0	1.23113
0	1.22948
0	1.2314
0	1.24238
0	1.25364
0	1.25391
0	1.24925
0	1.24705
0	1.2476
0	1.25089
0	1.24815
0	1.25309
0	1.25611
0	1.25556
0	1.25968
0	1.25775
0	1.26077
0	1.26187
0	1.26819
0	1.26928
0	1.26242
0	1.26077
0	1.25748
0	1.25391
0	1.25501
0	1.25089
0	1.25446
0	1.25638
0	1.25089
0	1.25089
0	1.24897
0	1.24595
0	1.24321
0	1.24293
0	1.2476
0	1.2443
0	1.24101
0	1.23579
0	1.22921
0	1.22619
0	1.22838
0	1.22783
0	1.22481
0	1.22591
0	1.22536
0	1.22427
0	1.22591
0	1.21932
0	1.22674
0	1.22811
0	1.22756
0	1.22893
0	1.23223
0	1.22866
0	1.22783
0	1.22427
0	1.22619
0	1.22866
0	1.23058
0	1.22893
0	1.22509
0	1.22509
0	1.2218
0	1.21823
0	1.22152
0	1.22344
0	1.2207
0	1.22564
0	1.23113
0	1.23387
0	1.23579
0	1.23607
0	1.23552
0	1.2336
0	1.23415
0	1.22948
0	1.23332
0	1.23881
0	1.23579
0	1.22921
0	1.22454
0	1.22317
0	1.2218
0	1.22015
0	1.2196
0	1.22289
0	1.23223
0	1.24128
0	1.24925
0	1.24074
0	1.24376
0	1.24595
0	1.25117
0	1.24677
0	1.24952
0	1.25309
0	1.2476
0	1.24376
0	1.24238
0	1.23772
0	1.24128
0	1.25144
0	1.25391
0	1.24925
0	1.25172
0	1.26077
0	1.25748
0	1.2627
0	1.2767
0	1.27121
0	1.2852
0	1.28054
0	1.28219
0	1.27889
0	1.27258
0	1.27477
0	1.28164
0	1.28164
0	1.28411
0	1.27752
0	1.27477
0	1.28164
0	1.3003
0	1.31101
0	1.31595
0	1.33571
0	1.32446
0	1.32116
0	1.32967
0	1.32199
0	1.32007
0	1.32226
0	1.32034
0	1.30579
0	1.30524
0	1.27066
0	1.26379
0	1.27532
0	1.26599
0	1.25638
0	1.27148
0	1.26873
0	1.26215
0	1.25748
0	1.25364
0	1.25913
0	1.26873
0	1.26599
0	1.2723
0	1.2852
0	1.2885
0	1.29042
0	1.29509
0	1.29673
0	1.2874
0	1.28438
0	1.28603
0	1.29207
0	1.29591
0	1.30113
0	1.29591
0	1.31403
0	1.30854
0	1.30826
0	1.29728
0	1.30085
0	1.30689
0	1.30936
0	1.3143
0	1.31128
0	1.3132
0	1.31485
0	1.32007
0	1.31979
0	1.3176
0	1.29728
0	1.29042
0	1.30442
0	1.31952
0	1.31567
0	1.3143
0	1.30744
0	1.31814
0	1.31677
0	1.30854
0	1.29783
0	1.29564
0	1.2992
0	1.30662
0	1.30689
0	1.3132
0	1.33379
0	1.3434
0	1.32912
0	1.33489
0	1.33407
0	1.33022
0	1.33736
0	1.33681
0	1.34175
0	1.33791
0	1.33928
0	1.33901
0	1.32693
0	1.3261
0	1.3165
0	1.33077
0	1.33022
0	1.32336
0	1.33105
0	1.32967
0	1.32144
0	1.32556
0	1.32336
0	1.32775
0	1.33681
0	1.3434
0	1.34916
0	1.36893
0	1.36426
0	1.38128
0	1.36701
0	1.36975
0	1.36728
0	1.36344
0	1.36152
0	1.36453
0	1.36453
0	1.37057
0	1.3692
0	1.37771
0	1.37799
0	1.36975
0	1.36865
0	1.36508
0	1.36673
0	1.35932
0	1.36289
0	1.36975
0	1.37606
0	1.37799
0	1.37716
0	1.36646
0	1.37551
0	1.37442
0	1.39363
0	1.39336
0	1.43151
0	1.42575
0	1.43124
0	1.43453
0	1.42767
0	1.4274
0	1.43426
0	1.43124
0	1.4392
0	1.44634
0	1.43728
0	1.4499
0	1.45484
0	1.44826
0	1.44112
0	1.43426
0	1.43206
0	1.42602
0	1.42108
0	1.41175
0	1.41202
0	1.42191
0	1.43481
0	1.43041
0	1.43234
0	1.42575
0	1.41916
0	1.42383
0	1.43151
0	1.43371
0	1.43783
0	1.43947
0	1.44524
0	1.44386
0	1.46692
0	1.46994
0	1.46994
0	1.47186
0	1.47735
0	1.4683
0	1.47214
0	1.46857
0	1.4639
0	1.47214
0	1.4768
0	1.48229
0	1.49849
0	1.49959
0	1.49245
0	1.49657
0	1.51167
0	1.51441
0	1.53143
0	1.58413
0	1.5641
0	1.55504
0	1.56684
0	1.56657
0	1.5748
0	1.59758
0	1.57535
0	1.55559
0	1.56849
0	1.57096
0	1.56355
0	1.56739
0	1.56272
0	1.56739
0	1.56574
0	1.51331
0	1.52457
0	1.52676
0	1.51606
0	1.51084
0	1.49712
0	1.50755
0	1.51551
0	1.52182
0	1.5092
0	1.50041
0	1.4952
0	1.47763
0	1.48861
0	1.48531
0	1.4941
0	1.47928
0	1.49026
0	1.4768
0	1.48312
0	1.50233
0	1.50673
0	1.50233
0	1.51276
0	1.50865
0	1.50673
0	1.51441
0	1.51578
0	1.52018
0	1.50645
0	1.51194
0	1.51661
0	1.50755
0	1.49712
0	1.50645
0	1.50974
0	1.50727
0	1.51112
0	1.51057
0	1.50563
0	1.48614
0	1.48943
0	1.50096
0	1.49629
0	1.49904
0	1.4952
0	1.49492
0	1.48916
0	1.50178
0	1.50288
0	1.49684
0	1.47159
0	1.44963
0	1.46692
0	1.45896
0	1.45375
0	1.46528
0	1.48037
0	1.50206
0	1.48422
0	1.44963
0	1.46198
0	1.46363
0	1.46473
0	1.46061
0	1.4532
0	1.4532
0	1.45402
0	1.45622
0	1.44524
0	1.45045
0	1.45786
0	1.47653
0	1.47406
0	1.46912
0	1.46967
0	1.47104
0	1.48092
0	1.48669
0	1.47571
0	1.47598
0	1.4661
0	1.46171
0	1.45814
0	1.45183
0	1.45786
0	1.45155
0	1.45484
0	1.46473
0	1.46637
0	1.48312
0	1.50645
0	1.49876
0	1.49629
0	1.49931
0	1.5081
0	1.48586
0	1.48147
0	1.48147
0	1.48586
0	1.48778
0	1.493
0	1.48477
0	1.48312
0	1.47598
0	1.48394
0	1.48449
0	1.48394
0	1.48284
0	1.46582
0	1.46637
0	1.46253
0	1.47571
0	1.46747
0	1.46802
0	1.46033
0	1.45457
0	1.45512
0	1.46308
0	1.46528
0	1.46253
0	1.46665
0	1.47241
0	1.47818
0	1.47543
0	1.47708
0	1.47131
0	1.47928
0	1.47516
0	1.47049
0	1.4672
0	1.46528
0	1.47049
0	1.47131
0	1.48037
0	1.4801
0	1.48724
0	1.48367
0	1.47543
0	1.46692
0	1.46418
0	1.46994
0	1.46802
0	1.46006
0	1.45759
0	1.46445
0	1.46884
0	1.46253
0	1.46308
0	1.46665
0	1.46308
0	1.46253
0	1.46281
0	1.45841
0	1.45402
0	1.45567
0	1.45375
0	1.45814
0	1.46528
0	1.46226
0	1.47022
0	1.479
0	1.47241
0	1.48065
0	1.49465
0	1.4952
0	1.49959
0	1.49163
0	1.4908
0	1.49822
0	1.49163
0	1.49382
0	1.48531
0	1.47845
0	1.46884
0	1.46555
0	1.46747
0	1.47104
0	1.46884
0	1.4661
0	1.46061
0	1.45814
0	1.46281
0	1.46637
0	1.45924
0	1.45924
0	1.45622
0	1.45841
0	1.45841
0	1.4532
0	1.45841
0	1.45622
0	1.45018
0	1.45265
0	1.46088
0	1.45786
0	1.45979
0	1.46088
0	1.46857
0	1.46363
0	1.45951
0	1.45841
0	1.4661
0	1.46033
0	1.46226
0	1.45512
0	1.4532
0	1.45594
0	1.45677
0	1.47104
0	1.45677
0	1.46033
0	1.45732
0	1.46253
0	1.46281
0	1.46116
0	1.46281
0	1.4661
0	1.46775
0	1.46198
0	1.46363
0	1.46143
0	1.46528
0	1.47022
0	1.46994
0	1.46775
0	1.48861
0	1.49437
0	1.48669
0	1.47543
0	1.48257
0	1.48586
0	1.48531
0	1.48477
0	1.48696
0	1.47928
0	1.47735
0	1.48614
0	1.47845
0	1.47516
0	1.47214
0	1.46912
0	1.46171
0	1.46363
0	1.46281
0	1.46335
0	1.46226
0	1.4683
0	1.46857
0	1.46473
0	1.46171
0	1.46418
0	1.4639
0	1.46226
0	1.46308
0	1.46033
0	1.46198
0	1.46528
0	1.46473
0	1.46226
0	1.46116
0	1.4521
0	1.45567
0	1.45814
0	1.45402
0	1.39995
0	1.41614
0	1.42438
0	1.40626
0	1.41175
0	1.40434
0	1.3972
0	1.39061
0	1.38018
0	1.38622
0	1.37661
0	1.3854
0	1.39034
0	1.39089
0	1.38732
0	1.38183
0	1.38814
0	1.38897
0	1.39473
0	1.39528
0	1.40873
0	1.42685
0	1.41449
0	1.41147
0	1.41751
0	1.41312
0	1.41147
0	1.40159
0	1.40598
0	1.40269
0	1.40516
0	1.40461
0	1.40269
0	1.40077
0	1.3994
0	1.40544
0	1.40516
0	1.40104
0	1.40461
0	1.40214
0	1.39473
0	1.39747
0	1.38979
0	1.395
0	1.40132
0	1.40406
0	1.40296
0	1.40626
0	1.40489
0	1.39995
0	1.40159
0	1.40049
0	1.39198
0	1.38924
0	1.395
0	1.3972
0	1.39775
0	1.39912
0	1.3961
0	1.39693
0	1.3983
0	1.39912
0	1.40269
0	1.39775
0	1.40269
0	1.40214
0	1.40379
0	1.40324
0	1.39747
0	1.39775
0	1.39857
0	1.39995
0	1.39226
0	1.38375
0	1.37881
0	1.38842
0	1.38842
0	1.38704
0	1.38402
0	1.38183
0	1.38567
0	1.39198
0	1.42712
0	1.41065
0	1.40845
0	1.41038
0	1.40736
0	1.41147
0	1.40928
0	1.41147
0	1.4101
0	1.41065
0	1.41147
0	1.41751
0	1.41614
0	1.42218
0	1.42438
0	1.42191
0	1.41696
0	1.41614
0	1.41312
0	1.41202
0	1.41065
0	1.41093
0	1.41806
0	1.41422
0	1.409
0	1.40928
0	1.4101
0	1.41724
0	1.41394
0	1.41257
0	1.41394
0	1.41614
0	1.41559
0	1.41504
0	1.41147
0	1.41449
0	1.41312
0	1.40983
0	1.39555
0	1.40296
0	1.40434
0	1.40022
0	1.4263
0	1.4381
0	1.43206
0	1.44222
0	1.43618
0	1.42849
0	1.42492
0	1.42136
0	1.43096
0	1.42904
0	1.43261
0	1.42712
0	1.43728
0	1.44194
0	1.4403
0	1.44661
0	1.45018
0	1.44194
0	1.43865
0	1.43563
0	1.44085
0	1.44469
0	1.44085
0	1.43563
0	1.43728
0	1.42245
0	1.4252
0	1.42218
0	1.41889
0	1.41861
0	1.42245
0	1.42575
0	1.42492
0	1.42822
0	1.42849
0	1.42767
0	1.42053
0	1.41806
0	1.42822
0	1.42136
0	1.42657
0	1.42081
0	1.42191
0	1.4263
0	1.43124
0	1.42822
0	1.42328
0	1.42602
0	1.42794
0	1.4112
0	1.39116
0	1.40242
0	1.39528
0	1.39912
0	1.395
0	1.39857
0	1.40214
0	1.40516
0	1.40598
0	1.40791
0	1.40406
0	1.3994
0	1.40351
0	1.39857
0	1.40049
0	1.40214
0	1.39775
0	1.39336
0	1.39693
0	1.3972
0	1.40214
0	1.40653
0	1.40791
0	1.40461
0	1.41038
0	1.41394
0	1.42081
0	1.41916
0	1.41861
0	1.41504
0	1.4134
0	1.41093
0	1.41038
0	1.40873
0	1.41257
0	1.41614
0	1.41257
0	1.40955
0	1.41175
0	1.41312
0	1.41394
0	1.41422
0	1.40955
0	1.40242
0	1.40736
0	1.40626
0	1.41202
0	1.40708
0	1.40983
0	1.40544
0	1.40626
0	1.40022
0	1.39253
0	1.395
0	1.39528
0	1.39363
0	1.3961
0	1.3961
0	1.39226
0	1.39418
0	1.39034
0	1.39006
0	1.38842
0	1.39226
0	1.39061
0	1.38732
0	1.3994
0	1.40598
0	1.40269
0	1.40379
0	1.40461
0	1.40708
0	1.39885
0	1.35767
0	1.35136
0	1.36014
0	1.34697
0	1.34559
0	1.35081
0	1.35712
0	1.36069
0	1.36536
0	1.37167
0	1.37085
0	1.36893
0	1.36893
0	1.36948
0	1.36453
0	1.36124
0	1.35932
0	1.36261
0	1.35301
0	1.34257
0	1.34889
0	1.35108
0	1.34203
0	1.34614
0	1.35438
0	1.3552
0	1.35355
0	1.35712
0	1.36591
0	1.36536
0	1.36179
0	1.35932
0	1.36316
0	1.36289
0	1.35987
0	1.36152
0	1.36069
0	1.36591
0	1.36783
0	1.3703
0	1.36975
0	1.36481
0	1.37359
0	1.3725
0	1.37524
0	1.37304
0	1.36563
0	1.36234
0	1.35932
0	1.36097
0	1.36508
0	1.36344
0	1.35548
0	1.35959
0	1.36069
0	1.36289
0	1.36069
0	1.36481
0	1.36618
0	1.36124
0	1.36893
0	1.36426
0	1.36536
0	1.36865
0	1.36481
0	1.37002
0	1.36948
0	1.37332
0	1.37551
0	1.38567
0	1.37497
0	1.37359
0	1.37551
0	1.37277
0	1.37661
0	1.3714
0	1.36783
0	1.36481
0	1.36755
0	1.36728
0	1.36261
0	1.37112
0	1.37222
0	1.37277
0	1.37195
0	1.37112
0	1.37442
0	1.37881
0	1.37634
0	1.37991
0	1.3843
0	1.38457
0	1.38293
0	1.38128
0	1.38704
0	1.38649
0	1.38677
0	1.38979
0	1.39253
0	1.39226
0	1.39171
0	1.38348
0	1.3854
0	1.38787
0	1.39034
0	1.38402
0	1.38677
0	1.3832
0	1.38238
0	1.37963
0	1.381
0	1.37963
0	1.37277
1	1.37469
1	1.38622
1	1.38951
1	1.38677
1	1.3843
1	1.37881
1	1.38155
1	1.38732
1	1.38759
1	1.38128
1	1.38348
1	1.37991
1	1.38265
1	1.38622
1	1.38951
1	1.38814
1	1.38512
1	1.38649
1	1.38485
1	1.38649
1	1.38951
1	1.39391
1	1.40653
1	1.4112
1	1.41038
1	1.41971
1	1.43206
1	1.42932
1	1.44085
-1	1.43426
-1	1.43371
-1	1.42657
-1	1.4274
-1	1.42191
-1	1.4241
-1	1.41971
-1	1.41779
-1	1.41285
-1	1.41202
-1	1.41587
-1	1.41394
-1	1.41038
-1	1.41422
-1	1.41696
-1	1.41559
-1	1.41614
-1	1.41394
-1	1.4134
-1	1.40873
-1	1.40489
-1	1.409
-1	1.40571
-1	1.40159
-1	1.39967
-1	1.40187
-1	1.39198
-1	1.38787
-1	1.39144
-1	1.39226
-1	1.3854
-1	1.3821
-1	1.38046
-1	1.38073
-1	1.37277
-1	1.37222
-1	1.37634
-1	1.37332
-1	1.37908
1	1.38073
1	1.38567
1	1.38924
1	1.39144
1	1.38595
1	1.39226
1	1.39034
1	1.39061
1	1.3972
-1	1.39693
-1	1.39391
-1	1.39473
-1	1.39144
-1	1.38951
-1	1.38457
-1	1.38649
-1	1.39089
-1	1.39089
-1	1.39391
-1	1.39391
-1	1.3961
-1	1.3961
-1	1.39198
-1	1.39144
-1	1.38704
-1	1.38787
-1	1.38759
-1	1.38265
-1	1.38128
-1	1.37442
-1	1.3703
-1	1.37414
-1	1.36728
-1	1.3681
-1	1.37359
-1	1.38018
-1	1.37826
-1	1.37771
-1	1.37524
-1	1.37826
-1	1.37853
-1	1.381
-1	1.38018
-1	1.381
-1	1.37661
-1	1.37744
-1	1.37689
-1	1.37606
-1	1.381
-1	1.37908
-1	1.37908
-1	1.38073
-1	1.3843
-1	1.38293
-1	1.38128
-1	1.37689
-1	1.37442
-1	1.37112
-1	1.36673
-1	1.36948
-1	1.36948
-1	1.37057
-1	1.36975
-1	1.36893
-1	1.37414
-1	1.3714
-1	1.36481
-1	1.36316
-1	1.36399
-1	1.3585
1	1.35987
1	1.36563
1	1.36536
1	1.3681
1	1.37057
1	1.36536
1	1.37085
1	1.36646
1	1.36755
1	1.37057
1	1.36948
1	1.3681
1	1.37112
1	1.37442
1	1.38018
1	1.37853
1	1.37771
1	1.38293
1	1.38787
1	1.38869
1	1.38951
1	1.39363
1	1.38897
1	1.38979
1	1.38512
1	1.38897
1	1.39281
1	1.39144
1	1.39747
1	1.395
1	1.39638
1	1.38814
1	1.3854
1	1.38677
1	1.39253
1	1.39638
1	1.39198
1	1.39473
1	1.39363
1	1.39226
1	1.38265
1	1.38073
1	1.38183
1	1.37826
1	1.37991
1	1.38183
1	1.37744
1	1.37991
1	1.37881
1	1.38348
1	1.38512
1	1.37963
1	1.38018
1	1.37579
1	1.37359
1	1.38046
1	1.38183
1	1.38018
1	1.37963
1	1.37826
1	1.37551
1	1.37332
1	1.37359
1	1.36975
1	1.37195
1	1.37387
1	1.37277
1	1.37881
1	1.37799
1	1.37963
1	1.38155
1	1.37963
1	1.37771
1	1.37908
1	1.37744
1	1.37908
1	1.38951
1	1.40598
-1	1.39967
-1	1.38265
-1	1.38649
-1	1.39336
-1	1.39391
-1	1.38897
-1	1.39281
-1	1.39583
-1	1.40159
-1	1.39967
-1	1.39528
-1	1.39693
-1	1.40132
-1	1.40434
-1	1.40159
-1	1.39912
-1	1.40296
-1	1.3972
-1	1.39308
-1	1.39061
-1	1.39144
-1	1.38649
-1	1.38375
-1	1.38732
-1	1.39006
-1	1.38979
-1	1.38842
-1	1.39308
-1	1.39198
-1	1.39281
-1	1.39061
-1	1.39308
-1	1.39391
-1	1.39308
-1	1.39391
-1	1.39308
-1	1.38951
-1	1.39253
-1	1.39473
-1	1.39446
-1	1.39198
-1	1.38924
-1	1.39089
-1	1.39363
-1	1.40132
-1	1.3983
-1	1.3994
-1	1.40159
-1	1.40763
-1	1.40516
-1	1.40818
-1	1.40296
-1	1.40461
-1	1.40571
-1	1.40653
-1	1.40681
-1	1.40598
-1	1.40351
-1	1.40187
-1	1.40406
-1	1.40763
-1	1.40544
-1	1.40598
-1	1.40461
-1	1.40269
-1	1.40544
-1	1.40791
-1	1.40955
-1	1.40818
-1	1.40955
-1	1.40708
-1	1.40406
-1	1.40022
-1	1.3961
-1	1.39446
-1	1.39555
-1	1.39802
-1	1.40104
-1	1.40077
-1	1.40049
-1	1.40269
-1	1.40187
-1	1.40104
-1	1.40049
-1	1.40269
-1	1.40406
-1	1.40461
-1	1.40461
-1	1.40269
-1	1.40242
-1	1.40159
-1	1.40736
-1	1.40516
-1	1.40598
-1	1.40653
-1	1.40708
-1	1.40406
-1	1.40324
-1	1.40242
-1	1.40159
-1	1.40296
-1	1.40489
-1	1.40132
-1	1.40077
-1	1.40104
-1	1.3994
-1	1.39802
-1	1.40049
-1	1.39967
-1	1.40022
-1	1.40269
-1	1.40187
-1	1.40077
-1	1.40077
-1	1.40077
-1	1.40077
-1	1.40049
-1	1.40049
-1	1.40049
-1	1.3994
-1	1.39802
-1	1.39775
-1	1.39747
-1	1.39857
-1	1.39693
-1	1.39747
-1	1.39912
-1	1.39802
-1	1.39912
-1	1.40022
-1	1.39912
-1	1.39912
-1	1.3972
-1	1.39747
-1	1.3972
-1	1.3961
-1	1.39638
-1	1.39583
-1	1.39583
-1	1.39912
-1	1.3961
-1	1.39528
-1	1.38924
-1	1.39144
-1	1.39006
-1	1.38869
-1	1.3843
-1	1.38567
-1	1.38485
-1	1.38512
-1	1.38869
-1	1.38951
-1	1.39034
-1	1.39144
-1	1.38622
-1	1.38677
-1	1.38622
-1	1.38485
-1	1.38842
-1	1.38649
-1	1.3821
-1	1.3843
-1	1.38787
-1	1.38869
-1	1.38787
-1	1.38677
-1	1.38567
-1	1.38951
-1	1.39061
-1	1.39253
-1	1.39418
-1	1.39583
-1	1.395
-1	1.39528
-1	1.39363
-1	1.39363
-1	1.39391
-1	1.39281
-1	1.39089
-1	1.38924
-1	1.39171
-1	1.39171
-1	1.38979
-1	1.39061
-1	1.39144
-1	1.39198
-1	1.39144
-1	1.39363
-1	1.39253
-1	1.39116
-1	1.38814
-1	1.38402
-1	1.38348
-1	1.3832
-1	1.38238
-1	1.38018
-1	1.38128
-1	1.38073
-1	1.38073
-1	1.37908
-1	1.3821
-1	1.38018
-1	1.38046
-1	1.38183
-1	1.37963
-1	1.38018
-1	1.38183
-1	1.38046
-1	1.38018
-1	1.37963
-1	1.37936
-1	1.37963
-1	1.37963
-1	1.38128
-1	1.38128
-1	1.38238
-1	1.38567
-1	1.38402
-1	1.38293
-1	1.38128
-1	1.38128
-1	1.38238
-1	1.38046
-1	1.38155
-1	1.37332
1	1.37332
1	1.37497
1	1.37634
1	1.37689
1	1.37771
1	1.37771
1	1.37744
1	1.37853
1	1.37963
1	1.37689
1	1.37661
1	1.37469
1	1.37442
1	1.37689
1	1.37771
1	1.37881
1	1.37963
1	1.38293
1	1.3854
1	1.38951
1	1.38595
1	1.38787
1	1.38375
1	1.38348
1	1.38567
1	1.38759
1	1.38704
1	1.39006
1	1.39171
1	1.39473
1	1.39171
1	1.39418
1	1.39253
1	1.39006
1	1.38814
1	1.38842
1	1.38622
1	1.38732
1	1.39171
1	1.39034
1	1.38897
1	1.38567
1	1.37606
1	1.37414
1	1.37497
1	1.37689
1	1.37908
1	1.37908
1	1.37799
1	1.37826
1	1.37991
1	1.38128
1	1.38457
1	1.38457
1	1.38567
1	1.38348
1	1.38155
1	1.381
1	1.381
1	1.38183
1	1.38402
1	1.38293
1	1.38457
1	1.3843
1	1.38595
1	1.38457
1	1.38485
1	1.38649
1	1.38567
1	1.38924
1	1.38951
1	1.38814
1	1.38897
1	1.38787
1	1.38787
1	1.38842
1	1.38814
1	1.38622
1	1.38375
1	1.38128
1	1.381
1	1.3821
1	1.38485
1	1.38622
1	1.38595
1	1.38567
1	1.38567
1	1.38402
1	1.3854
1	1.38567
1	1.38348
1	1.38265
1	1.37853
1	1.38046
1	1.38128
1	1.38018
1	1.3821
1	1.3821
1	1.38567
1	1.38595
1	1.38622
1	1.38485
1	1.38238
1	1.38265
1	1.38704
1	1.39747
1	1.39885
1	1.40132
1	1.39857
1	1.40242
1	1.40296
1	1.40379
1	1.40406
1	1.40544
1	1.40516
1	1.40242
1	1.40516
1	1.40791
1	1.40406
1	1.40351
1	1.40269
1	1.40379
1	1.40571
1	1.40845
1	1.40791
1	1.40626
1	1.4134
1	1.41147
1	1.41614
1	1.41532
1	1.42657
1	1.42026
1	1.42081
1	1.42081
1	1.41779
1	1.4123
1	1.41477
1	1.41449
1	1.40983
1	1.40845
1	1.409
1	1.41587
1	1.41751
1	1.41587
1	1.41669
1	1.41889
1	1.41175
1	1.41367
1	1.41724
1	1.41559
1	1.41532
1	1.41559
1	1.41587
1	1.41751
1	1.41971
1	1.42053
1	1.43673
1	1.43783
1	1.4392
1	1.43947
1	1.43618
1	1.44085
1	1.44139
1	1.44359
-1	1.437
-1	1.43563
-1	1.43069
-1	1.43041
-1	1.43041
-1	1.42794
-1	1.42465
-1	1.42904
-1	1.42904
-1	1.43261
-1	1.43316
-1	1.43288
-1	1.43069
-1	1.43234
-1	1.43261
-1	1.43096
-1	1.42712
-1	1.42767
-1	1.43124
-1	1.4263
-1	1.42932
-1	1.43398
-1	1.43563
-1	1.43673
-1	1.43316
-1	1.43508
-1	1.43179
-1	1.43398
-1	1.42438
-1	1.42273
-1	1.42438
-1	1.42136
-1	1.423
-1	1.42492
-1	1.42492
-1	1.41998
-1	1.41504
-1	1.40955
-1	1.4112
-1	1.41422
-1	1.41202
-1	1.4123
-1	1.41285
-1	1.4134
-1	1.41559
-1	1.41696
-1	1.41696
-1	1.42108
-1	1.41367
-1	1.41751
-1	1.41889
-1	1.41724
-1	1.41614
-1	1.41614
-1	1.41559
-1	1.41422
-1	1.41477
-1	1.41559
-1	1.41806
-1	1.42081
-1	1.41998
-1	1.41889
-1	1.42053
-1	1.41916
-1	1.41971
-1	1.41834
-1	1.41916
-1	1.41943
-1	1.41394
-1	1.40818
-1	1.41367
-1	1.41642
-1	1.40928
-1	1.40571
-1	1.39363
-1	1.38677
-1	1.38842
-1	1.39089
-1	1.38759
-1	1.39116
-1	1.39198
-1	1.39418
-1	1.39144
-1	1.395
-1	1.39665
-1	1.39857
-1	1.39336
-1	1.39171
-1	1.39089
-1	1.39144
-1	1.39089
-1	1.39281
-1	1.3961
-1	1.39665
-1	1.39665
-1	1.39967
-1	1.39336
-1	1.38979
-1	1.38457
-1	1.37716
-1	1.38128
-1	1.37881
-1	1.38238
-1	1.38293
-1	1.3832
-1	1.38265
-1	1.37881
-1	1.38238
-1	1.381
-1	1.37826
1	1.37826
1	1.37744
1	1.37551
1	1.37963
1	1.37991
1	1.38018
1	1.38924
1	1.38512
1	1.38897
1	1.38649
1	1.38375
1	1.38046
1	1.38649
1	1.39006
1	1.38814
1	1.38457
1	1.37579
1	1.37908
1	1.37881
1	1.37908
1	1.37853
1	1.37771
1	1.37524
1	1.37716
1	1.37991
1	1.38183
1	1.38265
1	1.38128
1	1.38402
1	1.38183
1	1.38265
1	1.38018
1	1.37606
1	1.37304
1	1.37853
1	1.37991
1	1.38183
1	1.38348
1	1.38402
1	1.38183
1	1.38183
1	1.38265
1	1.38567
1	1.38677
1	1.3854
1	1.38677
1	1.38787
1	1.38375
1	1.3854
1	1.38951
1	1.38622
1	1.38595
1	1.38265
1	1.38293
1	1.38457
1	1.37991
1	1.37853
1	1.37881
1	1.381
1	1.38155
1	1.3832
1	1.3843
1	1.38595
1	1.38595
1	1.38704
1	1.38842
1	1.38979
1	1.38677
1	1.38649
1	1.38677
1	1.38787
1	1.38567
1	1.3854
1	1.38677
1	1.39089
1	1.38787
1	1.39034
1	1.38732
1	1.38787
1	1.38704
1	1.38951
1	1.39089
1	1.39144
1	1.39281
1	1.39336
1	1.39198
1	1.39555
1	1.40077
1	1.40626
1	1.40461
1	1.40351
1	1.40159
1	1.39528
1	1.39802
1	1.3983
1	1.39693
1	1.39775
1	1.3972
1	1.39747
1	1.3961
1	1.39665
1	1.39418
1	1.39528
1	1.40049
1	1.3961
1	1.39967
1	1.39802
1	1.3961
1	1.39775
1	1.39802
1	1.40132
1	1.40296
1	1.3983
1	1.40049
1	1.39885
1	1.39885
1	1.39747
1	1.39775
1	1.39583
1	1.39473
1	1.39802
1	1.39967
1	1.39995
1	1.39995
1	1.40077
1	1.39995
1	1.40104
1	1.40626
1	1.40708
1	1.40434
1	1.40791
1	1.40653
1	1.40845
1	1.4101
1	1.40928
1	1.40681
1	1.40516
1	1.40571
1	1.40598
1	1.40269
1	1.40598
1	1.40653
1	1.40791
1	1.40626
1	1.40571
1	1.40598
1	1.40736
1	1.40681
1	1.40406
1	1.40653
1	1.42081
1	1.42218
1	1.42438
1	1.42053
1	1.42136
1	1.41971
1	1.42081
1	1.42492
1	1.42575
1	1.42383
1	1.42547
1	1.43069
1	1.43481
1	1.43014
1	1.43288
1	1.43728
1	1.43426
1	1.43261
1	1.43645
1	1.43865
1	1.437
1	1.46171
1	1.48531
1	1.4801
-1	1.46637
-1	1.46637
-1	1.45869
-1	1.4639
-1	1.45292
-1	1.44826
-1	1.45375
-1	1.44085
-1	1.44771
-1	1.4521
-1	1.45677
-1	1.45869
-1	1.45841
-1	1.45786
-1	1.45704
-1	1.46033
-1	1.46308
-1	1.46582
-1	1.46418
-1	1.46308
-1	1.46061
-1	1.46033
-1	1.46088
-1	1.46281
-1	1.45924
-1	1.44085
-1	1.44771
-1	1.44853
-1	1.45128
-1	1.451
-1	1.44524
-1	1.44441
-1	1.44304
-1	1.44112
-1	1.42026
-1	1.42136
-1	1.41834
-1	1.41285
-1	1.41587
-1	1.41285
-1	1.40845
1	1.41394
1	1.42136
1	1.42438
1	1.423
1	1.42547
1	1.43014
1	1.42849
1	1.4252
1	1.42657
1	1.42685
1	1.43151
1	1.43453
1	1.43645
1	1.43563
1	1.43728
1	1.44579
-1	1.44441
-1	1.44057
-1	1.44277
-1	1.44057
-1	1.44057
-1	1.44332
-1	1.44112
-1	1.44414
-1	1.44414
-1	1.44277
-1	1.4381
-1	1.43426
-1	1.43481
-1	1.42959
-1	1.43645
-1	1.4252
-1	1.42465
-1	1.42191
-1	1.42081
-1	1.42547
-1	1.42163
-1	1.4241
-1	1.42602
-1	1.42575
-1	1.4241
-1	1.42767
-1	1.42685
-1	1.42492
-1	1.4252
-1	1.42218
-1	1.42108
-1	1.42218
1	1.42712
1	1.43179
1	1.42904
1	1.42767
1	1.42767
1	1.42383
1	1.42547
1	1.42465
1	1.4263
1	1.42877
1	1.42987
1	1.43096
1	1.43206
1	1.42987
1	1.42932
1	1.42904
1	1.42904
1	1.43069
1	1.43206
1	1.43288
1	1.43288
1	1.43371
1	1.43261
1	1.43453
1	1.43728
1	1.43865
1	1.44386
1	1.44057
1	1.4359
1	1.43755
1	1.437
1	1.43975
1	1.44057
1	1.44085
1	1.43645
1	1.43398
1	1.43096
1	1.43179
1	1.43453
1	1.43508
1	1.43288
1	1.43618
1	1.4359
1	1.43481
1	1.43041
1	1.42959
1	1.43261
1	1.43069
1	1.43343
1	1.42959
1	1.42575
1	1.42575
1	1.423
1	1.4252
1	1.4274
1	1.42794
1	1.42877
1	1.4263
1	1.42383
1	1.42026
1	1.42657
1	1.4241
1	1.42575
1	1.42438
1	1.42191
1	1.41943
1	1.42245
1	1.4252
1	1.42355
1	1.42767
1	1.43041
1	1.42794
1	1.43041
1	1.43124
1	1.42959
1	1.4274
1	1.4252
1	1.42602
1	1.42822
1	1.43426
1	1.43206
1	1.42163
1	1.4252
1	1.4241
1	1.42547
1	1.42492
1	1.42218
1	1.42547
1	1.42657
1	1.42657
1	1.42383
1	1.42328
1	1.41642
1	1.41998
1	1.42191
1	1.42492
1	1.42575
1	1.4241
0	1.42547
0	1.42547
0	1.42657
0	1.4252
0	1.42602
0	1.42685
0	1.42547
0	1.42383
0	1.42602
0	1.42547
0	1.42685
0	1.42547
0	1.42712
0	1.43179
0	1.42959
0	1.42657
0	1.43041
0	1.42822
0	1.42492
0	1.42602
0	1.42547
0	1.423
0	1.42355
0	1.4241
0	1.42328
0	1.42081
0	1.41971
0	1.42383
0	1.42218
0	1.42245
0	1.42465
0	1.4241
0	1.4252
0	1.42602
0	1.42438
0	1.4241
0	1.42383
0	1.42657
0	1.42685
0	1.42657
0	1.42712
0	1.42822
0	1.42657
0	1.42383
0	1.42438
0	1.42602
0	1.43069
0	1.43179
0	1.43288
0	1.43124
0	1.43014
0	1.43069
0	1.43234
0	1.43261
0	1.43728
0	1.43645
0	1.437
0	1.43536
0	1.42959
0	1.42794
0	1.43179
0	1.43234
0	1.43151
0	1.42959
0	1.43014
0	1.43288
0	1.43481
0	1.43371
0	1.43069
0	1.43206
0	1.43206
0	1.43206
0	1.42959
0	1.4274
0	1.42987
0	1.42959
0	1.42136
0	1.409
0	1.40296
0	1.40708
0	1.41038
0	1.40983
0	1.40791
0	1.40845
0	1.41175
0	1.41642
0	1.41285
0	1.41257
0	1.41147
0	1.4112
0	1.40845
0	1.41285
0	1.40873
0	1.40873
0	1.4101
0	1.41065
0	1.41394
0	1.41422
0	1.41587
0	1.41394
0	1.41312
0	1.40818
0	1.40489
0	1.40873
0	1.41147
0	1.40873
0	1.40763
0	1.40571
0	1.40791
0	1.40955
0	1.41175
0	1.41367
0	1.41312
0	1.41147
0	1.40791
0	1.40763
0	1.40818
0	1.41175
0	1.41285
0	1.41093
0	1.40873
0	1.40598
0	1.40736
0	1.41065
0	1.41065
0	1.4101
0	1.40928
0	1.40379
0	1.40077
0	1.40351
0	1.40653
0	1.40653
0	1.40598
0	1.40324
0	1.40681
0	1.40489
0	1.40187
0	1.39446
0	1.39446
0	1.39638
0	1.39418
0	1.39638
0	1.39418
0	1.39802
0	1.39693
0	1.3983
0	1.39967
0	1.40269
0	1.40516
0	1.40077
0	1.40379
0	1.40214
0	1.40104
0	1.40242
0	1.40049
0	1.40049
0	1.39967
0	1.40296
0	1.40296
0	1.40132
0	1.40049
0	1.40351
0	1.40379
0	1.40626
0	1.40571
0	1.40653
0	1.40763
0	1.40516
0	1.40406
0	1.40022
0	1.40242
0	1.40653
0	1.40791
0	1.40461
0	1.40571
0	1.40214
0	1.40324
0	1.40516
0	1.40132
0	1.39995
0	1.40159
0	1.40461
0	1.40351
0	1.40489
0	1.40598
0	1.40681
0	1.40708
0	1.40845
0	1.41175
0	1.41312
0	1.41038
0	1.41559
0	1.41696
0	1.41559
0	1.41504
0	1.41614
0	1.41147
0	1.41312
0	1.41614
0	1.41614
0	1.41971
0	1.41532
0	1.41559
0	1.41669
0	1.41312
0	1.4123
0	1.40845
0	1.40873
0	1.41477
0	1.41834
0	1.41751
0	1.41614
0	1.41724
0	1.41532
0	1.41587
0	1.41696
0	1.42081
0	1.4263
0	1.42794
0	1.43398
0	1.43645
0	1.42987
0	1.43206
0	1.42492
0	1.42932
0	1.43041
0	1.43096
0	1.4274
0	1.42273
0	1.42987
0	1.42877
0	1.4252
0	1.4241
0	1.43041
0	1.42849
0	1.43261
0	1.42767
0	1.42657
0	1.42492
0	1.42822
0	1.42465
0	1.42191
0	1.42163
0	1.41998
0	1.42547
0	1.42547
0	1.42355
0	1.4274
0	1.42877
0	1.43069
0	1.43124
0	1.43179
0	1.43426
0	1.43536
0	1.43783
0	1.43837
0	1.43288
0	1.43343
0	1.43673
0	1.43645
0	1.43755
0	1.44085
0	1.4521
0	1.47543
0	1.465
0	1.45759
0	1.46143
0	1.45896
0	1.4532
0	1.44688
0	1.44963
0	1.44963
0	1.45155
0	1.44908
0	1.44222
0	1.44139
0	1.44304
0	1.4403
0	1.44359
0	1.44634
0	1.44688
0	1.44194
0	1.44441
0	1.44688
0	1.45018
0	1.451
0	1.4543
0	1.45622
0	1.45484
0	1.45567
0	1.46033
0	1.45457
0	1.44249
0	1.4403
0	1.43536
0	1.4381
0	1.44167
0	1.43645
0	1.43151
0	1.40214
0	1.35026
0	1.34889
0	1.33983
0	1.35465
0	1.34203
0	1.3434
0	1.34038
0	1.34532
0	1.34752
0	1.34669
0	1.35136
0	1.35575
0	1.36097
0	1.36618
0	1.36646
0	1.35959
0	1.36206
0	1.36289
0	1.36453
0	1.36179
0	1.36481
0	1.36206
0	1.36426
0	1.37195
0	1.3703
0	1.37771
0	1.37579
0	1.37167
0	1.37469
0	1.36591
0	1.36344
0	1.36755
0	1.36838
0	1.36453
0	1.36316
0	1.35822
0	1.35465
0	1.3552
0	1.36042
0	1.36124
0	1.35822
0	1.35383
0	1.35822
0	1.36042
0	1.36179
0	1.35959
0	1.3585
0	1.36014
0	1.35603
0	1.35685
0	1.3563
0	1.35685
0	1.34422
0	1.34779
0	1.3585
0	1.36069
0	1.35548
0	1.36042
0	1.36234
0	1.35575
0	1.34038
0	1.34257
0	1.34806
0	1.35108
0	1.35822
0	1.3585
0	1.35795
0	1.35218
0	1.34944
0	1.35465
0	1.35493
0	1.35273
0	1.3574
0	1.3563
0	1.34505
0	1.34971
0	1.35383
0	1.35712
0	1.35685
0	1.3585
0	1.36563
0	1.36344
0	1.36206
0	1.36426
0	1.36316
0	1.35932
0	1.36124
0	1.36755
0	1.36618
0	1.36563
0	1.36097
0	1.35932
0	1.35822
0	1.35328
0	1.35218
0	1.35877
0	1.35932
0	1.35246
0	1.35136
0	1.35548
0	1.3563
0	1.35795
0	1.35218
0	1.34944
0	1.34834
0	1.34834
0	1.34752
0	1.34532
0	1.34752
0	1.34697
0	1.3401
0	1.3445
0	1.34889
0	1.35108
0	1.3552
0	1.35355
0	1.34806
0	1.34697
0	1.34916
0	1.35246
0	1.34834
0	1.34587
0	1.34505
0	1.34257
0	1.33873
0	1.32473
0	1.32061
0	1.30524
0	1.30909
0	1.30881
0	1.29042
0	1.2896
0	1.29811
0	1.29646
0	1.28932
0	1.29701
0	1.28658
0	1.29289
0	1.29454
0	1.28822
0	1.2863
0	1.29399
0	1.29262
0	1.2885
0	1.29371
0	1.29426
0	1.29316
0	1.29316
0	1.29344
0	1.29509
0	1.29591
0	1.29811
0	1.29783
0	1.29509
0	1.29811
0	1.30113
0	1.29975
0	1.30058
0	1.30442
0	1.30881
0	1.29838
0	1.30195
0	1.30305
0	1.29865
0	1.29756
0	1.30003
0	1.29783
0	1.3003
0	1.29262
0	1.29124
0	1.29344
0	1.30058
0	1.30497
0	1.30305
0	1.30826
0	1.31348
0	1.31183
0	1.30305
0	1.30332
0	1.30305
0	1.30167
0	1.30387
0	1.29893
0	1.30058
0	1.30442
0	1.29344
0	1.28246
0	1.29042
0	1.28054
0	1.2896
0	1.29454
0	1.2885
0	1.29509
0	1.29207
0	1.29289
0	1.29097
0	1.29207
0	1.29564
0	1.29399
0	1.29399
0	1.29564
0	1.29042
0	1.28685
0	1.28273
0	1.28273
0	1.28109
0	1.28246
0	1.27834
0	1.28493
0	1.28164
0	1.28466
0	1.28466
0	1.28301
0	1.28932
0	1.28081
0	1.27752
0	1.28301
0	1.27889
0	1.27615
0	1.27285
0	1.27038
0	1.2745
0	1.26462
0	1.26626
0	1.26132
0	1.26791
0	1.26654
0	1.26873
0	1.25501
0	1.25281
0	1.25172
0	1.25638
0	1.2594
0	1.25419
0	1.25199
0	1.22152
0	1.22893
0	1.22838
0	1.22097
0	1.22509
0	1.22646
0	1.21932
0	1.21164
0	1.21905
0	1.22152
0	1.22125
0	1.21411
0	1.21932
0	1.21438
0	1.22152
0	1.22399
0	1.22564
0	1.22921
0	1.23168
0	1.23278
0	1.24046
0	1.23305
0	1.23058
0	1.22646
0	1.22399
0	1.22701
0	1.23332
0	1.2336
0	1.2336
0	1.23387
0	1.23113
0	1.23168
0	1.23195
0	1.23387
0	1.23607
0	1.23991
0	1.23799
0	1.23881
0	1.23909
0	1.23854
0	1.23717
0	1.23827
0	1.24266
0	1.25034
0	1.24238
0	1.24074
0	1.24293
0	1.24183
0	1.23991
0	1.24128
0	1.23991
0	1.23689
0	1.23689
0	1.23744
0	1.23909
0	1.23772
0	1.23936
0	1.24321
0	1.24705
0	1.24513
0	1.24238
0	1.24513
0	1.2443
0	1.2487
0	1.24815
0	1.2476
0	1.24623
0	1.24568
0	1.24485
0	1.2454
0	1.25007
0	1.25748
0	1.26928
0	1.2627
0	1.2583
0	1.26297
0	1.26517
0	1.27422
0	1.29618
0	1.29756
0	1.28822
0	1.2874
0	1.28411
0	1.28356
0	1.29344
0	1.29234
0	1.29454
0	1.28905
0	1.29399
0	1.29481
0	1.29591
0	1.3025
0	1.29564
0	1.29124
0	1.29097
0	1.29179
0	1.29509
0	1.29536
0	1.29289
0	1.28822
0	1.28713
0	1.28905
0	1.29069
0	1.28932
0	1.28877
0	1.29509
0	1.29399
0	1.29179
0	1.29975
0	1.29536
0	1.29289
0	1.29399
0	1.29509
0	1.29701
0	1.29673
0	1.29536
0	1.2896
0	1.2863
0	1.27642
0	1.27752
0	1.2863
0	1.28328
0	1.27724
0	1.27834
0	1.27807
0	1.27615
0	1.27779
0	1.27697
0	1.27917
0	1.28328
0	1.28164
0	1.28246
0	1.28273
0	1.28301
0	1.28383
0	1.28767
0	1.28603
0	1.28685
0	1.29097
0	1.29097
0	1.29207
0	1.29042
0	1.28932
0	1.29042
0	1.2874
0	1.28905
0	1.29234
0	1.29454
0	1.29179
0	1.2885
0	1.29179
0	1.29179
0	1.29042
0	1.28905
0	1.28685
0	1.2874
0	1.28658
0	1.27834
0	1.28164
0	1.27834
0	1.28109
0	1.28054
0	1.28246
0	1.28767
0	1.28548
0	1.2863
0	1.28466
0	1.28328
0	1.28054
0	1.28219
0	1.2863
0	1.28466
0	1.2852
0	1.28685
0	1.2896
0	1.2767
0	1.2734
0	1.26077
0	1.2627
0	1.26489
0	1.25858
0	1.26681
0	1.27093
0	1.26764
0	1.26873
0	1.26572
0	1.26517
0	1.2594
0	1.25501
0	1.25281
0	1.25528
0	1.24925
0	1.25199
0	1.25336
0	1.26352
0	1.26407
0	1.26791
0	1.27038
0	1.26819
0	1.26572
0	1.26517
0	1.26215
0	1.26297
0	1.26928
0	1.26077
0	1.26626
0	1.27258
0	1.27038
0	1.27175
0	1.27258
0	1.27395
0	1.2756
0	1.2767
0	1.27038
0	1.27862
0	1.32226
0	1.3165
0	1.31128
0	1.31183
0	1.30414
0	1.29509
0	1.29289
0	1.28685
0	1.28383
0	1.28877
0	1.28356
0	1.29097
0	1.29454
0	1.29097
0	1.28713
0	1.29371
0	1.29207
0	1.29701
0	1.29783
0	1.29618
0	1.29454
0	1.29756
0	1.29673
0	1.2896
0	1.27999
0	1.2745
0	1.2745
0	1.26873
0	1.26489
0	1.27121
0	1.25721
0	1.25885
0	1.26379
0	1.26544
0	1.26736
0	1.26873
0	1.27038
0	1.27093
0	1.27203
0	1.2723
0	1.2745
0	1.27862
0	1.27779
0	1.27917
0	1.27752
0	1.2734
0	1.27422
0	1.2756
0	1.27313
0	1.27148
0	1.26791
0	1.28026
0	1.27615
0	1.2756
0	1.2723
0	1.26105
0	1.26599
0	1.26379
0	1.26105
0	1.25858
0	1.25666
0	1.2583
0	1.25144
0	1.25254
0	1.2347
0	1.24266
0	1.24732
0	1.25172
0	1.25309
0	1.24732
0	1.25583
0	1.25226
0	1.25803
0	1.26023
0	1.2605
0	1.26379
0	1.26407
0	1.26846
0	1.26791
0	1.26681
0	1.26901
0	1.26654
0	1.26736
0	1.26242
0	1.26297
0	1.26681
0	1.27038
0	1.26928
0	1.26626
0	1.26901
0	1.27175
0	1.26928
0	1.26572
0	1.26819
0	1.26681
0	1.26407
0	1.25968
0	1.2616
0	1.26132
0	1.25913
0	1.25721
0	1.26901
0	1.26379
0	1.26077
0	1.2627
0	1.2594
0	1.26324
0	1.26324
0	1.26132
0	1.2627
0	1.26352
0	1.26105
0	1.26023
0	1.25501
0	1.25721
0	1.26105
0	1.26324
0	1.2627
0	1.26654
0	1.26105
0	1.25583
0	1.25803
0	1.25309
0	1.2454
0	1.2487
0	1.2465
0	1.2443
0	1.24376
0	1.25309
0	1.25364
0	1.25226
0	1.25419
0	1.25254
0	1.25172
0	1.2487
0	1.25034
0	1.2487
0	1.25391
0	1.25007
0	1.25391
0	1.25364
0	1.25336
0	1.25309
0	1.25226
0	1.25364
0	1.25638
0	1.25474
0	1.25474
0	1.25556
0	1.25199
0	1.25062
0	1.24595
0	1.24815
0	1.25666
0	1.25364
0	1.24787
0	1.2465
0	1.24623
0	1.24897
0	1.25172
0	1.25309
0	1.25254
0	1.25336
0	1.26242
0	1.26846
0	1.27121
0	1.26956
0	1.26654
0	1.26626
0	1.26572
0	1.27038
0	1.27148
0	1.27285
0	1.28383
0	1.28767
0	1.28767
0	1.2896
0	1.29262
0	1.29454
0	1.28685
0	1.28987
0	1.28795
0	1.2896
0	1.29069
0	1.28658
0	1.28767
0	1.29069
0	1.28932
0	1.28877
0	1.28932
0	1.29069
0	1.28575
0	1.28191
0	1.27944
0	1.28273
0	1.28438
0	1.28548
0	1.2852
0	1.2885
0	1.28877
0	1.29042
0	1.28822
0	1.28603
0	1.28383
0	1.28109
0	1.28438
0	1.28767
0	1.2896
0	1.2863
0	1.2874
0	1.2896
0	1.28932
0	1.29316
0	1.29097
0	1.28383
0	1.28301
0	1.28767
0	1.29152
0	1.28905
0	1.29152
0	1.28301
0	1.28548
0	1.28932
0	1.29042
0	1.29371
0	1.29289
0	1.29811
0	1.29811
0	1.30113
0	1.29426
0	1.29316
0	1.29975
0	1.30058
0	1.29756
0	1.30085
0	1.30113
0	1.29838
0	1.30195
0	1.31512
0	1.32336
0	1.32363
0	1.31595
0	1.31952
0	1.30991
0	1.31485
0	1.31265
0	1.30799
0	1.30744
0	1.30991
0	1.31375
0	1.30991
0	1.30689
0	1.31156
0	1.31073
0	1.30909
0	1.30689
0	1.30991
0	1.30909
0	1.30909
0	1.31101
0	1.30771
0	1.30991
0	1.31238
0	1.31101
0	1.31046
0	1.30826
0	1.28219
0	1.24513
0	1.23085
0	1.22646
0	1.22262
0	1.24238
0	1.24925
0	1.24403
0	1.24897
0	1.25034
0	1.26132
0	1.25885
0	1.25885
0	1.25474
0	1.25885
0	1.26489
0	1.26572
0	1.26654
0	1.26764
0	1.26983
0	1.2874
0	1.28191
0	1.28328
0	1.27944
0	1.27175
0	1.26654
0	1.26736
0	1.27313
0	1.27011
0	1.27121
0	1.27313
0	1.26956
0	1.2723
0	1.27121
0	1.26901
0	1.26901
0	1.26846
0	1.27093
0	1.2745
0	1.27395
0	1.27587
0	1.2756
0	1.2723
0	1.27121
0	1.27203
0	1.27148
0	1.26489
0	1.26572
0	1.26572
0	1.26599
0	1.26434
0	1.2616
0	1.26434
0	1.26132
0	1.25638
0	1.25501
0	1.25556
0	1.26242
0	1.25721
0	1.25666
0	1.25638
0	1.25968
0	1.25748
0	1.26215
0	1.26242
0	1.2594
0	1.26132
0	1.26187
0	1.25913
0	1.25638
0	1.25858
0	1.25693
0	1.25611
0	1.25583
0	1.25666
0	1.25803
0	1.25666
0	1.25885
0	1.25775
0	1.26023
0	1.26572
0	1.26023
0	1.2627
0	1.25885
0	1.26023
0	1.26023
0	1.26324
0	1.26544
0	1.26736
0	1.27258
0	1.2723
0	1.27368
0	1.27779
0	1.28767
0	1.28109
0	1.27642
0	1.27917
0	1.28356
0	1.28136
0	1.27724
0	1.27944
0	1.28273
0	1.28328
0	1.28493
0	1.28246
0	1.28054
0	1.27999
0	1.27917
0	1.28383
0	1.28383
0	1.2756
0	1.27971
0	1.27999
0	1.28081
0	1.28109
0	1.27697
0	1.27422
0	1.27477
0	1.27944
0	1.27752
0	1.27834
0	1.28301
0	1.27971
0	1.27422
0	1.2767
0	1.27752
0	1.28246
0	1.27999
0	1.27999
0	1.28466
0	1.28438
0	1.29838
0	1.3003
0	1.31238
0	1.3014
0	1.31018
0	1.32309
0	1.31458
0	1.30909
0	1.31238
0	1.30607
0	1.30277
0	1.30058
0	1.3003
0	1.3014
0	1.30195
0	1.30716
0	1.30497
0	1.29948
0	1.29042
0	1.29481
0	1.29783
0	1.29673
0	1.29426
0	1.29289
0	1.29371
0	1.29591
0	1.29811
0	1.29262
0	1.29069
0	1.29124
0	1.29124
0	1.29207
0	1.29481
0	1.29756
0	1.29756
0	1.29124
0	1.29316
0	1.29591
0	1.28191
0	1.28548
0	1.28905
0	1.28905
0	1.28548
0	1.28438
0	1.28273
0	1.2863
0	1.28713
0	1.28932
0	1.29152
0	1.2885
0	1.28795
0	1.29289
0	1.29399
0	1.29838
0	1.30167
0	1.30167
0	1.3003
0	1.29893
0	1.3025
0	1.30689
0	1.30552
0	1.30799
0	1.30716
0	1.30414
0	1.30579
0	1.30854
0	1.30936
0	1.30963
0	1.31458
0	1.31183
0	1.31485
0	1.31348
0	1.30854
0	1.30991
0	1.31211
0	1.31018
0	1.31018
0	1.30689
0	1.31485
0	1.3165
0	1.31485
0	1.3283
0	1.3165
0	1.31595
0	1.31211
0	1.3132
0	1.31595
0	1.3143
0	1.3165
0	1.31952
0	1.32061
0	1.32034
0	1.32226
0	1.32007
0	1.31924
0	1.31952
0	1.32034
0	1.32089
0	1.32089
0	1.32034
0	1.31897
0	1.31485
0	1.31265
0	1.3154
0	1.3154
0	1.31238
0	1.3132
0	1.31211
0	1.31293
0	1.31211
0	1.31375
0	1.31265
0	1.31128
0	1.30881
0	1.31156
0	1.31265
0	1.31046
0	1.31238
0	1.31293
0	1.31211
0	1.31156
0	1.30936
0	1.31046
0	1.31101
0	1.31293
0	1.31265
0	1.32144
0	1.31924
0	1.31869
0	1.31814
0	1.31732
0	1.31458
0	1.3165
0	1.32061
0	1.31787
0	1.32034
0	1.32061
0	1.32116
0	1.32089
0	1.31814
0	1.31622
0	1.31897
0	1.31814
0	1.31265
0	1.31458
0	1.31073
0	1.31265
0	1.31458
0	1.31348
0	1.31183
0	1.30579
0	1.30442
0	1.30799
0	1.30826
0	1.30936
0	1.31046
0	1.31211
0	1.31403
0	1.3143
0	1.3132
0	1.3143
0	1.31375
0	1.31156
0	1.31128
0	1.31183
0	1.31211
0	1.31375
0	1.31403
0	1.31293
0	1.31211
0	1.3132
0	1.31183
0	1.30881
0	1.30991
0	1.31101
0	1.31211
0	1.30854
0	1.30826
0	1.30579
0	1.30305
0	1.30442
0	1.30305
0	1.30222
0	1.30113
0	1.3014
0	1.30195
0	1.30442
0	1.30662
0	1.30497
0	1.3014
0	1.3025
0	1.30195
0	1.30332
0	1.3036
0	1.30497
0	1.30524
0	1.30607
0	1.30524
0	1.30524
0	1.30909
0	1.30991
0	1.30771
0	1.30854
0	1.30826
0	1.30744
0	1.30689
0	1.30552
0	1.30579
0	1.30552
0	1.30716
0	1.30826
0	1.30689
0	1.30607
0	1.30552
0	1.30771
0	1.30826
0	1.30909
0	1.30799
0	1.30579
0	1.30579
0	1.30524
0	1.30387
0	1.3025
0	1.30414
0	1.30387
0	1.30442
0	1.30277
0	1.30277
0	1.30332
0	1.30662
0	1.30662
0	1.30771
0	1.30689
0	1.30442
0	1.31018
0	1.31211
0	1.31622
0	1.31787
0	1.32007
0	1.31458
0	1.31622
0	1.3143
0	1.31622
0	1.31622
0	1.31732
0	1.31924
0	1.3176
0	1.3143
0	1.3154
0	1.31622
0	1.31485
0	1.3143
0	1.30909
0	1.30442
0	1.30634
0	1.30552
0	1.29179
0	1.29509
0	1.29536
0	1.29865
0	1.30113
0	1.30167
0	1.30058
0	1.30058
0	1.29948
0	1.29811
0	1.29756
0	1.2992
0	1.30167
0	1.30085
0	1.30167
0	1.29152
0	1.29564
0	1.29618
0	1.29481
0	1.29316
0	1.29097
0	1.29069
0	1.26544
0	1.27175
0	1.27422
0	1.27203
0	1.26956
0	1.26434
0	1.26846
0	1.27313
0	1.2745
0	1.27587
0	1.2767
0	1.27285
0	1.27697
0	1.27724
0	1.27724
0	1.27587
0	1.2756
0	1.27752
0	1.27615
0	1.2767
0	1.27532
0	1.27203
0	1.27422
0	1.27642
0	1.2767
0	1.27121
0	1.27258
0	1.27505
0	1.2734
0	1.27587
0	1.27615
0	1.27615
0	1.27532
0	1.27615
0	1.27697
0	1.27532
0	1.27642
0	1.27642
0	1.2756
0	1.27697
0	1.27724
0	1.2767
0	1.27752
0	1.27697
0	1.28081
0	1.27971
0	1.27917
0	1.27779
0	1.27258
0	1.2723
0	1.27285
0	1.2723
0	1.26983
0	1.26956
0	1.26489
0	1.2594
0	1.26023
0	1.26352
0	1.25666
0	1.25666
0	1.25995
0	1.26462
0	1.26352
0	1.25693
0	1.26077
0	1.25995
0	1.25995
0	1.26215
0	1.25803
0	1.26324
0	1.26077
0	1.26297
0	1.26215
0	1.26187
0	1.27038
0	1.26873
0	1.26681
0	1.26242
0	1.26709
0	1.27038
0	1.26983
0	1.27038
0	1.26983
0	1.26983
0	1.27313
0	1.27395
0	1.27642
0	1.2756
0	1.27532
0	1.27615
0	1.27477
0	1.27642
0	1.2745
0	1.27175
0	1.27066
0	1.26819
0	1.26983
0	1.26599
0	1.26819
0	1.26544
0	1.26489
0	1.26572
0	1.26324
0	1.25995
0	1.27313
0	1.27313
0	1.26928
0	1.27066
0	1.2734
0	1.27258
0	1.27642
0	1.27642
0	1.27697
0	1.27505
0	1.27724
0	1.27395
0	1.2756
0	1.27697
0	1.2756
0	1.27258
0	1.27148
0	1.2723
0	1.27422
0	1.27203
0	1.26819
0	1.2723
0	1.2723
0	1.27066
0	1.27313
0	1.27148
0	1.27121
0	1.26434
0	1.26489
0	1.26352
0	1.26654
0	1.26407
0	1.26489
0	1.26489
0	1.26599
0	1.26791
0	1.27175
0	1.26819
0	1.26709
0	1.26681
0	1.26626
0	1.26462
0	1.26379
0	1.27148
0	1.27148
0	1.26736
0	1.27121
0	1.27066
0	1.27203
0	1.26928
0	1.26434
0	1.26544
0	1.26297
0	1.2605
0	1.26324
0	1.26297
0	1.26544
0	1.26572
0	1.26819
0	1.26901
0	1.27121
0	1.27313
0	1.27422
0	1.2756
0	1.27422
0	1.27175
0	1.27285
0	1.27532
0	1.27834
0	1.27368
0	1.27505
0	1.27615
0	1.27697
0	1.2767
0	1.27642
0	1.27642
0	1.27697
0	1.27615
0	1.27313
0	1.27532
0	1.27642
0	1.27505
0	1.2745
0	1.27477
0	1.27203
0	1.27066
0	1.26873
0	1.26901
0	1.26764
0	1.26846
0	1.26489
0	1.26819
0	1.27285
0	1.27285
0	1.2734
0	1.27368
0	1.27066
0	1.26846
0	1.26407
0	1.26352
0	1.2616
0	1.26297
0	1.26023
0	1.26105
0	1.25748
0	1.25638
0	1.25885
0	1.25995
0	1.26242
0	1.2627
0	1.26352
0	1.26379
0	1.2605
0	1.25775
0	1.25775
0	1.26023
0	1.26132
0	1.26297
0	1.26324
0	1.26187
0	1.2583
0	1.25556
0	1.25583
0	1.25254
0	1.25172
0	1.25446
0	1.25474
0	1.25446
0	1.25144
0	1.24952
0	1.24293
0	1.24238
0	1.23854
0	1.23881
0	1.24321
0	1.24183
0	1.24376
0	1.24485
0	1.24046
0	1.24183
0	1.24211
0	1.24101
0	1.24211
0	1.24046
0	1.24101
0	1.24348
0	1.24156
0	1.24321
0	1.23881
0	1.23991
0	1.23799
0	1.24238
0	1.25034
0	1.24485
0	1.24979
0	1.24815
0	1.25034
0	1.25391
0	1.24842
0	1.24925
0	1.24979
0	1.24897
0	1.25419
0	1.25391
0	1.25172
0	1.25391
0	1.25666
0	1.26544
0	1.27121
0	1.27175
0	1.27313
0	1.27422
0	1.27532
0	1.27587
0	1.27422
0	1.27313
0	1.26983
0	1.27148
0	1.26654
0	1.26572
0	1.26599
0	1.26626
0	1.26819
0	1.26489
0	1.26572
0	1.26599
0	1.26517
0	1.26901
0	1.27148
0	1.27175
0	1.27038
0	1.26791
0	1.26873
0	1.27422
0	1.27175
0	1.27258
0	1.27368
0	1.27313
0	1.27368
0	1.27422
0	1.2745
0	1.27368
0	1.27066
0	1.26791
0	1.26517
0	1.27011
0	1.26626
0	1.26956
0	1.26764
0	1.26681
0	1.26599
0	1.26434
0	1.26324
0	1.26489
0	1.26434
0	1.26105
0	1.25995
0	1.25995
0	1.26215
0	1.26352
0	1.26517
0	1.26544
0	1.26709
0	1.26599
0	1.26626
0	1.2627
0	1.26434
0	1.26352
0	1.26132
0	1.2605
0	1.26462
0	1.26105
0	1.25391
0	1.25721
0	1.25583
0	1.25611
0	1.25309
0	1.25501
0	1.2583
0	1.25583
0	1.25364
0	1.25144
0	1.25144
0	1.25254
0	1.25254
0	1.25226
0	1.25364
0	1.25364
0	1.25775
0	1.25775
0	1.25748
0	1.25721
0	1.25885
0	1.25913
0	1.25748
0	1.25528
0	1.25995
0	1.26023
0	1.2605
0	1.2594
0	1.26077
0	1.26242
0	1.26242
0	1.26187
0	1.26023
0	1.26105
0	1.26105
0	1.26297
0	1.26187
0	1.26297
0	1.26434
0	1.26599
0	1.26379
0	1.26489
0	1.26572
0	1.26764
0	1.26819
0	1.26956
0	1.26791
0	1.26681
0	1.27368
0	1.27258
0	1.26983
0	1.27093
0	1.2734
0	1.2723
0	1.27368
0	1.2745
0	1.2745
0	1.27285
0	1.27505
0	1.27505
0	1.2723
0	1.27313
0	1.26736
0	1.26956
0	1.26983
0	1.26901
0	1.27066
0	1.27148
0	1.27285
0	1.2723
0	1.26983
0	1.26846
0	1.26599
0	1.26462
0	1.26599
0	1.26846
0	1.26407
0	1.26132
0	1.2627
0	1.25968
0	1.25968
0	1.2616
0	1.26077
0	1.26242
0	1.2605
0	1.26434
0	1.26791
0	1.26434
0	1.26462
0	1.26517
0	1.26709
0	1.26489
0	1.25913
0	1.25995
0	1.26132
0	1.26242
0	1.26846
0	1.26572
0	1.26901
0	1.26407
0	1.27093
0	1.26819
0	1.26489
0	1.26846
0	1.26791
0	1.27093
0	1.27697
0	1.27724
0	1.27505
0	1.27697
0	1.2756
0	1.2745
0	1.27724
0	1.27807
0	1.2852
0	1.28301
0	1.27834
0	1.27752
0	1.27779
0	1.28136
0	1.2852
0	1.28219
0	1.28246
0	1.28164
0	1.28191
0	1.27999
0	1.28328
0	1.28301
0	1.28191
0	1.28081
0	1.28301
0	1.27944
0	1.28301
0	1.28328
0	1.28191
0	1.28301
0	1.28081
0	1.28219
0	1.27917
0	1.27944
0	1.28356
0	1.28109
0	1.27697
0	1.27642
0	1.27697
0	1.2756
0	1.2723
0	1.27175
0	1.27285
0	1.27313
0	1.27203
0	1.27066
0	1.27066
0	1.27121
0	1.27368
0	1.27203
0	1.27175
0	1.27121
0	1.2745
0	1.27285
0	1.27175
0	1.27203
0	1.27477
0	1.2734
0	1.27258
0	1.27175
0	1.27066
0	1.27148
0	1.26873
0	1.26873
0	1.26489
0	1.26572
0	1.26599
0	1.26819
0	1.26764
0	1.26654
0	1.26709
0	1.26489
0	1.26654
0	1.26517
0	1.26681
0	1.26626
0	1.26626
0	1.26489
0	1.26764
0	1.26709
0	1.26681
0	1.26297
0	1.26105
0	1.26132
0	1.25885
0	1.25611
0	1.25556
0	1.25666
0	1.2487
0	1.24897
0	1.24787
0	1.24513
0	1.24732
0	1.24815
0	1.2487
0	1.24705
0	1.24842
0	1.24897
0	1.24732
0	1.2487
0	1.24842
0	1.25117
0	1.25281
0	1.25309
0	1.25583
0	1.25995
0	1.2605
0	1.25748
0	1.25775
0	0.4578
