0	1
0	1.00082
0	1.0022
0	1.00192
0	1.00412
0	1.00274
0	1.00439
0	1.00467
0	1.00357
0	1.00604
0	1.00851
0	1.00769
0	1.00714
0	1.00851
0	1.0118
0	1.01125
0	1.01153
0	1.01318
0	1.01345
0	1.01455
0	1.01729
0	1.01812
0	1.02169
0	1.02416
0	1.02223
0	1.02086
0	1.02031
0	1.02223
0	1.01867
0	1.02086
0	1.01894
0	1.02086
0	1.02251
0	1.02114
0	1.01867
0	1.02086
0	1.01921
0	1.01921
0	1.01894
0	1.01674
0	1.01565
0	1.01537
0	1.01427
0	1.01455
0	1.0129
0	1.0118
0	1.01071
0	1.0162
0	1.01647
0	1.0129
0	1.00769
0	1.01043
0	1.01318
0	1.01263
0	1.01071
0	1.01098
0	1.01125
0	1.01043
0	1.01071
0	1.01592
0	1.0129
0	1.0118
0	1.01153
0	1.0118
0	1.01537
0	1.01565
0	1.01757
0	1.02031
0	1.01949
0	1.02169
0	1.02223
0	1.01729
0	1.01345
0	1.01647
0	1.01482
0	1.0129
0	1.0118
0	1.01427
0	1.01345
0	1.01345
0	1.01098
0	1.01208
0	1.014
0	1.01674
0	1.01867
0	1.01921
0	1.01482
0	1.01592
0	1.014
0	1.01894
0	1.01784
0	1.02553
0	1.02361
0	1.02498
0	1.02718
0	1.02827
0	1.02772
0	1.02855
0	1.02388
0	1.02388
0	1.02827
0	1.03541
0	1.03267
0	1.04474
0	1.04392
0	1.0409
0	1.03953
0	1.03843
0	1.03321
0	1.03486
0	1.03431
0	1.03184
0	1.03733
0	1.03596
0	1.03678
0	1.03486
0	1.0409
0	1.0409
0	1.04227
0	1.0431
0	1.04557
0	1.04557
0	1.04392
0	1.04145
0	1.04502
0	1.04694
0	1.04859
0	1.042
0	1.04557
0	1.0527
0	1.05078
0	1.04776
0	1.04447
0	1.04419
0	1.04666
0	1.0431
0	1.042
0	1.04529
0	1.04337
0	1.04776
0	1.05435
0	1.04968
0	1.04666
0	1.04117
0	1.0387
0	1.03925
0	1.03376
0	1.03431
0	1.03486
0	1.03651
0	1.03486
0	1.03761
0	1.04008
0	1.04474
0	1.03953
0	1.04117
0	1.04365
0	1.0431
0	1.04447
0	1.03953
0	1.03678
0	1.03129
0	1.02306
0	1.02663
0	1.03321
0	1.02992
0	1.03212
0	1.03184
0	1.03102
0	1.03596
0	1.03294
0	1.03459
0	1.03788
0	1.03925
0	1.03953
0	1.04419
0	1.04172
0	1.04557
0	1.05298
0	1.05243
0	1.05929
0	1.05655
0	1.05572
0	1.06066
0	1.06204
0	1.06808
0	1.06231
0	1.06313
0	1.06259
0	1.06972
0	1.07466
0	1.08811
0	1.09333
0	1.09113
0	1.08509
0	1.08262
0	1.07713
0	1.07137
0	1.07302
0	1.08702
0	1.08455
0	1.08427
0	1.08949
0	1.08976
0	1.08509
0	1.08043
0	1.08757
0	1.08647
0	1.09058
0	1.09333
0	1.08372
0	1.07631
0	1.07411
0	1.07274
0	1.07768
0	1.07796
0	1.08015
0	1.08455
0	1.08647
0	1.08345
0	1.09031
0	1.09086
0	1.08729
0	1.08921
0	1.09086
0	1.08043
0	1.07741
0	1.07494
0	1.07576
0	1.07411
0	1.06259
0	1.06561
0	1.07796
0	1.06808
0	1.06753
0	1.06149
0	1.06561
0	1.06972
0	1.08098
0	1.07549
0	1.06945
0	1.07192
0	1.07659
0	1.06808
0	1.07384
0	1.07164
0	1.07137
0	1.06945
0	1.07494
0	1.07027
0	1.06698
0	1.06753
0	1.06862
0	1.06423
0	1.06066
0	1.06533
0	1.06478
0	1.06259
0	1.06176
0	1.06835
0	1.06862
0	1.07137
0	1.06753
0	1.06808
0	1.06945
0	1.07027
0	1.07192
0	1.07137
0	1.07604
0	1.08043
0	1.07686
0	1.07576
0	1.07357
0	1.07823
0	1.08372
0	1.08098
0	1.08345
0	1.0829
0	1.08043
0	1.08317
0	1.0796
0	1.07988
0	1.07906
0	1.07768
0	1.07768
0	1.08208
0	1.08455
0	1.08427
0	1.08153
0	1.0829
0	1.08372
0	1.08427
0	1.08757
0	1.084
0	1.07988
0	1.07878
0	1.0807
0	1.08235
0	1.07906
0	1.07933
0	1.07384
0	1.06917
0	1.06451
0	1.06341
0	1.06149
0	1.06094
0	1.06506
0	1.06368
0	1.0689
0	1.06286
0	1.06286
0	1.05545
0	1.04474
0	1.0387
0	1.0398
0	1.03074
0	1.03047
0	1.01812
0	1.00165
0	1.00714
0	1.01235
0	1.01345
0	1.00933
0	1.02223
0	1.02361
0	1.02772
0	1.02663
0	1.02388
0	1.02114
0	1.02223
0	1.01729
0	1.01263
0	1.01482
0	1.01043
0	1.01071
0	1.00933
0	1.00961
0	1.0151
0	1.01674
0	1.0118
0	1.00933
0	1.01372
0	1.01647
0	1.02114
0	1.02388
0	1.0269
0	1.02663
0	1.02827
0	1.02745
0	1.02553
0	1.01894
0	1.01949
0	1.02059
0	1.01894
0	1.02169
0	1.01839
0	1.01235
0	1.01016
0	1.01043
0	1.00933
0	1.0162
0	1.0151
0	1.01674
0	1.0151
0	1.01098
0	1.01043
0	1.01427
0	1.01098
0	1.01098
0	0.999451
0	1.0011
0	0.998902
0	0.989295
0	0.985726
0	0.990942
0	0.997255
0	0.992589
0	0.993138
0	0.992314
0	0.996157
0	0.998902
0	0.999451
0	1.0011
0	1.00165
0	1.00412
0	1.0162
0	1.01894
0	1.00906
0	1.01372
0	1.0011
0	1.00823
0	1.00686
0	1.00686
0	1.00933
0	1.01263
0	1.0129
0	1.01674
0	1.014
0	1.00933
0	1.00549
0	1.00467
0	1.00604
0	1.00192
0	1.00522
0	1.00137
0	1.00329
0	1.00192
0	1.00631
0	1.00329
0	1.00494
0	1.01098
0	1.01372
0	1.014
0	1.01208
0	1.014
0	1.01345
0	1.0118
0	1.00851
0	1.0151
0	1.01702
0	1.01812
0	1.01482
0	1.01729
0	1.01784
0	1.01702
0	1.01729
0	1.01565
0	1.01372
0	1.01372
0	1.01208
0	1.01482
0	1.01784
0	1.01839
0	1.02498
0	1.02251
0	1.02031
0	1.01812
0	1.01812
0	1.01592
0	1.01263
0	1.01318
0	1.01482
0	1.01235
0	1.00549
0	1.00714
0	1.00741
0	1.00961
0	1.01235
0	1.01372
0	1.01318
0	1.01482
0	1.01208
0	1.01098
0	1.00933
0	1.01016
0	1.00851
0	1.01043
0	0.99451
0	0.995334
0	0.99204
0	0.99451
0	1.00329
0	0.998079
0	0.998079
0	1.00055
0	0.998353
0	0.998902
0	0.998079
0	0.999451
0	0.996706
0	0.992589
0	0.991491
0	0.995334
0	0.990393
0	0.993138
0	0.992314
0	0.994236
0	0.993412
0	0.989295
0	0.988471
0	0.987922
0	0.988471
0	0.988746
0	0.988746
0	0.990393
0	0.99204
0	0.991216
0	0.988197
0	0.991491
0	0.993412
0	0.992863
0	0.990667
0	0.989844
0	0.991491
0	0.989295
0	0.988471
0	0.991491
0	0.993961
0	0.995059
0	0.992863
0	0.994785
0	0.993138
0	0.993412
0	0.99204
0	0.993961
0	0.993687
0	0.993687
0	0.992863
0	0.993961
0	0.998079
0	0.998079
0	0.996432
0	0.994236
0	0.994785
0	0.994236
0	0.994785
0	0.994785
0	0.993961
0	0.992589
0	0.992863
0	0.994236
0	0.996981
0	0.998628
0	0.997804
0	0.998353
0	0.995883
0	1.00055
0	0.999451
0	0.998353
0	0.995883
0	0.99753
0	0.993961
0	0.993961
0	0.994236
0	0.99753
0	0.99753
0	0.995059
0	0.997255
0	0.996706
0	0.99451
0	0.993961
0	0.996432
0	0.995883
0	0.995883
0	0.996981
0	0.995883
0	0.993412
0	0.99451
0	0.995059
0	0.993961
0	0.992314
0	0.991216
0	0.991216
0	0.990118
0	0.987099
0	0.984079
0	0.984903
0	0.983256
0	0.983805
0	0.984903
0	0.98655
0	0.985452
0	0.984628
0	0.984628
0	0.986001
0	0.987099
0	0.987648
0	0.988471
0	0.989844
0	0.990667
0	0.989569
0	0.98353
0	0.98353
0	0.981883
0	0.981883
0	0.981609
0	0.979962
0	0.979138
0	0.974472
0	0.971727
0	0.968433
0	0.968982
0	0.965962
0	0.968982
0	0.965413
0	0.963492
0	0.967335
0	0.963766
0	0.957453
0	0.959374
0	0.963217
0	0.963492
0	0.973923
0	0.977491
0	0.981334
0	0.976942
0	0.986824
0	0.991216
0	0.989295
0	0.992314
0	0.98353
0	0.981609
0	0.978315
0	0.983805
0	0.987099
0	0.990393
0	0.991765
0	0.989295
0	0.990118
0	0.989569
0	0.993412
0	0.989295
0	1.01208
0	1.00988
0	1.00549
0	1.01153
0	1.01345
0	1.01482
0	1.01949
0	1.01071
0	1.02031
0	1.02827
0	1.02333
0	1.02004
0	1.01812
0	1.01702
0	1.01592
0	1.01729
0	1.01235
0	1.01235
0	1.01016
0	1.00796
0	1.00631
0	1.00851
0	1.00549
0	1.01098
0	1.01071
0	1.00714
0	1.00823
0	1.01098
0	1.00988
0	1.01016
0	1.01208
0	1.00686
0	1.00906
0	1.00878
0	1.00823
0	1.00933
0	1.01071
0	1.01125
0	1.00878
0	1.00494
0	1.00604
0	1.00247
0	0.995608
0	0.998353
0	0.990118
0	0.983256
0	0.982981
0	0.984354
0	0.990118
0	0.990942
0	0.992863
0	0.990118
0	0.989844
0	0.98655
0	0.988471
0	0.984628
0	0.98353
0	0.982158
0	0.985726
0	0.99204
0	0.990667
0	0.987099
0	0.992314
0	1.00494
0	1.01345
0	1.01674
0	1.01949
0	1.02937
0	1.04172
0	1.02635
0	1.02416
0	1.02663
0	1.02223
0	1.02306
0	1.01894
0	1.01537
0	1.01921
0	1.02031
0	1.01647
0	1.01812
0	1.02141
0	1.02361
0	1.02278
0	1.02196
0	1.01921
0	1.02251
0	1.02031
0	1.01867
0	1.01647
0	1.02004
0	1.01976
0	1.02278
0	1.02169
0	1.02031
0	1.02114
0	1.02772
0	1.02745
0	1.0258
0	1.02608
0	1.02251
0	1.01812
0	1.02196
0	1.02223
0	1.01647
0	1.01729
0	1.01537
0	1.01427
0	1.0129
0	1.0162
0	1.01537
0	1.01647
0	1.01455
0	1.01345
0	1.0162
0	1.0151
0	1.01455
0	1.01482
0	1.01729
0	1.01812
0	1.01757
0	1.01729
0	1.01537
0	1.01812
0	1.02278
0	1.01482
0	1.01043
0	1.01043
0	1.01153
0	1.0151
0	1.01318
0	1.01427
0	1.01537
0	1.01263
0	1.01098
0	1.00988
0	1.0022
0	1.00906
0	1.00796
0	1.00604
0	1.00549
0	1.00329
0	1.00659
0	1.00741
0	1.00631
0	1.00823
0	1.00878
0	1.0118
0	1.01071
0	1.00961
0	1.01016
0	1.00933
0	1.00823
0	1.00686
0	1.02635
0	1.03953
0	1.04666
0	1.03596
0	1.03925
0	1.04063
0	1.04117
0	1.05078
0	1.05023
0	1.05243
0	1.05874
0	1.05078
0	1.05463
0	1.0549
0	1.056
0	1.04365
0	1.04831
0	1.05078
0	1.04886
0	1.04447
0	1.04365
0	1.04694
0	1.03733
0	1.04639
0	1.04365
0	1.03514
0	1.0269
0	1.02608
0	1.02745
0	1.03541
0	1.03349
0	1.03568
0	1.028
0	1.0269
0	1.01729
0	1.01674
0	1.01867
0	1.02114
0	1.02416
0	1.02031
0	1.02361
0	1.02608
0	1.02498
0	1.02553
0	1.02663
0	1.02223
0	1.01949
0	1.01565
0	1.01812
0	1.02196
0	1.02361
0	1.0269
0	1.0269
0	1.0247
0	1.02416
0	1.0269
0	1.02772
0	1.02718
0	1.02718
0	1.02388
0	1.0258
0	1.02663
0	1.02663
0	1.02937
0	1.02772
0	1.02772
0	1.03102
0	1.0291
0	1.02608
0	1.02388
0	1.02196
0	1.02443
0	1.02608
0	1.02278
0	1.01949
0	1.02223
0	1.02498
0	1.02635
0	1.02553
0	1.02333
0	1.02196
0	1.02223
0	1.02223
0	1.0162
0	1.01372
0	1.01427
0	1.01345
0	1.01153
0	1.01372
0	1.01153
0	1.00769
0	1.0011
0	1.00796
0	1.01125
0	1.00714
0	1.00576
0	1.00439
0	1.00796
0	1.01208
0	1.01043
0	1.00631
0	1
0	1.00137
0	0.999726
0	0.991491
0	0.99753
0	0.998079
0	0.993961
0	0.988746
0	0.990118
0	0.989569
0	0.988746
0	0.986001
0	0.981609
0	0.987648
0	0.988197
0	0.985452
0	0.985177
0	0.982432
0	0.989844
0	0.993412
0	0.996157
0	0.993687
0	0.995883
0	0.98902
0	0.991216
0	0.985452
0	0.989569
0	0.992314
0	0.990118
0	0.991491
0	0.990942
0	0.993687
0	0.991491
0	0.993687
0	0.989844
0	0.987373
0	0.985726
0	0.986001
0	0.986275
0	0.984628
0	0.985177
0	0.987099
0	0.98655
0	0.982981
0	0.979687
0	0.982158
0	0.984628
0	0.984628
0	0.987373
0	0.991765
0	0.990667
0	0.99204
0	0.992863
0	0.990667
0	0.99451
0	0.994785
0	0.993961
0	0.993687
0	0.994785
0	0.995608
0	0.996157
0	0.99753
0	0.999177
0	0.999451
0	1.00082
0	1.0022
0	1.00165
0	0.999177
0	1.00027
0	1
0	1.00082
0	0.999177
0	0.997804
0	0.995883
0	0.994785
0	0.996706
0	0.995608
0	0.992589
0	0.991216
0	0.998353
0	0.994785
0	0.995334
0	0.995334
0	0.998079
0	1
0	0.995608
0	0.996432
0	0.993961
0	0.995059
0	0.991765
0	0.99451
0	0.988746
0	0.988746
0	0.989844
0	0.986824
0	0.990667
0	0.994236
0	0.994785
0	0.997255
0	0.99753
0	0.995608
0	0.992863
0	0.993138
0	0.995334
0	0.996157
0	0.997255
0	0.996432
0	0.996157
0	0.997804
0	0.995883
0	0.996981
0	0.99753
0	0.99753
0	0.999177
0	0.999451
0	0.999726
0	1
0	0.999726
0	1.00274
0	1.00247
0	1.00412
0	1.00274
0	1.00357
0	1.00192
0	0.995059
0	0.996432
0	0.999177
0	1.0022
0	0.998628
0	1.00055
0	1.00137
0	1.00137
0	1.00165
0	1.00192
0	1.00165
0	1.00329
0	1.0011
0	0.998079
0	0.996706
0	0.99451
0	0.995883
0	0.996981
0	1.00384
0	1.00439
0	1.00796
0	1.01016
0	1.0129
0	1.00659
0	1.00741
0	1.00769
0	1.00961
0	1.00988
0	1.01235
0	1.01098
0	1.00988
0	1.00851
0	1.00961
0	1.01071
0	1.01016
0	1.00796
0	1.00906
0	1.00961
0	1.00851
0	1.01235
0	1.01482
0	1.01208
0	1.01125
0	1.0129
0	1.01235
0	1.01372
0	1.01153
0	1.00851
0	1.00769
0	1.00988
0	1.01043
0	1.01263
0	1.01592
0	1.01702
0	1.02114
0	1.02361
0	1.02443
0	1.02361
0	1.02855
0	1.03431
0	1.03514
0	1.02718
0	1.0269
0	1.0247
0	1.02553
0	1.02772
0	1.02663
0	1.042
0	1.03074
0	1.03239
0	1.02169
0	1.0151
0	1.01921
0	1.01976
0	1.01455
0	1.01125
0	1.01537
0	1.01757
0	1.01427
0	1.014
0	1.0129
0	1.02031
0	1.01949
0	1.02114
0	1.02498
0	1.01976
0	1.02169
0	1.02278
0	1.02498
0	1.02718
0	1.02827
0	1.0291
0	1.0291
0	1.02663
0	1.02663
0	1.0247
0	1.02827
0	1.02827
0	1.0269
0	1.03212
0	1.03102
0	1.0291
0	1.03404
0	1.04117
0	1.0398
0	1.04282
0	1.03843
0	1.04008
0	1.04255
0	1.03953
0	1.03459
1	1.03816
1	1.04529
1	1.04666
1	1.05819
1	1.05188
-1	1.05161
-1	1.05078
-1	1.05243
-1	1.05188
-1	1.04968
-1	1.056
-1	1.05627
-1	1.05572
-1	1.05325
-1	1.04996
-1	1.05764
-1	1.05353
-1	1.04831
-1	1.04749
-1	1.05161
-1	1.05215
-1	1.05243
-1	1.05161
-1	1.05051
-1	1.04804
-1	1.05188
-1	1.04749
-1	1.04529
-1	1.04776
-1	1.04666
-1	1.03541
-1	1.0409
-1	1.04063
-1	1.04008
-1	1.03925
-1	1.04145
-1	1.04447
-1	1.04584
-1	1.04502
-1	1.04831
-1	1.05161
-1	1.05161
-1	1.04996
-1	1.05133
-1	1.04859
-1	1.05078
-1	1.04612
-1	1.04584
-1	1.04804
-1	1.05078
-1	1.04859
-1	1.04749
-1	1.04365
-1	1.04365
-1	1.04612
-1	1.04886
-1	1.04557
-1	1.04804
-1	1.04282
-1	1.03816
-1	1.0269
-1	1.03459
-1	1.03541
-1	1.028
-1	1.03239
-1	1.03843
-1	1.03404
-1	1.02855
-1	1.03349
-1	1.03678
-1	1.03843
-1	1.04035
-1	1.0431
-1	1.04255
-1	1.0431
-1	1.04474
-1	1.0431
-1	1.04035
-1	1.03651
-1	1.03761
-1	1.04145
-1	1.04008
-1	1.04035
-1	1.03843
-1	1.03349
-1	1.03404
-1	1.03596
-1	1.03761
-1	1.0291
-1	1.02718
-1	1.02937
-1	1.02169
-1	1.02278
-1	1.02635
-1	1.03184
-1	1.03321
-1	1.03239
-1	1.03239
-1	1.02992
-1	1.03294
-1	1.03404
-1	1.03239
-1	1.03184
-1	1.03486
-1	1.03321
-1	1.03321
-1	1.03349
-1	1.03239
-1	1.03459
-1	1.03486
-1	1.03514
-1	1.03431
-1	1.03514
-1	1.03706
-1	1.03925
-1	1.04063
-1	1.04255
-1	1.05819
-1	1.04941
-1	1.04392
-1	1.04859
-1	1.04886
-1	1.03596
-1	1.04063
-1	1.04172
-1	1.04117
-1	1.03788
-1	1.04337
-1	1.04584
-1	1.04117
-1	1.04337
-1	1.04365
-1	1.04776
-1	1.04694
-1	1.05215
-1	1.0527
-1	1.05902
-1	1.07494
-1	1.06533
-1	1.07851
-1	1.08208
-1	1.0796
-1	1.08015
-1	1.08208
-1	1.0807
-1	1.08427
-1	1.08317
-1	1.08921
-1	1.08537
-1	1.08125
-1	1.08509
-1	1.08235
-1	1.07604
1	1.07741
1	1.07549
1	1.07466
1	1.07604
1	1.07549
1	1.07604
1	1.07906
1	1.08317
1	1.08427
1	1.08098
1	1.07659
1	1.07768
1	1.07521
1	1.07659
1	1.07659
1	1.08015
1	1.08043
1	1.08345
1	1.08372
1	1.07988
1	1.08262
1	1.07906
1	1.07357
1	1.06506
1	1.06204
1	1.06835
1	1.07
1	1.07466
1	1.07137
1	1.07659
1	1.07466
1	1.07631
1	1.07494
1	1.07713
1	1.07576
1	1.06862
1	1.05874
1	1.06643
1	1.06506
1	1.06149
1	1.06149
1	1.06588
1	1.06423
1	1.06725
1	1.06945
1	1.07027
1	1.06917
1	1.05572
1	1.06204
1	1.06066
1	1.05133
1	1.04886
1	1.04474
1	1.04529
1	1.04584
1	1.04584
1	1.04474
1	1.04776
1	1.04804
1	1.04694
1	1.04968
1	1.05188
1	1.04886
1	1.04255
1	1.04502
1	1.05051
1	1.04337
1	1.05161
1	1.0527
1	1.05023
1	1.05298
1	1.04996
1	1.05353
1	1.04886
1	1.04804
1	1.04721
1	1.04804
1	1.04639
1	1.04227
1	1.04419
1	1.04666
1	1.04612
1	1.05023
1	1.04886
1	1.04914
1	1.04694
1	1.04968
1	1.04941
1	1.04941
1	1.04474
1	1.04392
1	1.0409
1	1.04172
1	1.042
1	1.04337
1	1.04419
1	1.04529
1	1.04227
1	1.04502
1	1.0431
1	1.04035
1	1.04063
1	1.03843
1	1.03623
1	1.02663
1	1.03212
1	1.02965
1	1.03102
1	1.0247
1	1.0269
1	1.03074
1	1.03267
1	1.03267
1	1.03157
1	1.02278
1	1.02525
1	1.02882
1	1.03349
1	1.03349
1	1.03459
1	1.03541
1	1.03761
1	1.03596
1	1.03349
1	1.03514
1	1.02937
1	1.02965
1	1.03376
1	1.03321
1	1.03102
1	1.0269
1	1.02361
1	1.02498
1	1.02882
1	1.03486
1	1.03788
1	1.03706
1	1.03267
1	1.03678
1	1.04145
1	1.04365
1	1.04776
1	1.04941
1	1.05023
1	1.04721
1	1.04694
1	1.04255
1	1.04612
1	1.04776
1	1.05106
1	1.04666
1	1.05051
1	1.05023
1	1.04996
1	1.05627
1	1.04886
1	1.05627
1	1.05435
1	1.05764
1	1.05902
1	1.05325
1	1.0398
1	1.04529
1	1.04584
1	1.06121
1	1.05874
1	1.0538
1	1.06423
1	1.05874
1	1.06204
1	1.06149
1	1.06259
1	1.06259
1	1.06423
1	1.06725
1	1.06561
1	1.06862
1	1.06808
1	1.07549
1	1.07411
1	1.07357
1	1.07247
1	1.07659
1	1.08619
1	1.08647
1	1.08921
1	1.14878
1	1.16195
1	1.1529
1	1.15235
1	1.15976
1	1.16662
1	1.1669
1	1.16662
1	1.16635
1	1.17513
1	1.17733
1	1.18776
1	1.21164
1	1.20176
1	1.21191
1	1.25858
1	1.25117
-1	1.22838
-1	1.2465
-1	1.24952
-1	1.23964
-1	1.23607
-1	1.23854
-1	1.24952
-1	1.27038
-1	1.3003
-1	1.30222
-1	1.29289
-1	1.31595
-1	1.34834
-1	1.34422
-1	1.28575
-1	1.27642
-1	1.27889
-1	1.29316
-1	1.29591
-1	1.28603
-1	1.25528
-1	1.26764
-1	1.26215
-1	1.27532
-1	1.27752
-1	1.28905
-1	1.28822
-1	1.2896
-1	1.26077
-1	1.26379
-1	1.26489
-1	1.26407
-1	1.24321
-1	1.24485
-1	1.2594
-1	1.2627
-1	1.2594
-1	1.26242
-1	1.27093
-1	1.26324
-1	1.26654
-1	1.25858
-1	1.27011
-1	1.2767
-1	1.28081
-1	1.29015
-1	1.28219
-1	1.27422
-1	1.2756
-1	1.28795
-1	1.27779
-1	1.26599
-1	1.26791
-1	1.26928
-1	1.25611
-1	1.25638
-1	1.25144
-1	1.25062
-1	1.25446
-1	1.2583
-1	1.2465
-1	1.23964
-1	1.22729
-1	1.22564
-1	1.23634
-1	1.22838
-1	1.23881
-1	1.24403
-1	1.23579
-1	1.23607
-1	1.23827
-1	1.23772
-1	1.21795
-1	1.21576
-1	1.22427
-1	1.21713
-1	1.20944
-1	1.21219
-1	1.21685
-1	1.2196
-1	1.21466
-1	1.21685
-1	1.22152
-1	1.22125
-1	1.2336
-1	1.22207
-1	1.21658
-1	1.21054
-1	1.20642
-1	1.19435
-1	1.18858
-1	1.19819
-1	1.20313
-1	1.19709
-1	1.19489
-1	1.20285
-1	1.19709
-1	1.20176
-1	1.20176
-1	1.2056
-1	1.20148
-1	1.19462
-1	1.17129
-1	1.17321
-1	1.15043
-1	1.12984
1	1.13862
1	1.15839
1	1.15921
1	1.16388
1	1.16744
1	1.15839
1	1.15015
1	1.15372
1	1.14933
1	1.15427
1	1.14988
1	1.15537
1	1.15839
1	1.16113
1	1.15811
1	1.15646
1	1.15235
1	1.16113
1	1.16552
1	1.15262
1	1.14823
1	1.14905
1	1.1496
1	1.13368
1	1.14109
1	1.14274
1	1.14631
1	1.14988
1	1.1518
1	1.15317
1	1.15592
1	1.1496
1	1.1496
1	1.15262
1	1.15372
1	1.15729
1	1.15921
1	1.16442
1	1.16772
1	1.16937
1	1.16854
1	1.17348
1	1.18254
1	1.17925
1	1.17842
1	1.18254
1	1.22399
1	1.22646
1	1.23827
1	1.23552
-1	1.2174
-1	1.20505
-1	1.21329
-1	1.21274
-1	1.2078
-1	1.21027
-1	1.21411
-1	1.21383
-1	1.21466
-1	1.21136
-1	1.20258
-1	1.21356
-1	1.22262
-1	1.2303
-1	1.23085
-1	1.21823
-1	1.22289
-1	1.22701
-1	1.23113
-1	1.2174
-1	1.21274
-1	1.20862
-1	1.20285
-1	1.20313
-1	1.21109
-1	1.22948
-1	1.23113
-1	1.22317
-1	1.23305
-1	1.23113
-1	1.22729
-1	1.22619
-1	1.23278
-1	1.24101
-1	1.22509
-1	1.22152
-1	1.22317
-1	1.21521
-1	1.2207
-1	1.21713
-1	1.20725
-1	1.20231
-1	1.20423
-1	1.21164
-1	1.21658
-1	1.21823
-1	1.21631
-1	1.21658
-1	1.21274
-1	1.21438
-1	1.21274
-1	1.21164
-1	1.21383
-1	1.2174
-1	1.21932
-1	1.2174
-1	1.22289
-1	1.22262
-1	1.22289
-1	1.2196
-1	1.21795
-1	1.21823
-1	1.21164
-1	1.21109
-1	1.20972
-1	1.20258
-1	1.20203
-1	1.20725
-1	1.21109
-1	1.20368
-1	1.19654
-1	1.1938
-1	1.18995
-1	1.1905
-1	1.19133
-1	1.19517
-1	1.19462
-1	1.18666
-1	1.1927
-1	1.18858
-1	1.18913
-1	1.18858
-1	1.19407
-1	1.1938
-1	1.19599
-1	1.19929
-1	1.19654
-1	1.20066
-1	1.20011
-1	1.19572
-1	1.19874
-1	1.1927
-1	1.1916
-1	1.18913
-1	1.18666
-1	1.18089
-1	1.1754
-1	1.16991
1	1.17019
1	1.17925
1	1.17513
1	1.17266
1	1.17074
1	1.17431
1	1.18227
1	1.18419
1	1.18254
1	1.17815
1	1.17815
1	1.17815
1	1.17815
1	1.17815
1	1.17815
1	1.17184
1	1.16909
1	1.1658
1	1.16415
1	1.16031
1	1.16552
1	1.16827
1	1.17129
1	1.17705
1	1.17678
1	1.16717
1	1.16662
1	1.16525
1	1.16141
1	1.1529
1	1.14658
1	1.14301
1	1.14795
1	1.15811
1	1.15811
1	1.16305
1	1.16744
1	1.16772
1	1.16964
1	1.17184
1	1.16772
1	1.15948
1	1.16168
1	1.15701
1	1.15015
1	1.15509
1	1.15921
1	1.16113
1	1.16195
1	1.16058
1	1.15976
1	1.16305
1	1.16552
1	1.1647
1	1.16909
1	1.16552
1	1.1669
1	1.17348
1	1.17293
1	1.16772
1	1.16442
1	1.16086
1	1.1636
1	1.16388
1	1.17431
1	1.17129
1	1.17019
1	1.17788
1	1.17403
1	1.17925
1	1.18089
1	1.1776
1	1.18995
1	1.20807
1	1.2303
1	1.22262
1	1.2325
-1	1.21905
-1	1.22509
-1	1.22591
-1	1.21878
-1	1.22207
-1	1.22564
-1	1.22811
-1	1.23552
-1	1.22976
-1	1.22152
-1	1.22234
-1	1.22289
-1	1.21246
-1	1.21576
-1	1.20725
-1	1.21603
-1	1.22125
-1	1.22317
-1	1.2185
-1	1.21438
-1	1.22234
-1	1.22372
-1	1.2218
-1	1.22399
-1	1.22317
-1	1.22701
-1	1.22619
-1	1.21411
-1	1.21878
-1	1.22262
-1	1.21603
-1	1.22042
-1	1.22509
-1	1.22619
-1	1.22729
-1	1.23717
-1	1.25885
-1	1.26187
-1	1.26434
-1	1.25528
-1	1.25913
-1	1.25803
-1	1.2583
-1	1.26489
-1	1.26599
-1	1.25995
-1	1.25721
-1	1.24897
-1	1.25528
-1	1.25583
-1	1.25391
-1	1.25611
-1	1.2616
-1	1.2594
-1	1.2616
-1	1.25501
-1	1.2616
-1	1.23442
-1	1.23579
-1	1.24321
-1	1.24238
-1	1.24128
-1	1.2454
-1	1.24595
-1	1.24211
-1	1.23717
-1	1.24403
-1	1.2347
-1	1.22948
-1	1.21905
-1	1.21795
-1	1.21164
-1	1.22015
-1	1.21576
-1	1.22289
-1	1.22701
-1	1.23195
-1	1.23634
-1	1.22756
-1	1.22701
-1	1.22838
-1	1.22729
-1	1.22921
-1	1.23305
-1	1.2303
-1	1.23003
-1	1.2347
-1	1.23744
-1	1.23497
-1	1.23113
-1	1.22893
-1	1.23003
-1	1.22783
-1	1.22701
-1	1.23113
-1	1.22948
-1	1.2314
-1	1.24238
-1	1.25364
-1	1.25391
-1	1.24925
-1	1.24705
-1	1.2476
-1	1.25089
-1	1.24815
-1	1.25309
-1	1.25611
-1	1.25556
-1	1.25968
-1	1.25775
-1	1.26077
-1	1.26187
-1	1.26819
-1	1.26928
-1	1.26242
-1	1.26077
-1	1.25748
-1	1.25391
-1	1.25501
-1	1.25089
-1	1.25446
-1	1.25638
-1	1.25089
-1	1.25089
-1	1.24897
-1	1.24595
-1	1.24321
-1	1.24293
-1	1.2476
-1	1.2443
-1	1.24101
-1	1.23579
-1	1.22921
-1	1.22619
1	1.22838
1	1.22783
1	1.22481
1	1.22591
1	1.22536
1	1.22427
1	1.22591
1	1.21932
1	1.22674
1	1.22811
1	1.22756
1	1.22893
1	1.23223
1	1.22866
1	1.22783
1	1.22427
1	1.22619
1	1.22866
1	1.23058
1	1.22893
1	1.22509
1	1.22509
1	1.2218
1	1.21823
1	1.22152
1	1.22344
1	1.2207
1	1.22564
1	1.23113
1	1.23387
1	1.23579
1	1.23607
1	1.23552
1	1.2336
1	1.23415
1	1.22948
1	1.23332
1	1.23881
1	1.23579
1	1.22921
1	1.22454
1	1.22317
1	1.2218
1	1.22015
1	1.2196
1	1.22289
1	1.23223
1	1.24128
1	1.24925
1	1.24074
1	1.24376
1	1.24595
1	1.25117
1	1.24677
1	1.24952
1	1.25309
1	1.2476
1	1.24376
1	1.24238
1	1.23772
1	1.24128
1	1.25144
1	1.25391
1	1.24925
1	1.25172
1	1.26077
1	1.25748
1	1.2627
1	1.2767
1	1.27121
1	1.2852
1	1.28054
1	1.28219
1	1.27889
1	1.27258
1	1.27477
1	1.28164
1	1.28164
1	1.28411
1	1.27752
1	1.27477
1	1.28164
1	1.3003
1	1.31101
1	1.31595
1	1.33571
1	1.32446
1	1.32116
1	1.32967
1	1.32199
1	1.32007
1	1.32226
1	1.32034
1	1.30579
1	1.30524
1	1.27066
1	1.26379
1	1.27532
1	1.26599
1	1.25638
1	1.27148
1	1.26873
1	1.26215
1	1.25748
1	1.25364
1	1.25913
1	1.26873
1	1.26599
1	1.2723
1	1.2852
1	1.2885
1	1.29042
1	1.29509
1	1.29673
1	1.2874
1	1.28438
1	1.28603
1	1.29207
1	1.29591
1	1.30113
1	1.29591
1	1.31403
1	1.30854
1	1.30826
1	1.29728
1	1.30085
1	1.30689
1	1.30936
1	1.3143
1	1.31128
1	1.3132
1	1.31485
1	1.32007
1	1.31979
1	1.3176
1	1.29728
1	1.29042
1	1.30442
1	1.31952
1	1.31567
1	1.3143
1	1.30744
1	1.31814
1	1.31677
1	1.30854
1	1.29783
1	1.29564
1	1.2992
1	1.30662
1	1.30689
1	1.3132
1	1.33379
1	1.3434
1	1.32912
1	1.33489
1	1.33407
1	1.33022
1	1.33736
1	1.33681
1	1.34175
1	1.33791
1	1.33928
1	1.33901
1	1.32693
1	1.3261
1	1.3165
1	1.33077
1	1.33022
1	1.32336
1	1.33105
1	1.32967
1	1.32144
1	1.32556
1	1.32336
1	1.32775
1	1.33681
1	1.3434
1	1.34916
1	1.36893
1	1.36426
1	1.38128
1	1.36701
1	1.36975
1	1.36728
1	1.36344
1	1.36152
1	1.36453
1	1.36453
1	1.37057
1	1.3692
1	1.37771
1	1.37799
1	1.36975
1	1.36865
1	1.36508
1	1.36673
1	1.35932
1	1.36289
1	1.36975
1	1.37606
1	1.37799
1	1.37716
1	1.36646
1	1.37551
1	1.37442
1	1.39363
1	1.39336
1	1.43151
1	1.42575
1	1.43124
1	1.43453
1	1.42767
1	1.4274
1	1.43426
1	1.43124
1	1.4392
1	1.44634
1	1.43728
1	1.4499
1	1.45484
1	1.44826
1	1.44112
1	1.43426
1	1.43206
1	1.42602
1	1.42108
1	1.41175
1	1.41202
1	1.42191
1	1.43481
-1	1.43041
-1	1.43234
-1	1.42575
-1	1.41916
-1	1.42383
-1	1.43151
-1	1.43371
-1	1.43783
-1	1.43947
-1	1.44524
-1	1.44386
-1	1.46692
-1	1.46994
-1	1.46994
-1	1.47186
-1	1.47735
-1	1.4683
-1	1.47214
-1	1.46857
-1	1.4639
-1	1.47214
-1	1.4768
-1	1.48229
-1	1.49849
-1	1.49959
-1	1.49245
-1	1.49657
-1	1.51167
-1	1.51441
-1	1.53143
-1	1.58413
-1	1.5641
-1	1.55504
-1	1.56684
-1	1.56657
-1	1.5748
-1	1.59758
-1	1.57535
-1	1.55559
-1	1.56849
-1	1.57096
-1	1.56355
-1	1.56739
-1	1.56272
-1	1.56739
-1	1.56574
-1	1.51331
-1	1.52457
-1	1.52676
-1	1.51606
-1	1.51084
-1	1.49712
-1	1.50755
-1	1.51551
-1	1.52182
-1	1.5092
-1	1.50041
-1	1.4952
-1	1.47763
-1	1.48861
-1	1.48531
-1	1.4941
-1	1.47928
-1	1.49026
-1	1.4768
-1	1.48312
-1	1.50233
-1	1.50673
-1	1.50233
-1	1.51276
-1	1.50865
-1	1.50673
-1	1.51441
-1	1.51578
-1	1.52018
-1	1.50645
1	1.51194
1	1.51661
1	1.50755
1	1.49712
1	1.50645
1	1.50974
1	1.50727
1	1.51112
1	1.51057
1	1.50563
1	1.48614
1	1.48943
1	1.50096
1	1.49629
1	1.49904
1	1.4952
1	1.49492
1	1.48916
1	1.50178
1	1.50288
1	1.49684
1	1.47159
1	1.44963
1	1.46692
1	1.45896
1	1.45375
1	1.46528
1	1.48037
1	1.50206
1	1.48422
1	1.44963
1	1.46198
1	1.46363
1	1.46473
1	1.46061
1	1.4532
1	1.4532
1	1.45402
1	1.45622
1	1.44524
1	1.45045
1	1.45786
1	1.47653
1	1.47406
1	1.46912
1	1.46967
1	1.47104
1	1.48092
1	1.48669
1	1.47571
1	1.47598
1	1.4661
1	1.46171
1	1.45814
1	1.45183
1	1.45786
1	1.45155
1	1.45484
1	1.46473
1	1.46637
1	1.48312
1	1.50645
1	1.49876
1	1.49629
1	1.49931
1	1.5081
1	1.48586
1	1.48147
1	1.48147
1	1.48586
1	1.48778
1	1.493
1	1.48477
1	1.48312
1	1.47598
1	1.48394
1	1.48449
1	1.48394
1	1.48284
1	1.46582
1	1.46637
1	1.46253
1	1.47571
1	1.46747
1	1.46802
1	1.46033
1	1.45457
1	1.45512
1	1.46308
1	1.46528
1	1.46253
1	1.46665
1	1.47241
1	1.47818
1	1.47543
1	1.47708
1	1.47131
1	1.47928
1	1.47516
1	1.47049
1	1.4672
1	1.46528
1	1.47049
1	1.47131
1	1.48037
1	1.4801
1	1.48724
1	1.48367
1	1.47543
1	1.46692
1	1.46418
1	1.46994
1	1.46802
1	1.46006
1	1.45759
1	1.46445
1	1.46884
1	1.46253
1	1.46308
1	1.46665
1	1.46308
1	1.46253
1	1.46281
1	1.45841
1	1.45402
1	1.45567
1	1.45375
1	1.45814
1	1.46528
1	1.46226
1	1.47022
1	1.479
1	1.47241
1	1.48065
1	1.49465
1	1.4952
1	1.49959
1	1.49163
1	1.4908
1	1.49822
1	1.49163
1	1.49382
1	1.48531
1	1.47845
1	1.46884
1	1.46555
1	1.46747
1	1.47104
1	1.46884
1	1.4661
1	1.46061
1	1.45814
1	1.46281
1	1.46637
1	1.45924
1	1.45924
1	1.45622
1	1.45841
1	1.45841
1	1.4532
1	1.45841
1	1.45622
1	1.45018
1	1.45265
1	1.46088
1	1.45786
1	1.45979
1	1.46088
1	1.46857
1	1.46363
1	1.45951
1	1.45841
1	1.4661
1	1.46033
1	1.46226
1	1.45512
1	1.4532
1	1.45594
1	1.45677
1	1.47104
1	1.45677
1	1.46033
1	1.45732
1	1.46253
1	1.46281
1	1.46116
1	1.46281
1	1.4661
1	1.46775
1	1.46198
1	1.46363
1	1.46143
1	1.46528
1	1.47022
1	1.46994
1	1.46775
1	1.48861
1	1.49437
1	1.48669
1	1.47543
1	1.48257
1	1.48586
1	1.48531
1	1.48477
1	1.48696
1	1.47928
1	1.47735
1	1.48614
1	1.47845
1	1.47516
1	1.47214
1	1.46912
1	1.46171
1	1.46363
1	1.46281
1	1.46335
1	1.46226
1	1.4683
1	1.46857
1	1.46473
1	1.46171
1	1.46418
1	1.4639
1	1.46226
1	1.46308
1	1.46033
1	1.46198
1	1.46528
1	1.46473
1	1.46226
1	1.46116
1	1.4521
1	1.45567
1	1.45814
1	1.45402
1	1.39995
1	1.41614
1	1.42438
1	1.40626
1	1.41175
1	1.40434
1	1.3972
1	1.39061
1	1.38018
1	1.38622
1	1.37661
1	1.3854
1	1.39034
1	1.39089
1	1.38732
1	1.38183
1	1.38814
1	1.38897
1	1.39473
1	1.39528
1	1.40873
1	1.42685
1	1.41449
1	1.41147
1	1.41751
1	1.41312
1	1.41147
1	1.40159
1	1.40598
1	1.40269
1	1.40516
1	1.40461
1	1.40269
1	1.40077
1	1.3994
1	1.40544
1	1.40516
1	1.40104
1	1.40461
1	1.40214
1	1.39473
1	1.39747
1	1.38979
1	1.395
1	1.40132
1	1.40406
1	1.40296
1	1.40626
1	1.40489
1	1.39995
1	1.40159
1	1.40049
1	1.39198
1	1.38924
1	1.395
1	1.3972
1	1.39775
1	1.39912
1	1.3961
1	1.39693
1	1.3983
1	1.39912
1	1.40269
1	1.39775
1	1.40269
1	1.40214
1	1.40379
1	1.40324
1	1.39747
1	1.39775
1	1.39857
1	1.39995
1	1.39226
1	1.38375
1	1.37881
1	1.38842
1	1.38842
1	1.38704
1	1.38402
1	1.38183
1	1.38567
1	1.39198
1	1.42712
1	1.41065
1	1.40845
1	1.41038
1	1.40736
1	1.41147
1	1.40928
1	1.41147
1	1.4101
1	1.41065
1	1.41147
1	1.41751
1	1.41614
1	1.42218
1	1.42438
1	1.42191
1	1.41696
1	1.41614
1	1.41312
1	1.41202
1	1.41065
1	1.41093
1	1.41806
1	1.41422
1	1.409
1	1.40928
1	1.4101
1	1.41724
1	1.41394
1	1.41257
1	1.41394
1	1.41614
1	1.41559
1	1.41504
1	1.41147
1	1.41449
1	1.41312
1	1.40983
1	1.39555
1	1.40296
1	1.40434
1	1.40022
1	1.4263
1	1.4381
1	1.43206
1	1.44222
1	1.43618
1	1.42849
1	1.42492
1	1.42136
1	1.43096
1	1.42904
1	1.43261
1	1.42712
1	1.43728
1	1.44194
1	1.4403
1	1.44661
1	1.45018
1	1.44194
1	1.43865
1	1.43563
1	1.44085
1	1.44469
1	1.44085
1	1.43563
1	1.43728
1	1.42245
1	1.4252
1	1.42218
1	1.41889
1	1.41861
1	1.42245
1	1.42575
1	1.42492
1	1.42822
1	1.42849
1	1.42767
1	1.42053
1	1.41806
1	1.42822
1	1.42136
1	1.42657
1	1.42081
1	1.42191
1	1.4263
1	1.43124
1	1.42822
1	1.42328
1	1.42602
1	1.42794
1	1.4112
1	1.39116
1	1.40242
1	1.39528
1	1.39912
1	1.395
1	1.39857
1	1.40214
1	1.40516
1	1.40598
1	1.40791
1	1.40406
1	1.3994
1	1.40351
1	1.39857
1	1.40049
1	1.40214
1	1.39775
1	1.39336
1	1.39693
1	1.3972
1	1.40214
1	1.40653
1	1.40791
1	1.40461
1	1.41038
1	1.41394
1	1.42081
1	1.41916
1	1.41861
1	1.41504
1	1.4134
1	1.41093
1	1.41038
1	1.40873
1	1.41257
1	1.41614
1	1.41257
1	1.40955
1	1.41175
1	1.41312
1	1.41394
1	1.41422
1	1.40955
1	1.40242
1	1.40736
1	1.40626
1	1.41202
1	1.40708
1	1.40983
1	1.40544
1	1.40626
1	1.40022
1	1.39253
1	1.395
1	1.39528
1	1.39363
1	1.3961
1	1.3961
1	1.39226
1	1.39418
1	1.39034
1	1.39006
1	1.38842
1	1.39226
1	1.39061
1	1.38732
1	1.3994
1	1.40598
1	1.40269
1	1.40379
1	1.40461
1	1.40708
1	1.39885
1	1.35767
1	1.35136
1	1.36014
1	1.34697
1	1.34559
1	1.35081
1	1.35712
1	1.36069
1	1.36536
1	1.37167
1	1.37085
1	1.36893
1	1.36893
1	1.36948
1	1.36453
1	1.36124
1	1.35932
1	1.36261
1	1.35301
1	1.34257
1	1.34889
1	1.35108
1	1.34203
1	1.34614
1	1.35438
1	1.3552
1	1.35355
1	1.35712
1	1.36591
1	1.36536
-1	1.36179
-1	1.35932
-1	1.36316
-1	1.36289
-1	1.35987
-1	1.36152
-1	1.36069
-1	1.36591
-1	1.36783
-1	1.3703
-1	1.36975
-1	1.36481
-1	1.37359
-1	1.3725
-1	1.37524
-1	1.37304
-1	1.36563
-1	1.36234
-1	1.35932
-1	1.36097
-1	1.36508
-1	1.36344
-1	1.35548
-1	1.35959
-1	1.36069
-1	1.36289
-1	1.36069
-1	1.36481
-1	1.36618
-1	1.36124
-1	1.36893
-1	1.36426
-1	1.36536
-1	1.36865
-1	1.36481
-1	1.37002
-1	1.36948
-1	1.37332
-1	1.37551
-1	1.38567
-1	1.37497
-1	1.37359
-1	1.37551
-1	1.37277
-1	1.37661
-1	1.3714
-1	1.36783
-1	1.36481
-1	1.36755
-1	1.36728
-1	1.36261
-1	1.37112
-1	1.37222
-1	1.37277
-1	1.37195
-1	1.37112
-1	1.37442
-1	1.37881
-1	1.37634
-1	1.37991
-1	1.3843
-1	1.38457
-1	1.38293
-1	1.38128
-1	1.38704
-1	1.38649
-1	1.38677
-1	1.38979
-1	1.39253
-1	1.39226
-1	1.39171
-1	1.38348
-1	1.3854
-1	1.38787
-1	1.39034
-1	1.38402
-1	1.38677
-1	1.3832
-1	1.38238
-1	1.37963
-1	1.381
-1	1.37963
-1	1.37277
-1	1.37469
-1	1.38622
-1	1.38951
-1	1.38677
-1	1.3843
-1	1.37881
-1	1.38155
-1	1.38732
-1	1.38759
-1	1.38128
-1	1.38348
-1	1.37991
-1	1.38265
-1	1.38622
-1	1.38951
-1	1.38814
-1	1.38512
-1	1.38649
-1	1.38485
-1	1.38649
-1	1.38951
-1	1.39391
-1	1.40653
-1	1.4112
-1	1.41038
-1	1.41971
-1	1.43206
-1	1.42932
-1	1.44085
-1	1.43426
-1	1.43371
-1	1.42657
-1	1.4274
-1	1.42191
-1	1.4241
-1	1.41971
-1	1.41779
-1	1.41285
-1	1.41202
-1	1.41587
-1	1.41394
-1	1.41038
-1	1.41422
-1	1.41696
-1	1.41559
-1	1.41614
-1	1.41394
-1	1.4134
-1	1.40873
-1	1.40489
-1	1.409
-1	1.40571
-1	1.40159
-1	1.39967
-1	1.40187
-1	1.39198
-1	1.38787
-1	1.39144
-1	1.39226
-1	1.3854
-1	1.3821
-1	1.38046
1	1.38073
1	1.37277
1	1.37222
1	1.37634
1	1.37332
1	1.37908
1	1.38073
1	1.38567
1	1.38924
1	1.39144
1	1.38595
1	1.39226
1	1.39034
1	1.39061
1	1.3972
1	1.39693
1	1.39391
1	1.39473
1	1.39144
1	1.38951
1	1.38457
1	1.38649
1	1.39089
1	1.39089
1	1.39391
1	1.39391
1	1.3961
1	1.3961
1	1.39198
1	1.39144
1	1.38704
1	1.38787
1	1.38759
1	1.38265
1	1.38128
1	1.37442
1	1.3703
1	1.37414
1	1.36728
1	1.3681
1	1.37359
1	1.38018
1	1.37826
1	1.37771
1	1.37524
1	1.37826
1	1.37853
1	1.381
1	1.38018
1	1.381
1	1.37661
1	1.37744
1	1.37689
1	1.37606
1	1.381
1	1.37908
1	1.37908
1	1.38073
1	1.3843
1	1.38293
1	1.38128
1	1.37689
1	1.37442
1	1.37112
1	1.36673
1	1.36948
1	1.36948
1	1.37057
1	1.36975
1	1.36893
1	1.37414
1	1.3714
1	1.36481
1	1.36316
1	1.36399
1	1.3585
1	1.35987
1	1.36563
1	1.36536
1	1.3681
1	1.37057
1	1.36536
1	1.37085
1	1.36646
1	1.36755
1	1.37057
1	1.36948
1	1.3681
1	1.37112
1	1.37442
1	1.38018
1	1.37853
1	1.37771
1	1.38293
1	1.38787
1	1.38869
1	1.38951
1	1.39363
1	1.38897
1	1.38979
1	1.38512
1	1.38897
1	1.39281
1	1.39144
1	1.39747
1	1.395
1	1.39638
1	1.38814
1	1.3854
1	1.38677
1	1.39253
1	1.39638
1	1.39198
1	1.39473
1	1.39363
1	1.39226
1	1.38265
1	1.38073
1	1.38183
1	1.37826
1	1.37991
1	1.38183
1	1.37744
1	1.37991
1	1.37881
1	1.38348
1	1.38512
1	1.37963
1	1.38018
1	1.37579
1	1.37359
1	1.38046
1	1.38183
1	1.38018
1	1.37963
1	1.37826
1	1.37551
1	1.37332
1	1.37359
1	1.36975
1	1.37195
1	1.37387
1	1.37277
1	1.37881
1	1.37799
1	1.37963
1	1.38155
1	1.37963
1	1.37771
1	1.37908
1	1.37744
1	1.37908
1	1.38951
1	1.40598
1	1.39967
1	1.38265
1	1.38649
1	1.39336
1	1.39391
1	1.38897
1	1.39281
1	1.39583
1	1.40159
1	1.39967
1	1.39528
1	1.39693
1	1.40132
1	1.40434
1	1.40159
1	1.39912
1	1.40296
1	1.3972
1	1.39308
1	1.39061
1	1.39144
1	1.38649
1	1.38375
1	1.38732
1	1.39006
1	1.38979
1	1.38842
1	1.39308
1	1.39198
1	1.39281
1	1.39061
1	1.39308
1	1.39391
1	1.39308
1	1.39391
1	1.39308
1	1.38951
1	1.39253
1	1.39473
1	1.39446
1	1.39198
1	1.38924
1	1.39089
1	1.39363
1	1.40132
1	1.3983
1	1.3994
1	1.40159
1	1.40763
1	1.40516
1	1.40818
1	1.40296
1	1.40461
1	1.40571
1	1.40653
1	1.40681
1	1.40598
1	1.40351
1	1.40187
1	1.40406
1	1.40763
1	1.40544
1	1.40598
1	1.40461
1	1.40269
1	1.40544
1	1.40791
1	1.40955
1	1.40818
1	1.40955
1	1.40708
1	1.40406
1	1.40022
1	1.3961
1	1.39446
1	1.39555
1	1.39802
1	1.40104
1	1.40077
1	1.40049
1	1.40269
1	1.40187
1	1.40104
1	1.40049
1	1.40269
1	1.40406
1	1.40461
1	1.40461
1	1.40269
1	1.40242
1	1.40159
1	1.40736
1	1.40516
1	1.40598
1	1.40653
1	1.40708
1	1.40406
1	1.40324
1	1.40242
1	1.40159
1	1.40296
1	1.40489
1	1.40132
1	1.40077
1	1.40104
1	1.3994
1	1.39802
1	1.40049
1	1.39967
1	1.40022
1	1.40269
1	1.40187
1	1.40077
1	1.40077
1	1.40077
1	1.40077
1	1.40049
1	1.40049
1	1.40049
1	1.3994
1	1.39802
1	1.39775
1	1.39747
1	1.39857
1	1.39693
1	1.39747
1	1.39912
1	1.39802
1	1.39912
1	1.40022
1	1.39912
1	1.39912
1	1.3972
1	1.39747
1	1.3972
1	1.3961
1	1.39638
1	1.39583
1	1.39583
1	1.39912
1	1.3961
1	1.39528
1	1.38924
1	1.39144
1	1.39006
1	1.38869
1	1.3843
1	1.38567
1	1.38485
1	1.38512
1	1.38869
1	1.38951
1	1.39034
1	1.39144
1	1.38622
1	1.38677
1	1.38622
1	1.38485
1	1.38842
1	1.38649
1	1.3821
1	1.3843
1	1.38787
1	1.38869
1	1.38787
1	1.38677
1	1.38567
1	1.38951
1	1.39061
1	1.39253
1	1.39418
1	1.39583
1	1.395
1	1.39528
1	1.39363
1	1.39363
1	1.39391
1	1.39281
1	1.39089
1	1.38924
1	1.39171
1	1.39171
1	1.38979
1	1.39061
1	1.39144
1	1.39198
1	1.39144
1	1.39363
1	1.39253
1	1.39116
1	1.38814
1	1.38402
1	1.38348
1	1.3832
1	1.38238
1	1.38018
1	1.38128
1	1.38073
1	1.38073
1	1.37908
1	1.3821
1	1.38018
1	1.38046
1	1.38183
1	1.37963
1	1.38018
1	1.38183
1	1.38046
1	1.38018
1	1.37963
1	1.37936
1	1.37963
1	1.37963
1	1.38128
1	1.38128
1	1.38238
1	1.38567
-1	1.38402
-1	1.38293
-1	1.38128
-1	1.38128
-1	1.38238
-1	1.38046
-1	1.38155
-1	1.37332
-1	1.37332
-1	1.37497
-1	1.37634
-1	1.37689
-1	1.37771
-1	1.37771
-1	1.37744
-1	1.37853
-1	1.37963
-1	1.37689
-1	1.37661
-1	1.37469
-1	1.37442
1	1.37689
1	1.37771
1	1.37881
1	1.37963
1	1.38293
1	1.3854
1	1.38951
1	1.38595
1	1.38787
1	1.38375
1	1.38348
1	1.38567
1	1.38759
1	1.38704
1	1.39006
1	1.39171
1	1.39473
1	1.39171
1	1.39418
1	1.39253
1	1.39006
1	1.38814
1	1.38842
1	1.38622
1	1.38732
1	1.39171
1	1.39034
1	1.38897
1	1.38567
1	1.37606
1	1.37414
1	1.37497
1	1.37689
1	1.37908
-1	1.37908
-1	1.37799
-1	1.37826
-1	1.37991
-1	1.38128
-1	1.38457
-1	1.38457
-1	1.38567
-1	1.38348
-1	1.38155
-1	1.381
-1	1.381
-1	1.38183
-1	1.38402
-1	1.38293
-1	1.38457
-1	1.3843
-1	1.38595
-1	1.38457
-1	1.38485
-1	1.38649
-1	1.38567
-1	1.38924
-1	1.38951
-1	1.38814
-1	1.38897
-1	1.38787
-1	1.38787
-1	1.38842
-1	1.38814
-1	1.38622
-1	1.38375
-1	1.38128
-1	1.381
-1	1.3821
-1	1.38485
-1	1.38622
-1	1.38595
-1	1.38567
-1	1.38567
-1	1.38402
-1	1.3854
-1	1.38567
-1	1.38348
-1	1.38265
-1	1.37853
-1	1.38046
-1	1.38128
-1	1.38018
-1	1.3821
-1	1.3821
-1	1.38567
-1	1.38595
-1	1.38622
-1	1.38485
-1	1.38238
-1	1.38265
-1	1.38704
-1	1.39747
-1	1.39885
-1	1.40132
-1	1.39857
-1	1.40242
-1	1.40296
-1	1.40379
-1	1.40406
-1	1.40544
-1	1.40516
-1	1.40242
-1	1.40516
-1	1.40791
-1	1.40406
-1	1.40351
-1	1.40269
-1	1.40379
-1	1.40571
-1	1.40845
-1	1.40791
-1	1.40626
-1	1.4134
-1	1.41147
-1	1.41614
-1	1.41532
-1	1.42657
-1	1.42026
-1	1.42081
-1	1.42081
-1	1.41779
-1	1.4123
-1	1.41477
-1	1.41449
-1	1.40983
-1	1.40845
-1	1.409
-1	1.41587
-1	1.41751
-1	1.41587
-1	1.41669
-1	1.41889
-1	1.41175
-1	1.41367
-1	1.41724
-1	1.41559
-1	1.41532
-1	1.41559
-1	1.41587
-1	1.41751
-1	1.41971
-1	1.42053
-1	1.43673
-1	1.43783
-1	1.4392
-1	1.43947
-1	1.43618
-1	1.44085
-1	1.44139
-1	1.44359
-1	1.437
-1	1.43563
-1	1.43069
-1	1.43041
-1	1.43041
-1	1.42794
-1	1.42465
-1	1.42904
-1	1.42904
-1	1.43261
-1	1.43316
-1	1.43288
-1	1.43069
-1	1.43234
-1	1.43261
-1	1.43096
-1	1.42712
-1	1.42767
-1	1.43124
-1	1.4263
-1	1.42932
-1	1.43398
-1	1.43563
-1	1.43673
-1	1.43316
-1	1.43508
-1	1.43179
-1	1.43398
-1	1.42438
-1	1.42273
-1	1.42438
-1	1.42136
-1	1.423
-1	1.42492
-1	1.42492
-1	1.41998
-1	1.41504
-1	1.40955
-1	1.4112
-1	1.41422
-1	1.41202
-1	1.4123
-1	1.41285
-1	1.4134
-1	1.41559
-1	1.41696
-1	1.41696
-1	1.42108
-1	1.41367
-1	1.41751
-1	1.41889
-1	1.41724
-1	1.41614
-1	1.41614
-1	1.41559
-1	1.41422
-1	1.41477
-1	1.41559
-1	1.41806
-1	1.42081
-1	1.41998
-1	1.41889
-1	1.42053
-1	1.41916
-1	1.41971
-1	1.41834
-1	1.41916
-1	1.41943
-1	1.41394
-1	1.40818
-1	1.41367
1	1.41642
1	1.40928
1	1.40571
1	1.39363
1	1.38677
1	1.38842
1	1.39089
1	1.38759
1	1.39116
1	1.39198
1	1.39418
1	1.39144
1	1.395
1	1.39665
1	1.39857
1	1.39336
1	1.39171
1	1.39089
1	1.39144
1	1.39089
1	1.39281
1	1.3961
1	1.39665
1	1.39665
1	1.39967
1	1.39336
1	1.38979
1	1.38457
1	1.37716
1	1.38128
1	1.37881
1	1.38238
1	1.38293
1	1.3832
1	1.38265
1	1.37881
1	1.38238
1	1.381
1	1.37826
1	1.37826
1	1.37744
1	1.37551
1	1.37963
1	1.37991
1	1.38018
1	1.38924
-1	1.38512
-1	1.38897
-1	1.38649
-1	1.38375
-1	1.38046
-1	1.38649
-1	1.39006
-1	1.38814
-1	1.38457
-1	1.37579
-1	1.37908
-1	1.37881
-1	1.37908
-1	1.37853
-1	1.37771
-1	1.37524
-1	1.37716
-1	1.37991
-1	1.38183
-1	1.38265
-1	1.38128
-1	1.38402
-1	1.38183
-1	1.38265
-1	1.38018
-1	1.37606
-1	1.37304
-1	1.37853
-1	1.37991
-1	1.38183
-1	1.38348
-1	1.38402
-1	1.38183
-1	1.38183
-1	1.38265
-1	1.38567
-1	1.38677
-1	1.3854
-1	1.38677
-1	1.38787
-1	1.38375
-1	1.3854
-1	1.38951
-1	1.38622
-1	1.38595
-1	1.38265
-1	1.38293
-1	1.38457
-1	1.37991
-1	1.37853
-1	1.37881
-1	1.381
-1	1.38155
-1	1.3832
-1	1.3843
-1	1.38595
-1	1.38595
-1	1.38704
-1	1.38842
-1	1.38979
-1	1.38677
-1	1.38649
-1	1.38677
-1	1.38787
-1	1.38567
-1	1.3854
-1	1.38677
-1	1.39089
-1	1.38787
-1	1.39034
-1	1.38732
-1	1.38787
-1	1.38704
-1	1.38951
-1	1.39089
-1	1.39144
-1	1.39281
-1	1.39336
-1	1.39198
-1	1.39555
-1	1.40077
-1	1.40626
-1	1.40461
-1	1.40351
-1	1.40159
-1	1.39528
-1	1.39802
-1	1.3983
-1	1.39693
-1	1.39775
-1	1.3972
-1	1.39747
-1	1.3961
-1	1.39665
-1	1.39418
-1	1.39528
-1	1.40049
-1	1.3961
-1	1.39967
-1	1.39802
-1	1.3961
-1	1.39775
-1	1.39802
-1	1.40132
-1	1.40296
-1	1.3983
-1	1.40049
-1	1.39885
-1	1.39885
-1	1.39747
-1	1.39775
-1	1.39583
-1	1.39473
-1	1.39802
-1	1.39967
-1	1.39995
-1	1.39995
-1	1.40077
-1	1.39995
-1	1.40104
-1	1.40626
-1	1.40708
-1	1.40434
-1	1.40791
-1	1.40653
-1	1.40845
-1	1.4101
-1	1.40928
-1	1.40681
-1	1.40516
-1	1.40571
-1	1.40598
-1	1.40269
-1	1.40598
-1	1.40653
-1	1.40791
-1	1.40626
-1	1.40571
-1	1.40598
-1	1.40736
-1	1.40681
-1	1.40406
-1	1.40653
-1	1.42081
-1	1.42218
-1	1.42438
-1	1.42053
-1	1.42136
-1	1.41971
-1	1.42081
-1	1.42492
-1	1.42575
-1	1.42383
-1	1.42547
-1	1.43069
-1	1.43481
-1	1.43014
-1	1.43288
-1	1.43728
-1	1.43426
-1	1.43261
-1	1.43645
-1	1.43865
-1	1.437
-1	1.46171
-1	1.48531
-1	1.4801
-1	1.46637
-1	1.46637
-1	1.45869
-1	1.4639
-1	1.45292
-1	1.44826
-1	1.45375
-1	1.44085
-1	1.44771
-1	1.4521
-1	1.45677
-1	1.45869
-1	1.45841
-1	1.45786
-1	1.45704
-1	1.46033
-1	1.46308
-1	1.46582
-1	1.46418
-1	1.46308
-1	1.46061
-1	1.46033
-1	1.46088
-1	1.46281
-1	1.45924
-1	1.44085
-1	1.44771
-1	1.44853
-1	1.45128
-1	1.451
-1	1.44524
-1	1.44441
-1	1.44304
-1	1.44112
-1	1.42026
-1	1.42136
-1	1.41834
-1	1.41285
-1	1.41587
-1	1.41285
-1	1.40845
-1	1.41394
-1	1.42136
-1	1.42438
-1	1.423
-1	1.42547
-1	1.43014
-1	1.42849
-1	1.4252
-1	1.42657
-1	1.42685
-1	1.43151
-1	1.43453
-1	1.43645
-1	1.43563
-1	1.43728
-1	1.44579
-1	1.44441
-1	1.44057
-1	1.44277
-1	1.44057
-1	1.44057
-1	1.44332
-1	1.44112
-1	1.44414
-1	1.44414
-1	1.44277
-1	1.4381
-1	1.43426
-1	1.43481
-1	1.42959
-1	1.43645
-1	1.4252
-1	1.42465
-1	1.42191
-1	1.42081
-1	1.42547
-1	1.42163
-1	1.4241
-1	1.42602
-1	1.42575
-1	1.4241
-1	1.42767
-1	1.42685
-1	1.42492
-1	1.4252
-1	1.42218
-1	1.42108
-1	1.42218
1	1.42712
1	1.43179
1	1.42904
1	1.42767
1	1.42767
1	1.42383
1	1.42547
1	1.42465
1	1.4263
1	1.42877
1	1.42987
1	1.43096
1	1.43206
1	1.42987
1	1.42932
1	1.42904
1	1.42904
1	1.43069
1	1.43206
1	1.43288
1	1.43288
1	1.43371
1	1.43261
1	1.43453
1	1.43728
1	1.43865
1	1.44386
1	1.44057
1	1.4359
1	1.43755
1	1.437
1	1.43975
1	1.44057
1	1.44085
1	1.43645
1	1.43398
1	1.43096
1	1.43179
1	1.43453
1	1.43508
1	1.43288
1	1.43618
1	1.4359
1	1.43481
1	1.43041
1	1.42959
1	1.43261
1	1.43069
1	1.43343
1	1.42959
1	1.42575
1	1.42575
1	1.423
1	1.4252
1	1.4274
1	1.42794
1	1.42877
1	1.4263
1	1.42383
1	1.42026
1	1.42657
1	1.4241
1	1.42575
1	1.42438
1	1.42191
1	1.41943
1	1.42245
1	1.4252
1	1.42355
1	1.42767
1	1.43041
1	1.42794
1	1.43041
1	1.43124
1	1.42959
1	1.4274
1	1.4252
1	1.42602
1	1.42822
1	1.43426
1	1.43206
1	1.42163
1	1.4252
1	1.4241
1	1.42547
1	1.42492
1	1.42218
1	1.42547
1	1.42657
1	1.42657
1	1.42383
1	1.42328
1	1.41642
1	1.41998
1	1.42191
1	1.42492
1	1.42575
1	1.4241
1	1.42547
1	1.42547
1	1.42657
1	1.4252
1	1.42602
1	1.42685
1	1.42547
1	1.42383
1	1.42602
1	1.42547
1	1.42685
1	1.42547
1	1.42712
1	1.43179
1	1.42959
1	1.42657
1	1.43041
1	1.42822
1	1.42492
1	1.42602
1	1.42547
1	1.423
1	1.42355
1	1.4241
1	1.42328
1	1.42081
1	1.41971
1	1.42383
1	1.42218
1	1.42245
1	1.42465
1	1.4241
1	1.4252
1	1.42602
1	1.42438
1	1.4241
1	1.42383
1	1.42657
1	1.42685
1	1.42657
1	1.42712
1	1.42822
1	1.42657
1	1.42383
1	1.42438
1	1.42602
1	1.43069
1	1.43179
1	1.43288
1	1.43124
1	1.43014
1	1.43069
1	1.43234
1	1.43261
1	1.43728
1	1.43645
1	1.437
1	1.43536
1	1.42959
1	1.42794
1	1.43179
1	1.43234
1	1.43151
1	1.42959
1	1.43014
1	1.43288
1	1.43481
1	1.43371
1	1.43069
1	1.43206
1	1.43206
1	1.43206
1	1.42959
1	1.4274
1	1.42987
1	1.42959
1	1.42136
1	1.409
1	1.40296
1	1.40708
1	1.41038
1	1.40983
1	1.40791
1	1.40845
1	1.41175
1	1.41642
1	1.41285
1	1.41257
1	1.41147
1	1.4112
1	1.40845
1	1.41285
1	1.40873
1	1.40873
1	1.4101
1	1.41065
1	1.41394
1	1.41422
1	1.41587
1	1.41394
1	1.41312
1	1.40818
1	1.40489
1	1.40873
1	1.41147
1	1.40873
1	1.40763
1	1.40571
1	1.40791
1	1.40955
1	1.41175
1	1.41367
1	1.41312
1	1.41147
1	1.40791
1	1.40763
1	1.40818
1	1.41175
1	1.41285
1	1.41093
1	1.40873
1	1.40598
1	1.40736
1	1.41065
1	1.41065
1	1.4101
1	1.40928
1	1.40379
1	1.40077
1	1.40351
1	1.40653
1	1.40653
1	1.40598
1	1.40324
1	1.40681
1	1.40489
1	1.40187
1	1.39446
1	1.39446
1	1.39638
1	1.39418
1	1.39638
1	1.39418
1	1.39802
1	1.39693
1	1.3983
1	1.39967
1	1.40269
1	1.40516
1	1.40077
1	1.40379
1	1.40214
1	1.40104
1	1.40242
1	1.40049
1	1.40049
1	1.39967
1	1.40296
1	1.40296
1	1.40132
1	1.40049
1	1.40351
1	1.40379
1	1.40626
1	1.40571
1	1.40653
1	1.40763
1	1.40516
1	1.40406
1	1.40022
1	1.40242
1	1.40653
1	1.40791
1	1.40461
1	1.40571
1	1.40214
1	1.40324
1	1.40516
1	1.40132
1	1.39995
1	1.40159
1	1.40461
1	1.40351
1	1.40489
1	1.40598
1	1.40681
1	1.40708
1	1.40845
1	1.41175
1	1.41312
1	1.41038
1	1.41559
1	1.41696
1	1.41559
1	1.41504
1	1.41614
1	1.41147
1	1.41312
1	1.41614
1	1.41614
1	1.41971
1	1.41532
1	1.41559
1	1.41669
1	1.41312
1	1.4123
1	1.40845
1	1.40873
1	1.41477
1	1.41834
1	1.41751
1	1.41614
1	1.41724
1	1.41532
1	1.41587
1	1.41696
1	1.42081
1	1.4263
1	1.42794
1	1.43398
1	1.43645
1	1.42987
1	1.43206
1	1.42492
1	1.42932
1	1.43041
1	1.43096
1	1.4274
1	1.42273
1	1.42987
1	1.42877
1	1.4252
1	1.4241
1	1.43041
1	1.42849
1	1.43261
1	1.42767
1	1.42657
1	1.42492
1	1.42822
1	1.42465
1	1.42191
1	1.42163
1	1.41998
1	1.42547
1	1.42547
1	1.42355
1	1.4274
1	1.42877
1	1.43069
1	1.43124
1	1.43179
1	1.43426
1	1.43536
1	1.43783
1	1.43837
1	1.43288
1	1.43343
1	1.43673
1	1.43645
1	1.43755
1	1.44085
1	1.4521
1	1.47543
-1	1.465
-1	1.45759
-1	1.46143
-1	1.45896
-1	1.4532
-1	1.44688
-1	1.44963
-1	1.44963
-1	1.45155
-1	1.44908
-1	1.44222
-1	1.44139
-1	1.44304
-1	1.4403
-1	1.44359
-1	1.44634
-1	1.44688
-1	1.44194
-1	1.44441
-1	1.44688
-1	1.45018
-1	1.451
-1	1.4543
-1	1.45622
-1	1.45484
-1	1.45567
-1	1.46033
-1	1.45457
-1	1.44249
-1	1.4403
-1	1.43536
-1	1.4381
-1	1.44167
-1	1.43645
-1	1.43151
-1	1.40214
-1	1.35026
-1	1.34889
-1	1.33983
1	1.35465
1	1.34203
1	1.3434
1	1.34038
1	1.34532
1	1.34752
1	1.34669
1	1.35136
1	1.35575
1	1.36097
1	1.36618
1	1.36646
1	1.35959
1	1.36206
1	1.36289
1	1.36453
1	1.36179
1	1.36481
1	1.36206
1	1.36426
1	1.37195
1	1.3703
1	1.37771
1	1.37579
1	1.37167
1	1.37469
1	1.36591
1	1.36344
1	1.36755
1	1.36838
1	1.36453
1	1.36316
1	1.35822
1	1.35465
1	1.3552
1	1.36042
1	1.36124
1	1.35822
1	1.35383
1	1.35822
1	1.36042
1	1.36179
1	1.35959
1	1.3585
1	1.36014
1	1.35603
1	1.35685
1	1.3563
1	1.35685
1	1.34422
1	1.34779
1	1.3585
1	1.36069
1	1.35548
1	1.36042
1	1.36234
1	1.35575
1	1.34038
1	1.34257
1	1.34806
1	1.35108
1	1.35822
1	1.3585
1	1.35795
1	1.35218
1	1.34944
1	1.35465
1	1.35493
1	1.35273
1	1.3574
1	1.3563
1	1.34505
1	1.34971
1	1.35383
1	1.35712
1	1.35685
1	1.3585
1	1.36563
1	1.36344
1	1.36206
1	1.36426
1	1.36316
1	1.35932
1	1.36124
1	1.36755
1	1.36618
1	1.36563
1	1.36097
1	1.35932
1	1.35822
1	1.35328
1	1.35218
1	1.35877
1	1.35932
1	1.35246
1	1.35136
1	1.35548
1	1.3563
1	1.35795
1	1.35218
1	1.34944
1	1.34834
1	1.34834
1	1.34752
1	1.34532
1	1.34752
1	1.34697
1	1.3401
1	1.3445
1	1.34889
1	1.35108
1	1.3552
1	1.35355
1	1.34806
1	1.34697
1	1.34916
1	1.35246
1	1.34834
1	1.34587
1	1.34505
1	1.34257
1	1.33873
1	1.32473
1	1.32061
1	1.30524
1	1.30909
1	1.30881
1	1.29042
1	1.2896
1	1.29811
1	1.29646
1	1.28932
1	1.29701
1	1.28658
1	1.29289
1	1.29454
1	1.28822
1	1.2863
1	1.29399
1	1.29262
1	1.2885
1	1.29371
1	1.29426
1	1.29316
1	1.29316
1	1.29344
1	1.29509
1	1.29591
1	1.29811
-1	1.29783
-1	1.29509
-1	1.29811
-1	1.30113
-1	1.29975
-1	1.30058
-1	1.30442
-1	1.30881
-1	1.29838
-1	1.30195
-1	1.30305
-1	1.29865
-1	1.29756
-1	1.30003
-1	1.29783
-1	1.3003
-1	1.29262
-1	1.29124
-1	1.29344
-1	1.30058
-1	1.30497
-1	1.30305
-1	1.30826
-1	1.31348
-1	1.31183
-1	1.30305
-1	1.30332
-1	1.30305
-1	1.30167
-1	1.30387
-1	1.29893
-1	1.30058
-1	1.30442
-1	1.29344
-1	1.28246
-1	1.29042
-1	1.28054
-1	1.2896
-1	1.29454
-1	1.2885
-1	1.29509
-1	1.29207
-1	1.29289
-1	1.29097
-1	1.29207
-1	1.29564
-1	1.29399
-1	1.29399
-1	1.29564
-1	1.29042
-1	1.28685
-1	1.28273
1	1.28273
1	1.28109
1	1.28246
1	1.27834
1	1.28493
-1	1.28164
-1	1.28466
-1	1.28466
-1	1.28301
-1	1.28932
-1	1.28081
-1	1.27752
-1	1.28301
-1	1.27889
-1	1.27615
-1	1.27285
-1	1.27038
-1	1.2745
-1	1.26462
1	1.26626
1	1.26132
1	1.26791
1	1.26654
1	1.26873
1	1.25501
1	1.25281
1	1.25172
1	1.25638
1	1.2594
1	1.25419
1	1.25199
1	1.22152
1	1.22893
1	1.22838
1	1.22097
1	1.22509
1	1.22646
1	1.21932
1	1.21164
1	1.21905
1	1.22152
1	1.22125
1	1.21411
1	1.21932
1	1.21438
1	1.22152
1	1.22399
1	1.22564
1	1.22921
1	1.23168
1	1.23278
1	1.24046
-1	1.23305
-1	1.23058
-1	1.22646
-1	1.22399
-1	1.22701
-1	1.23332
-1	1.2336
-1	1.2336
-1	1.23387
-1	1.23113
-1	1.23168
-1	1.23195
-1	1.23387
-1	1.23607
-1	1.23991
-1	1.23799
-1	1.23881
-1	1.23909
-1	1.23854
-1	1.23717
-1	1.23827
-1	1.24266
-1	1.25034
-1	1.24238
-1	1.24074
-1	1.24293
-1	1.24183
-1	1.23991
-1	1.24128
-1	1.23991
-1	1.23689
-1	1.23689
-1	1.23744
-1	1.23909
-1	1.23772
-1	1.23936
-1	1.24321
-1	1.24705
-1	1.24513
-1	1.24238
-1	1.24513
-1	1.2443
-1	1.2487
-1	1.24815
-1	1.2476
-1	1.24623
-1	1.24568
-1	1.24485
-1	1.2454
-1	1.25007
-1	1.25748
-1	1.26928
-1	1.2627
-1	1.2583
-1	1.26297
-1	1.26517
-1	1.27422
-1	1.29618
-1	1.29756
-1	1.28822
-1	1.2874
-1	1.28411
-1	1.28356
-1	1.29344
-1	1.29234
-1	1.29454
-1	1.28905
-1	1.29399
-1	1.29481
-1	1.29591
-1	1.3025
-1	1.29564
-1	1.29124
-1	1.29097
-1	1.29179
-1	1.29509
-1	1.29536
-1	1.29289
-1	1.28822
-1	1.28713
-1	1.28905
-1	1.29069
-1	1.28932
-1	1.28877
-1	1.29509
-1	1.29399
-1	1.29179
-1	1.29975
-1	1.29536
-1	1.29289
-1	1.29399
-1	1.29509
-1	1.29701
-1	1.29673
-1	1.29536
-1	1.2896
-1	1.2863
-1	1.27642
-1	1.27752
-1	1.2863
-1	1.28328
-1	1.27724
-1	1.27834
-1	1.27807
-1	1.27615
-1	1.27779
-1	1.27697
-1	1.27917
-1	1.28328
-1	1.28164
-1	1.28246
-1	1.28273
-1	1.28301
-1	1.28383
-1	1.28767
-1	1.28603
-1	1.28685
-1	1.29097
-1	1.29097
-1	1.29207
-1	1.29042
-1	1.28932
-1	1.29042
-1	1.2874
-1	1.28905
-1	1.29234
-1	1.29454
-1	1.29179
-1	1.2885
-1	1.29179
-1	1.29179
-1	1.29042
-1	1.28905
-1	1.28685
-1	1.2874
-1	1.28658
-1	1.27834
-1	1.28164
-1	1.27834
-1	1.28109
-1	1.28054
-1	1.28246
-1	1.28767
-1	1.28548
-1	1.2863
-1	1.28466
-1	1.28328
-1	1.28054
-1	1.28219
-1	1.2863
-1	1.28466
-1	1.2852
-1	1.28685
-1	1.2896
-1	1.2767
-1	1.2734
-1	1.26077
-1	1.2627
1	1.26489
1	1.25858
1	1.26681
1	1.27093
1	1.26764
1	1.26873
1	1.26572
1	1.26517
1	1.2594
1	1.25501
1	1.25281
1	1.25528
1	1.24925
1	1.25199
1	1.25336
1	1.26352
1	1.26407
1	1.26791
1	1.27038
-1	1.26819
-1	1.26572
-1	1.26517
-1	1.26215
-1	1.26297
-1	1.26928
-1	1.26077
-1	1.26626
-1	1.27258
-1	1.27038
-1	1.27175
-1	1.27258
-1	1.27395
-1	1.2756
-1	1.2767
-1	1.27038
-1	1.27862
-1	1.32226
-1	1.3165
-1	1.31128
-1	1.31183
-1	1.30414
-1	1.29509
-1	1.29289
-1	1.28685
-1	1.28383
-1	1.28877
-1	1.28356
-1	1.29097
-1	1.29454
-1	1.29097
-1	1.28713
-1	1.29371
-1	1.29207
-1	1.29701
-1	1.29783
-1	1.29618
-1	1.29454
-1	1.29756
-1	1.29673
-1	1.2896
-1	1.27999
-1	1.2745
-1	1.2745
-1	1.26873
-1	1.26489
-1	1.27121
-1	1.25721
-1	1.25885
-1	1.26379
-1	1.26544
-1	1.26736
-1	1.26873
-1	1.27038
-1	1.27093
-1	1.27203
-1	1.2723
-1	1.2745
-1	1.27862
-1	1.27779
-1	1.27917
-1	1.27752
-1	1.2734
-1	1.27422
-1	1.2756
-1	1.27313
-1	1.27148
-1	1.26791
-1	1.28026
-1	1.27615
-1	1.2756
-1	1.2723
-1	1.26105
-1	1.26599
-1	1.26379
-1	1.26105
-1	1.25858
-1	1.25666
-1	1.2583
-1	1.25144
-1	1.25254
-1	1.2347
-1	1.24266
-1	1.24732
-1	1.25172
-1	1.25309
-1	1.24732
-1	1.25583
-1	1.25226
-1	1.25803
-1	1.26023
-1	1.2605
-1	1.26379
-1	1.26407
-1	1.26846
-1	1.26791
-1	1.26681
-1	1.26901
-1	1.26654
-1	1.26736
-1	1.26242
-1	1.26297
-1	1.26681
-1	1.27038
-1	1.26928
-1	1.26626
-1	1.26901
-1	1.27175
-1	1.26928
-1	1.26572
-1	1.26819
-1	1.26681
-1	1.26407
-1	1.25968
-1	1.2616
-1	1.26132
-1	1.25913
-1	1.25721
-1	1.26901
-1	1.26379
-1	1.26077
-1	1.2627
-1	1.2594
-1	1.26324
-1	1.26324
-1	1.26132
-1	1.2627
-1	1.26352
-1	1.26105
-1	1.26023
-1	1.25501
-1	1.25721
-1	1.26105
-1	1.26324
-1	1.2627
-1	1.26654
-1	1.26105
-1	1.25583
-1	1.25803
-1	1.25309
-1	1.2454
-1	1.2487
-1	1.2465
-1	1.2443
-1	1.24376
-1	1.25309
-1	1.25364
-1	1.25226
-1	1.25419
-1	1.25254
-1	1.25172
-1	1.2487
-1	1.25034
-1	1.2487
-1	1.25391
-1	1.25007
-1	1.25391
-1	1.25364
-1	1.25336
-1	1.25309
-1	1.25226
-1	1.25364
-1	1.25638
-1	1.25474
-1	1.25474
-1	1.25556
-1	1.25199
-1	1.25062
-1	1.24595
-1	1.24815
-1	1.25666
-1	1.25364
-1	1.24787
-1	1.2465
-1	1.24623
-1	1.24897
-1	1.25172
-1	1.25309
-1	1.25254
-1	1.25336
-1	1.26242
-1	1.26846
-1	1.27121
-1	1.26956
-1	1.26654
-1	1.26626
-1	1.26572
-1	1.27038
-1	1.27148
-1	1.27285
-1	1.28383
-1	1.28767
-1	1.28767
-1	1.2896
-1	1.29262
-1	1.29454
-1	1.28685
-1	1.28987
-1	1.28795
-1	1.2896
-1	1.29069
-1	1.28658
-1	1.28767
-1	1.29069
-1	1.28932
-1	1.28877
-1	1.28932
-1	1.29069
-1	1.28575
-1	1.28191
-1	1.27944
-1	1.28273
-1	1.28438
-1	1.28548
-1	1.2852
-1	1.2885
-1	1.28877
-1	1.29042
-1	1.28822
-1	1.28603
-1	1.28383
-1	1.28109
-1	1.28438
-1	1.28767
-1	1.2896
-1	1.2863
-1	1.2874
-1	1.2896
-1	1.28932
-1	1.29316
-1	1.29097
-1	1.28383
-1	1.28301
-1	1.28767
-1	1.29152
-1	1.28905
-1	1.29152
-1	1.28301
-1	1.28548
-1	1.28932
-1	1.29042
-1	1.29371
-1	1.29289
-1	1.29811
-1	1.29811
-1	1.30113
-1	1.29426
-1	1.29316
-1	1.29975
-1	1.30058
-1	1.29756
-1	1.30085
-1	1.30113
-1	1.29838
-1	1.30195
-1	1.31512
-1	1.32336
-1	1.32363
-1	1.31595
-1	1.31952
-1	1.30991
-1	1.31485
-1	1.31265
-1	1.30799
-1	1.30744
-1	1.30991
-1	1.31375
-1	1.30991
-1	1.30689
-1	1.31156
-1	1.31073
-1	1.30909
-1	1.30689
-1	1.30991
-1	1.30909
-1	1.30909
-1	1.31101
-1	1.30771
-1	1.30991
-1	1.31238
-1	1.31101
-1	1.31046
-1	1.30826
-1	1.28219
-1	1.24513
-1	1.23085
-1	1.22646
-1	1.22262
1	1.24238
1	1.24925
1	1.24403
1	1.24897
1	1.25034
1	1.26132
1	1.25885
1	1.25885
1	1.25474
1	1.25885
1	1.26489
1	1.26572
1	1.26654
1	1.26764
1	1.26983
1	1.2874
-1	1.28191
-1	1.28328
-1	1.27944
-1	1.27175
-1	1.26654
-1	1.26736
-1	1.27313
-1	1.27011
-1	1.27121
-1	1.27313
-1	1.26956
-1	1.2723
-1	1.27121
-1	1.26901
-1	1.26901
-1	1.26846
-1	1.27093
-1	1.2745
-1	1.27395
-1	1.27587
-1	1.2756
-1	1.2723
-1	1.27121
-1	1.27203
-1	1.27148
-1	1.26489
-1	1.26572
-1	1.26572
-1	1.26599
-1	1.26434
-1	1.2616
-1	1.26434
-1	1.26132
-1	1.25638
-1	1.25501
1	1.25556
1	1.26242
1	1.25721
1	1.25666
1	1.25638
1	1.25968
1	1.25748
1	1.26215
1	1.26242
1	1.2594
1	1.26132
1	1.26187
1	1.25913
1	1.25638
1	1.25858
1	1.25693
1	1.25611
1	1.25583
1	1.25666
1	1.25803
1	1.25666
1	1.25885
1	1.25775
1	1.26023
1	1.26572
1	1.26023
1	1.2627
1	1.25885
1	1.26023
1	1.26023
1	1.26324
1	1.26544
1	1.26736
1	1.27258
1	1.2723
1	1.27368
1	1.27779
1	1.28767
1	1.28109
1	1.27642
1	1.27917
1	1.28356
1	1.28136
1	1.27724
1	1.27944
1	1.28273
1	1.28328
1	1.28493
1	1.28246
1	1.28054
1	1.27999
1	1.27917
1	1.28383
1	1.28383
1	1.2756
1	1.27971
1	1.27999
1	1.28081
1	1.28109
1	1.27697
1	1.27422
1	1.27477
1	1.27944
1	1.27752
1	1.27834
1	1.28301
1	1.27971
1	1.27422
1	1.2767
1	1.27752
1	1.28246
1	1.27999
1	1.27999
1	1.28466
1	1.28438
1	1.29838
1	1.3003
1	1.31238
1	1.3014
1	1.31018
1	1.32309
-1	1.31458
-1	1.30909
-1	1.31238
-1	1.30607
-1	1.30277
-1	1.30058
-1	1.3003
-1	1.3014
-1	1.30195
-1	1.30716
-1	1.30497
-1	1.29948
-1	1.29042
-1	1.29481
-1	1.29783
-1	1.29673
-1	1.29426
-1	1.29289
-1	1.29371
-1	1.29591
-1	1.29811
-1	1.29262
-1	1.29069
-1	1.29124
-1	1.29124
-1	1.29207
-1	1.29481
-1	1.29756
-1	1.29756
-1	1.29124
-1	1.29316
-1	1.29591
-1	1.28191
-1	1.28548
-1	1.28905
-1	1.28905
-1	1.28548
-1	1.28438
-1	1.28273
-1	1.2863
-1	1.28713
-1	1.28932
-1	1.29152
-1	1.2885
-1	1.28795
-1	1.29289
-1	1.29399
-1	1.29838
-1	1.30167
-1	1.30167
-1	1.3003
-1	1.29893
-1	1.3025
-1	1.30689
-1	1.30552
-1	1.30799
-1	1.30716
-1	1.30414
-1	1.30579
-1	1.30854
-1	1.30936
-1	1.30963
-1	1.31458
-1	1.31183
-1	1.31485
-1	1.31348
-1	1.30854
-1	1.30991
-1	1.31211
-1	1.31018
-1	1.31018
-1	1.30689
-1	1.31485
-1	1.3165
-1	1.31485
-1	1.3283
-1	1.3165
-1	1.31595
-1	1.31211
-1	1.3132
-1	1.31595
-1	1.3143
-1	1.3165
-1	1.31952
-1	1.32061
-1	1.32034
-1	1.32226
-1	1.32007
-1	1.31924
-1	1.31952
-1	1.32034
-1	1.32089
-1	1.32089
-1	1.32034
-1	1.31897
-1	1.31485
-1	1.31265
-1	1.3154
-1	1.3154
-1	1.31238
-1	1.3132
-1	1.31211
-1	1.31293
-1	1.31211
-1	1.31375
-1	1.31265
-1	1.31128
-1	1.30881
-1	1.31156
-1	1.31265
-1	1.31046
-1	1.31238
-1	1.31293
-1	1.31211
-1	1.31156
-1	1.30936
-1	1.31046
-1	1.31101
-1	1.31293
-1	1.31265
-1	1.32144
-1	1.31924
-1	1.31869
-1	1.31814
-1	1.31732
-1	1.31458
-1	1.3165
-1	1.32061
-1	1.31787
-1	1.32034
-1	1.32061
-1	1.32116
-1	1.32089
-1	1.31814
-1	1.31622
-1	1.31897
-1	1.31814
-1	1.31265
-1	1.31458
-1	1.31073
-1	1.31265
-1	1.31458
-1	1.31348
-1	1.31183
-1	1.30579
-1	1.30442
-1	1.30799
-1	1.30826
-1	1.30936
-1	1.31046
-1	1.31211
-1	1.31403
-1	1.3143
-1	1.3132
-1	1.3143
-1	1.31375
-1	1.31156
-1	1.31128
-1	1.31183
-1	1.31211
-1	1.31375
-1	1.31403
-1	1.31293
-1	1.31211
-1	1.3132
-1	1.31183
-1	1.30881
-1	1.30991
-1	1.31101
-1	1.31211
-1	1.30854
-1	1.30826
-1	1.30579
-1	1.30305
-1	1.30442
-1	1.30305
-1	1.30222
-1	1.30113
-1	1.3014
-1	1.30195
-1	1.30442
-1	1.30662
-1	1.30497
-1	1.3014
-1	1.3025
-1	1.30195
-1	1.30332
-1	1.3036
-1	1.30497
-1	1.30524
-1	1.30607
-1	1.30524
-1	1.30524
-1	1.30909
-1	1.30991
-1	1.30771
-1	1.30854
-1	1.30826
-1	1.30744
-1	1.30689
-1	1.30552
-1	1.30579
-1	1.30552
-1	1.30716
-1	1.30826
-1	1.30689
-1	1.30607
-1	1.30552
-1	1.30771
-1	1.30826
-1	1.30909
-1	1.30799
-1	1.30579
-1	1.30579
-1	1.30524
-1	1.30387
-1	1.3025
-1	1.30414
-1	1.30387
-1	1.30442
-1	1.30277
-1	1.30277
-1	1.30332
-1	1.30662
-1	1.30662
-1	1.30771
-1	1.30689
-1	1.30442
-1	1.31018
-1	1.31211
-1	1.31622
-1	1.31787
-1	1.32007
-1	1.31458
-1	1.31622
-1	1.3143
-1	1.31622
-1	1.31622
-1	1.31732
-1	1.31924
-1	1.3176
-1	1.3143
-1	1.3154
-1	1.31622
-1	1.31485
-1	1.3143
-1	1.30909
-1	1.30442
-1	1.30634
-1	1.30552
-1	1.29179
-1	1.29509
-1	1.29536
-1	1.29865
-1	1.30113
-1	1.30167
-1	1.30058
-1	1.30058
-1	1.29948
-1	1.29811
-1	1.29756
-1	1.2992
-1	1.30167
-1	1.30085
-1	1.30167
-1	1.29152
-1	1.29564
-1	1.29618
-1	1.29481
-1	1.29316
-1	1.29097
-1	1.29069
-1	1.26544
-1	1.27175
1	1.27422
1	1.27203
1	1.26956
1	1.26434
1	1.26846
1	1.27313
1	1.2745
1	1.27587
1	1.2767
1	1.27285
1	1.27697
1	1.27724
1	1.27724
1	1.27587
-1	1.2756
-1	1.27752
-1	1.27615
-1	1.2767
-1	1.27532
-1	1.27203
-1	1.27422
-1	1.27642
-1	1.2767
-1	1.27121
-1	1.27258
-1	1.27505
-1	1.2734
-1	1.27587
-1	1.27615
-1	1.27615
-1	1.27532
-1	1.27615
-1	1.27697
-1	1.27532
-1	1.27642
-1	1.27642
-1	1.2756
-1	1.27697
-1	1.27724
-1	1.2767
-1	1.27752
-1	1.27697
-1	1.28081
-1	1.27971
-1	1.27917
-1	1.27779
-1	1.27258
-1	1.2723
1	1.27285
1	1.2723
1	1.26983
1	1.26956
1	1.26489
1	1.2594
1	1.26023
1	1.26352
1	1.25666
1	1.25666
1	1.25995
1	1.26462
1	1.26352
1	1.25693
1	1.26077
1	1.25995
1	1.25995
1	1.26215
1	1.25803
1	1.26324
1	1.26077
1	1.26297
1	1.26215
1	1.26187
1	1.27038
-1	1.26873
-1	1.26681
-1	1.26242
-1	1.26709
-1	1.27038
-1	1.26983
-1	1.27038
-1	1.26983
-1	1.26983
-1	1.27313
-1	1.27395
-1	1.27642
-1	1.2756
-1	1.27532
-1	1.27615
-1	1.27477
-1	1.27642
-1	1.2745
-1	1.27175
-1	1.27066
-1	1.26819
-1	1.26983
-1	1.26599
-1	1.26819
-1	1.26544
-1	1.26489
-1	1.26572
-1	1.26324
-1	1.25995
-1	1.27313
1	1.27313
1	1.26928
1	1.27066
1	1.2734
1	1.27258
1	1.27642
1	1.27642
1	1.27697
1	1.27505
1	1.27724
1	1.27395
1	1.2756
1	1.27697
1	1.2756
1	1.27258
1	1.27148
1	1.2723
1	1.27422
1	1.27203
1	1.26819
1	1.2723
1	1.2723
1	1.27066
1	1.27313
1	1.27148
1	1.27121
1	1.26434
1	1.26489
1	1.26352
1	1.26654
1	1.26407
1	1.26489
1	1.26489
1	1.26599
1	1.26791
1	1.27175
1	1.26819
1	1.26709
1	1.26681
1	1.26626
1	1.26462
1	1.26379
1	1.27148
1	1.27148
1	1.26736
1	1.27121
1	1.27066
1	1.27203
1	1.26928
1	1.26434
1	1.26544
1	1.26297
1	1.2605
1	1.26324
1	1.26297
1	1.26544
1	1.26572
1	1.26819
1	1.26901
1	1.27121
1	1.27313
1	1.27422
1	1.2756
1	1.27422
1	1.27175
1	1.27285
1	1.27532
1	1.27834
1	1.27368
1	1.27505
1	1.27615
1	1.27697
1	1.2767
1	1.27642
1	1.27642
1	1.27697
1	1.27615
1	1.27313
1	1.27532
1	1.27642
1	1.27505
1	1.2745
1	1.27477
1	1.27203
1	1.27066
1	1.26873
1	1.26901
1	1.26764
1	1.26846
1	1.26489
1	1.26819
1	1.27285
1	1.27285
1	1.2734
1	1.27368
1	1.27066
1	1.26846
1	1.26407
1	1.26352
1	1.2616
1	1.26297
1	1.26023
1	1.26105
1	1.25748
1	1.25638
1	1.25885
1	1.25995
1	1.26242
1	1.2627
1	1.26352
1	1.26379
1	1.2605
1	1.25775
1	1.25775
1	1.26023
1	1.26132
1	1.26297
1	1.26324
1	1.26187
1	1.2583
1	1.25556
1	1.25583
1	1.25254
1	1.25172
1	1.25446
1	1.25474
1	1.25446
1	1.25144
1	1.24952
1	1.24293
1	1.24238
1	1.23854
1	1.23881
1	1.24321
1	1.24183
1	1.24376
1	1.24485
1	1.24046
1	1.24183
1	1.24211
1	1.24101
1	1.24211
1	1.24046
1	1.24101
1	1.24348
1	1.24156
1	1.24321
1	1.23881
1	1.23991
1	1.23799
1	1.24238
1	1.25034
1	1.24485
1	1.24979
1	1.24815
1	1.25034
1	1.25391
1	1.24842
1	1.24925
1	1.24979
1	1.24897
1	1.25419
-1	1.25391
-1	1.25172
-1	1.25391
-1	1.25666
-1	1.26544
-1	1.27121
-1	1.27175
-1	1.27313
-1	1.27422
-1	1.27532
-1	1.27587
-1	1.27422
-1	1.27313
-1	1.26983
-1	1.27148
-1	1.26654
-1	1.26572
-1	1.26599
-1	1.26626
-1	1.26819
-1	1.26489
-1	1.26572
-1	1.26599
-1	1.26517
-1	1.26901
-1	1.27148
-1	1.27175
-1	1.27038
-1	1.26791
-1	1.26873
-1	1.27422
-1	1.27175
-1	1.27258
-1	1.27368
-1	1.27313
-1	1.27368
-1	1.27422
-1	1.2745
-1	1.27368
-1	1.27066
-1	1.26791
-1	1.26517
-1	1.27011
-1	1.26626
-1	1.26956
-1	1.26764
-1	1.26681
-1	1.26599
-1	1.26434
-1	1.26324
-1	1.26489
-1	1.26434
-1	1.26105
-1	1.25995
-1	1.25995
-1	1.26215
-1	1.26352
-1	1.26517
-1	1.26544
-1	1.26709
-1	1.26599
-1	1.26626
-1	1.2627
-1	1.26434
-1	1.26352
-1	1.26132
-1	1.2605
-1	1.26462
-1	1.26105
-1	1.25391
-1	1.25721
-1	1.25583
-1	1.25611
-1	1.25309
-1	1.25501
-1	1.2583
-1	1.25583
-1	1.25364
-1	1.25144
-1	1.25144
-1	1.25254
-1	1.25254
-1	1.25226
-1	1.25364
-1	1.25364
-1	1.25775
-1	1.25775
-1	1.25748
-1	1.25721
-1	1.25885
-1	1.25913
-1	1.25748
-1	1.25528
-1	1.25995
-1	1.26023
-1	1.2605
-1	1.2594
-1	1.26077
-1	1.26242
-1	1.26242
-1	1.26187
-1	1.26023
-1	1.26105
-1	1.26105
-1	1.26297
-1	1.26187
-1	1.26297
-1	1.26434
-1	1.26599
-1	1.26379
-1	1.26489
-1	1.26572
-1	1.26764
-1	1.26819
-1	1.26956
-1	1.26791
-1	1.26681
-1	1.27368
-1	1.27258
-1	1.26983
-1	1.27093
-1	1.2734
-1	1.2723
-1	1.27368
-1	1.2745
-1	1.2745
-1	1.27285
-1	1.27505
-1	1.27505
-1	1.2723
-1	1.27313
-1	1.26736
-1	1.26956
-1	1.26983
-1	1.26901
-1	1.27066
-1	1.27148
-1	1.27285
-1	1.2723
-1	1.26983
-1	1.26846
-1	1.26599
-1	1.26462
-1	1.26599
-1	1.26846
-1	1.26407
-1	1.26132
-1	1.2627
-1	1.25968
-1	1.25968
-1	1.2616
-1	1.26077
-1	1.26242
-1	1.2605
-1	1.26434
-1	1.26791
-1	1.26434
-1	1.26462
-1	1.26517
-1	1.26709
-1	1.26489
-1	1.25913
-1	1.25995
-1	1.26132
-1	1.26242
-1	1.26846
-1	1.26572
-1	1.26901
-1	1.26407
-1	1.27093
-1	1.26819
-1	1.26489
-1	1.26846
-1	1.26791
-1	1.27093
-1	1.27697
-1	1.27724
-1	1.27505
-1	1.27697
-1	1.2756
-1	1.2745
-1	1.27724
-1	1.27807
-1	1.2852
-1	1.28301
-1	1.27834
-1	1.27752
-1	1.27779
-1	1.28136
-1	1.2852
-1	1.28219
-1	1.28246
-1	1.28164
-1	1.28191
-1	1.27999
-1	1.28328
-1	1.28301
-1	1.28191
-1	1.28081
-1	1.28301
-1	1.27944
-1	1.28301
-1	1.28328
-1	1.28191
-1	1.28301
-1	1.28081
-1	1.28219
-1	1.27917
-1	1.27944
-1	1.28356
-1	1.28109
-1	1.27697
-1	1.27642
-1	1.27697
-1	1.2756
-1	1.2723
-1	1.27175
-1	1.27285
-1	1.27313
-1	1.27203
-1	1.27066
-1	1.27066
-1	1.27121
-1	1.27368
-1	1.27203
-1	1.27175
-1	1.27121
-1	1.2745
-1	1.27285
-1	1.27175
-1	1.27203
-1	1.27477
-1	1.2734
-1	1.27258
-1	1.27175
-1	1.27066
-1	1.27148
-1	1.26873
-1	1.26873
-1	1.26489
-1	1.26572
-1	1.26599
-1	1.26819
-1	1.26764
-1	1.26654
-1	1.26709
-1	1.26489
-1	1.26654
-1	1.26517
-1	1.26681
-1	1.26626
-1	1.26626
-1	1.26489
-1	1.26764
-1	1.26709
-1	1.26681
-1	1.26297
-1	1.26105
-1	1.26132
-1	1.25885
-1	1.25611
-1	1.25556
-1	1.25666
-1	1.2487
-1	1.24897
-1	1.24787
-1	1.24513
-1	1.24732
-1	1.24815
-1	1.2487
-1	1.24705
-1	1.24842
-1	1.24897
-1	1.24732
-1	1.2487
-1	1.24842
-1	1.25117
-1	1.25281
-1	1.25309
-1	1.25583
-1	1.25995
-1	1.2605
-1	1.25748
-1	1.25775
0	0.4578
