0	1567.12
0	1569.33
0	1570.57
0	1569
0	1570.85
0	1570.97
0	1571.29
0	1571.72
0	1569.83
0	1572.44
0	1578
0	1577.8
0	1573.41
0	1573.19
0	1576.24
0	1576.02
0	1574.2
0	1575.34
0	1574
0	1573.59
0	1576.18
0	1574.42
0	1573.96
0	1574.28
0	1566.95
0	1565.44
0	1566.19
0	1565.25
0	1563.33
0	1564.78
0	1561.24
0	1562.14
0	1562.98
0	1565.22
0	1566.72
0	1569.64
0	1568.98
0	1569.89
0	1569.38
0	1570.36
0	1569.2
0	1567.47
0	1565.84
0	1564.43
0	1562.84
0	1564.48
0	1565.73
0	1570.83
0	1571.41
0	1570.41
0	1574.11
0	1572.69
0	1573.54
0	1574.41
0	1577.27
0	1577.1
0	1575.08
0	1575.45
0	1575.1
0	1576.57
0	1575.59
0	1574.5
0	1575.7
0	1574.79
0	1574.92
0	1575.02
0	1573.97
0	1572.23
0	1571.88
0	1573
0	1573.04
0	1573.51
0	1571.51
0	1572.68
0	1571.35
0	1569.04
0	1569.83
0	1569.89
0	1570.78
0	1569.41
0	1566.41
0	1564.3
0	1565.95
0	1567.14
0	1569.03
0	1566.62
0	1563.68
0	1565.88
0	1564.96
0	1565
0	1563.42
0	1566.01
0	1565.3
0	1565.75
0	1567.76
0	1566.21
0	1567.5
0	1567.08
0	1564
0	1561.86
0	1563.2
0	1563.24
0	1562.14
0	1542.51
0	1558
0	1560.62
0	1560.79
0	1558.01
0	1552.24
0	1556
0	1554.08
0	1553.78
0	1561.06
0	1562.5
0	1561.72
0	1560.53
0	1557.62
0	1553.93
0	1555.18
0	1557.06
0	1556.66
0	1556.01
0	1551.26
0	1547.93
0	1547.94
0	1551.09
0	1548.2
0	1546.21
0	1548.55
0	1554.03
0	1550.5
0	1545.72
0	1550
0	1551.97
0	1553.28
0	1554.31
0	1557.84
0	1562.42
0	1561.96
0	1567.73
0	1567.81
0	1566.58
0	1567.63
0	1566.4
0	1566.03
0	1564.36
0	1563.25
0	1565.1
0	1563.39
0	1563.48
0	1561.25
0	1561.21
0	1559
0	1559.99
0	1562.31
0	1563.06
0	1560.96
0	1561.59
0	1562.84
0	1559.07
0	1556.1
0	1551.62
0	1551.12
0	1554.23
0	1553.72
0	1552.94
0	1554.14
0	1553.08
0	1552.53
0	1553.01
0	1551.29
0	1550.77
0	1554.94
0	1554.57
0	1552.58
0	1554.28
0	1552.78
0	1554.12
0	1555.81
0	1555.31
0	1556.29
0	1559.06
0	1558.98
0	1558.2
0	1558.47
0	1558.29
0	1557.23
0	1558.41
0	1556.1
0	1556.15
0	1553.91
0	1551.04
0	1552.87
0	1554.17
0	1551.58
0	1551.6
0	1549.22
0	1548.06
0	1548.14
0	1561.36
0	1558.14
0	1559.61
0	1560.39
0	1559.17
0	1556.58
0	1555.84
0	1560.44
0	1557.63
0	1557.05
0	1557.45
0	1554.41
0	1554.76
0	1550.03
0	1548.72
0	1553.21
0	1551.07
0	1552.35
0	1554.35
0	1552.73
0	1550.37
0	1552.53
0	1560.24
0	1560.08
0	1560.67
0	1559.9
0	1554.98
0	1553.02
0	1550.75
0	1550.72
0	1551.43
0	1545.59
0	1537.42
0	1533.51
0	1534.34
0	1532.38
0	1533.65
0	1538.5
0	1533.72
0	1535.85
0	1536.99
0	1538.05
0	1537.41
0	1537.82
0	1538.83
0	1544.34
0	1542.42
0	1542.85
0	1540.82
0	1540.99
0	1542.44
0	1541.74
0	1539.99
0	1538.91
0	1537.61
0	1538.41
0	1540.02
0	1539.68
0	1538.14
0	1537.76
0	1538.46
0	1538.59
0	1539.01
0	1541.01
0	1539.56
0	1539.07
0	1537.87
0	1536.91
0	1537.22
0	1533.99
0	1532.34
0	1532.35
0	1533.41
0	1531.85
0	1530.27
0	1532.29
0	1533.43
0	1532.57
0	1530.54
0	1533.49
0	1535.24
0	1533.23
0	1535.43
0	1535.32
0	1532.76
0	1531.79
0	1530.73
0	1531.98
0	1529.41
0	1528.67
0	1535.17
0	1539.04
0	1540.84
0	1541.09
0	1540.55
0	1539.91
0	1538.42
0	1538.38
0	1538.11
0	1534.04
0	1536.48
0	1533.51
0	1530.35
0	1526.82
0	1526.61
0	1529.05
0	1526.34
0	1529.44
0	1526.89
0	1524.27
0	1509.04
0	1505.75
0	1499.78
0	1494.36
0	1492.71
0	1488.27
0	1477.29
0	1473.8
0	1448.84
0	1414.7
0	1433.82
0	1441.04
0	1438.25
0	1432.1
0	1445.84
0	1439.69
0	1437.22
0	1432.54
0	1436.96
0	1436.23
0	1436.26
0	1437.32
0	1429.26
0	1426.53
0	1426.87
0	1425.9
0	1422.56
0	1424.24
0	1428.28
0	1429.74
0	1432.62
0	1425.49
0	1427.3
0	1425.76
0	1426.35
0	1428
0	1429.32
0	1426.34
0	1423.94
0	1420.48
0	1417.75
0	1415.51
0	1413.76
0	1417.28
0	1420.78
0	1420.08
0	1415.74
0	1416
0	1412.06
0	1406.57
0	1397.59
0	1405.82
0	1407.87
0	1412.27
0	1409.1
0	1409.83
0	1403.85
0	1407.42
0	1404.53
0	1405.39
0	1397.33
0	1396.88
0	1396.31
0	1385.68
0	1375.66
0	1379.56
0	1385.87
0	1380.99
0	1376.84
0	1384.6
0	1384.11
0	1395.03
0	1392.55
0	1396.08
0	1393.89
0	1394.77
0	1419.29
0	1424.63
0	1401.54
0	1410.07
0	1389.55
0	1401.23
0	1399.65
0	1403.83
0	1405.53
0	1417.03
0	1412.32
0	1425.67
0	1421.26
0	1414.99
0	1406.75
0	1406.29
0	1410.91
0	1407.41
0	1411
0	1406.54
0	1408.7
0	1403.85
0	1413.53
0	1411.15
0	1416.14
0	1423.5
0	1423.66
0	1421.1
0	1416.14
0	1417.93
0	1414.15
0	1413.28
0	1411.78
0	1424.61
0	1426.11
0	1422.35
0	1418.82
0	1424.15
0	1430.16
0	1428.34
0	1430.56
0	1426.44
0	1427.01
0	1434.03
0	1429.6
0	1435.57
0	1445.57
0	1444.94
0	1464.65
0	1466.24
0	1460.58
0	1461.52
0	1464.51
0	1464.84
0	1458.52
0	1454.85
0	1456.61
0	1458.31
0	1451.77
0	1458.03
0	1457.2
0	1460.33
0	1463.62
0	1465.02
0	1463.03
0	1462.17
0	1458.58
0	1454.3
0	1454.29
0	1457.19
0	1455.82
0	1457.22
0	1430.96
0	1416.65
0	1416.55
0	1421.81
0	1448.87
0	1434.26
0	1438.57
0	1434.01
0	1431.65
0	1434.86
0	1433.67
0	1436.21
0	1435.83
0	1426.22
0	1428.29
0	1426.48
0	1421.81
0	1427.1
0	1425.76
0	1432.28
0	1429.76
0	1426.26
0	1430.88
0	1432.49
0	1431.2
0	1429.29
0	1429.13
0	1431.57
0	1435.36
0	1432.44
0	1431
0	1432.38
0	1431.89
0	1428.01
0	1426.69
0	1424.84
0	1428.69
0	1431.93
0	1435.76
0	1441.51
0	1445.59
0	1449.43
0	1445.79
0	1451.88
0	1451.34
0	1448.59
0	1445.85
0	1448.7
0	1447.21
0	1449.22
0	1450.38
0	1454.4
0	1467.21
0	1466.21
0	1462.01
0	1459.72
0	1464.83
0	1465.03
0	1465.43
0	1465.52
0	1459.21
0	1459.69
0	1459.27
0	1460.61
0	1464.75
0	1471.97
0	1464.26
0	1464.16
0	1460.35
0	1463.94
0	1464.9
0	1465.17
0	1461.23
0	1463.72
0	1456.76
0	1455.76
0	1458.89
0	1465.63
0	1469.62
0	1465.59
0	1467.98
0	1467
0	1464.47
0	1461.64
0	1466.31
0	1465.42
0	1468.24
0	1467.24
0	1465.57
0	1462.98
0	1461.92
0	1462.52
0	1459.64
0	1458.43
0	1458.83
0	1460.18
0	1457.59
0	1459.56
0	1461.99
0	1462
0	1462.16
0	1463.22
0	1461.41
0	1463.66
0	1463
0	1460.39
0	1461.64
0	1463.43
0	1463.68
0	1463.74
0	1464.01
0	1466.48
0	1466.08
0	1465.17
0	1454.11
0	1456.97
0	1457.17
0	1458.91
0	1462.11
0	1462.53
0	1463.65
0	1457.93
0	1455.99
0	1456.47
0	1459.47
0	1454.33
0	1457.68
0	1454.6
0	1452.65
0	1455.88
0	1458.04
0	1460.17
0	1459.07
0	1462.43
0	1464.32
0	1507.71
0	1507.41
0	1514.98
0	1515.15
0	1527.93
0	1537.18
0	1532.1
0	1536.17
0	1518.51
0	1517.94
0	1512.57
0	1520.87
0	1527.7
0	1536.44
0	1541.09
0	1537.79
0	1535.72
0	1534.03
0	1541.12
0	1534.33
0	1578.99
0	1572.19
0	1564.31
0	1569.78
0	1573.16
0	1573.05
0	1580.33
0	1574.67
0	1585.97
0	1614.01
0	1611.88
0	1600.9
0	1604.62
0	1603.09
0	1599.23
0	1600.88
0	1590.37
0	1588.44
0	1589.3
0	1587.29
0	1589.97
0	1587.87
0	1588.43
0	1597.51
0	1595.62
0	1596.73
0	1594.93
0	1595.79
0	1595.45
0	1597.88
0	1599.48
0	1595.49
0	1596.81
0	1598.94
0	1601.91
0	1601.1
0	1608.1
0	1611.21
0	1606.84
0	1601.05
0	1599.49
0	1593.36
0	1586.85
0	1590.9
0	1579.68
0	1569.12
0	1570.76
0	1573.58
0	1579
0	1579.88
0	1583.55
0	1580.33
0	1579
0	1576.07
0	1581.07
0	1579.85
0	1580.61
0	1576.7
0	1582.31
0	1590.69
0	1593.38
0	1585.7
0	1598.37
0	1617.01
0	1636.53
0	1638.2
0	1643.34
0	1674.08
0	1690
0	1670.54
0	1664.68
0	1670.37
0	1663.49
0	1664.93
0	1663.49
0	1657.26
0	1662.91
0	1672.15
0	1669.36
0	1670.13
0	1670.9
0	1671.87
0	1676.84
0	1679.59
0	1673.12
0	1682.49
0	1677.68
0	1668.37
0	1663.91
0	1666.12
0	1665.42
0	1672.97
0	1664.42
0	1668.11
0	1667.28
0	1678.32
0	1680.21
0	1678.83
0	1680.3
0	1676.33
0	1666.71
0	1672.55
0	1673.45
0	1667.63
0	1675.57
0	1671.89
0	1667.48
0	1665.01
0	1674.26
0	1670.05
0	1675.33
0	1674.46
0	1673.32
0	1672.48
0	1669.78
0	1669.88
0	1673.79
0	1676.83
0	1677.57
0	1676.2
0	1675.17
0	1671.25
0	1675.26
0	1689.01
0	1672.39
0	1668.77
0	1672.26
0	1671.72
0	1674.46
0	1671.34
0	1672.01
0	1675.11
0	1667.79
0	1666.41
0	1666.63
0	1658.51
0	1666.9
0	1665.47
0	1665.55
0	1665.07
0	1662.41
0	1666.66
0	1667.84
0	1666.29
0	1672.11
0	1673.63
0	1681.27
0	1682.55
0	1677.97
0	1682.47
0	1683.65
0	1680.37
0	1677.01
0	1713.41
0	1735.36
0	1761.71
0	1736.34
0	1738.73
0	1732.45
0	1737
0	1742.92
0	1741.51
0	1758.9
0	1770
0	1759.82
0	1763.23
0	1770.03
0	1773.03
0	1751.54
0	1757.5
0	1763.92
0	1764.13
0	1755.07
0	1753.35
0	1755.72
0	1736.82
0	1749.98
0	1746.58
0	1727.24
0	1706.5
0	1696.94
0	1702.18
0	1720.3
0	1713.36
0	1714.65
0	1703.93
0	1700.23
0	1683.89
0	1687.11
0	1696.89
0	1695.37
0	1708.92
0	1698.9
0	1699.82
0	1701.4
0	1702.45
0	1700.81
0	1706
0	1699.4
0	1696.41
0	1686.49
0	1691.81
0	1699.76
0	1705.99
0	1712.34
0	1710.24
0	1709.42
0	1706.52
0	1707.74
0	1707.73
0	1707.97
0	1708.23
0	1699.67
0	1701.38
0	1701.76
0	1699.53
0	1702.74
0	1701.86
0	1702.8
0	1706.85
0	1706.16
0	1699.88
0	1698.57
0	1697.5
0	1700.16
0	1703.87
0	1701.73
0	1699.05
0	1701.13
0	1701.93
0	1705.13
0	1702.87
0	1698.62
0	1698.11
0	1697.81
0	1697.13
0	1691.67
0	1686.29
0	1686.71
0	1685.83
0	1681.74
0	1686.94
0	1678.57
0	1675.21
0	1658.63
0	1670.79
0	1679.92
0	1671.6
0	1669.84
0	1666.65
0	1676.22
0	1689.43
0	1684.94
0	1678.91
0	1666.82
0	1666.88
0	1657.74
0	1638.07
0	1654.97
0	1649.43
0	1642.83
0	1631.3
0	1634.04
0	1634.48
0	1635.62
0	1620.25
0	1616.01
0	1630.92
0	1630.65
0	1621.62
0	1629.52
0	1621.93
0	1638.58
0	1642.85
0	1647.11
0	1644.91
0	1653.3
0	1639.49
0	1647.99
0	1638.33
0	1644.46
0	1652.39
0	1647.04
0	1650.59
0	1646.93
0	1652.01
0	1653.8
0	1662.31
0	1654.82
0	1650.6
0	1648.29
0	1646.99
0	1649.47
0	1647.16
0	1649.96
0	1650.55
0	1655.76
0	1643.24
0	1640.18
0	1640.73
0	1643.89
0	1642.61
0	1645.61
0	1649.32
0	1652.63
0	1651.17
0	1649.76
0	1642.44
0	1646.47
0	1642.88
0	1646.31
0	1643.55
0	1645.01
0	1638.83
0	1640.44
0	1639.35
0	1645.14
0	1644.57
0	1644.31
0	1649.24
0	1646.55
0	1646.52
0	1652.83
0	1653.44
0	1658.07
0	1655.57
0	1655.57
0	1655.07
0	1651.83
0	1654.16
0	1653.68
0	1645.83
0	1644.8
0	1660.68
0	1653.23
0	1656.43
0	1657.38
0	1661.64
0	1664.56
0	1657.29
0	1660.07
0	1658.83
0	1660.36
0	1654.31
0	1662.08
0	1649.75
0	1650.42
0	1653.89
0	1643.74
0	1651.05
0	1657.16
0	1650.99
0	1656.31
0	1657.99
0	1659.16
0	1656.29
0	1659.64
0	1662.93
0	1663.06
0	1659.07
0	1657.64
0	1658.15
0	1660.99
0	1656.75
0	1658.86
0	1660.45
0	1656.25
0	1657.81
0	1660.24
0	1659.15
0	1661.25
0	1663.89
0	1681.01
0	1679.53
0	1679.64
0	1676.3
0	1676.32
0	1671.41
0	1656.31
0	1662.09
0	1667.13
0	1680.98
0	1671.48
0	1672.67
0	1670.56
0	1669.34
0	1672.69
0	1673.62
0	1671.52
0	1676.39
0	1673.73
0	1670.91
0	1668.46
0	1663.77
0	1665.13
0	1667.49
0	1682.03
0	1686.73
0	1695.77
0	1709.69
0	1719.92
0	1701.2
0	1703.71
0	1708.21
0	1708.26
0	1702.01
0	1708.62
0	1706.48
0	1705.77
0	1705.2
0	1703.54
0	1704.18
0	1700.29
0	1698.83
0	1703.27
0	1705.62
0	1705.83
0	1721.26
0	1724.84
0	1718.15
0	1712.45
0	1716.46
0	1715.59
0	1717.7
0	1716.46
0	1712.83
0	1711.98
0	1712.05
0	1716.6
0	1713.79
0	1720.03
0	1723.73
0	1732.2
0	1739.21
0	1745.07
0	1741.16
0	1742.67
0	1755.18
0	1761.12
0	1746.16
0	1742.8
0	1735.55
0	1737.12
0	1739.27
0	1740.34
0	1739.34
0	1736
0	1739.43
0	1722.73
0	1703.6
0	1711.13
0	1716.99
0	1711.26
0	1711.36
0	1717.41
0	1721.19
0	1718.02
0	1714.48
0	1712.18
0	1728.01
0	1723.47
0	1722.43
0	1725.57
0	1716.6
0	1718.65
0	1721.94
0	1733.26
0	1740.61
0	1741.27
0	1741.63
0	1744.15
0	1739.07
0	1742.09
0	1736.22
0	1741.49
0	1742.5
0	1745.83
0	1765.23
0	1757.88
0	1758.95
0	1765.66
0	1776.67
0	1772.19
0	1788.11
0	1782.45
0	1781.58
0	1789.27
0	1783.72
0	1773.39
0	1785.4
0	1818.92
0	1824.77
0	1827.37
0	1818.39
0	1814.54
0	1818.62
0	1815.72
0	1814.83
0	1806.11
0	1805.63
0	1808.69
0	1811.27
0	1810.57
0	1804.72
0	1812.79
0	1811.1
0	1805.56
0	1804.3
0	1807.45
0	1812.03
0	1813.17
0	1809.65
0	1809.18
0	1808.28
0	1812.36
0	1814.06
0	1812.14
0	1818.33
0	1814.12
0	1797.94
0	1804.51
0	1805.47
0	1809.27
0	1805.36
0	1804.12
0	1813.07
0	1812.24
0	1813.25
0	1811.41
0	1815.79
0	1815.39
0	1811.83
0	1812.05
0	1810.4
0	1813.15
0	1806.32
0	1810.23
0	1817.15
0	1827.3
0	1828.15
0	1820.52
0	1816.65
0	1815.14
0	1815.13
0	1821.29
0	1815.1
0	1814.22
0	1805.81
0	1799.6
0	1779.34
0	1786
0	1787.1
0	1773.24
0	1786.7
0	1794.38
0	1787.14
0	1773
0	1778.08
0	1786.33
0	1788.86
0	1789.77
0	1790.08
0	1792.82
0	1793.57
0	1797.05
0	1794.31
0	1790.23
0	1786.31
0	1790.15
0	1795.62
0	1790.42
0	1790.92
0	1788.1
0	1781.27
0	1777.53
0	1778.42
0	1779.58
0	1764.94
0	1769.18
0	1770.47
0	1754.98
0	1754.34
0	1758.84
0	1770.11
0	1769.33
0	1777.59
0	1774.75
0	1774.91
0	1779.05
0	1778.5
0	1778.33
0	1776.57
0	1780.7
0	1779
0	1777.78
0	1779.43
0	1775.63
0	1778.31
0	1782.52
0	1781.19
0	1777.08
0	1779.59
0	1779.14
0	1778.81
0	1778.99
0	1778.67
0	1777.46
0	1777.49
0	1772.2
0	1770.07
0	1769.46
0	1768.52
1	1770.17
1	1772.47
1	1774.8
1	1770.35
1	1777.62
1	1777.11
1	1773.75
1	1773.29
1	1770.54
1	1777.15
1	1777.29
1	1773.81
1	1778.14
1	1775.79
1	1773.93
1	1773.72
1	1774.13
1	1776.41
1	1784.66
1	1793.14
1	1782.07
1	1785.56
1	1783.43
1	1779.81
1	1780.82
1	1775.81
1	1775.79
1	1777.17
1	1787.06
1	1786.13
1	1786.2
1	1792.94
1	1792.34
1	1790.39
1	1793.61
1	1796.1
1	1800.44
1	1822.1
-1	1816.17
-1	1817
-1	1810.39
-1	1814.01
-1	1808.65
-1	1809.87
-1	1814.5
-1	1817.98
-1	1822.31
-1	1833.83
-1	1829.34
-1	1823.6
-1	1821.22
-1	1816.17
-1	1810.7
-1	1795.77
-1	1793.82
-1	1805.29
-1	1805.6
-1	1800.39
-1	1793.64
-1	1799.12
-1	1797.97
-1	1805.81
-1	1804.98
-1	1803.9
-1	1807.23
-1	1799.77
-1	1780.68
-1	1779.61
-1	1778.37
-1	1774.22
-1	1771.42
-1	1777.05
-1	1777.17
-1	1777.98
-1	1774.79
-1	1779.04
-1	1773.24
-1	1755.71
-1	1766.58
-1	1765.45
-1	1751.85
-1	1751.68
-1	1751.4
1	1751.59
1	1754.25
1	1750
1	1752.14
1	1756.67
1	1756.22
1	1754.29
1	1759.17
1	1763.38
1	1760.4
1	1753.83
1	1758.22
1	1770.87
1	1769.22
1	1785.09
1	1791.5
-1	1785.19
-1	1787.58
-1	1782.4
-1	1788.6
-1	1781.29
-1	1782.63
-1	1777.17
-1	1779.77
-1	1775.92
-1	1775.88
-1	1777.96
-1	1774.64
-1	1777.45
-1	1786.95
-1	1781.22
-1	1779.41
-1	1774.86
-1	1779.51
-1	1778.14
-1	1782.02
-1	1775.37
-1	1773.97
-1	1760.34
-1	1760.26
-1	1763.73
-1	1768.81
-1	1765.95
-1	1774.25
-1	1767.02
-1	1772.08
-1	1770.55
-1	1763.14
-1	1758.86
-1	1759.87
-1	1758.8
-1	1752.88
-1	1759.43
-1	1757.99
-1	1760.4
-1	1747.15
-1	1753.58
-1	1758.47
-1	1762.11
-1	1763.24
-1	1757.04
-1	1744.68
-1	1752.44
-1	1752.97
-1	1756.52
-1	1757.46
-1	1754.02
-1	1757.58
-1	1758.09
-1	1756.86
-1	1751.59
-1	1753.14
-1	1747.72
-1	1747.08
-1	1752.28
-1	1747.5
-1	1738.99
-1	1732.51
-1	1724.4
1	1732.78
1	1734.38
1	1741.66
1	1747.55
1	1748.47
1	1741.92
1	1744.42
1	1753.48
1	1752.31
1	1747.91
1	1751.71
1	1752.59
1	1748.74
1	1749.65
1	1743.97
1	1746.07
1	1746.14
1	1750.04
1	1750.22
1	1748.78
1	1750.15
1	1746.47
1	1744.62
1	1738.9
1	1740.43
1	1738.49
1	1740.62
1	1744.03
1	1738.83
1	1721.19
1	1728.71
1	1730.18
1	1730.34
1	1731.02
1	1732.34
1	1735.43
1	1737.13
1	1736.91
1	1735.75
1	1750.14
1	1748.4
1	1751.96
1	1758.71
1	1760.12
1	1757.98
1	1754.82
1	1758.31
1	1761.48
1	1761.34
1	1763.13
1	1763.29
1	1786.62
1	1805.51
1	1808.99
1	1814.76
1	1806.5
1	1819.75
-1	1810.97
-1	1807.23
-1	1813.49
-1	1805.48
-1	1809.74
-1	1809.14
-1	1813.29
-1	1812.55
-1	1814.4
-1	1816.27
-1	1815.87
-1	1811.8
-1	1806.65
-1	1804.05
-1	1792.37
-1	1790.17
-1	1785.75
-1	1783.57
-1	1784.73
-1	1788.17
-1	1789.51
-1	1797.43
-1	1798.5
-1	1791.19
-1	1790.69
-1	1792
-1	1798.94
-1	1796.97
-1	1790.61
-1	1793.24
-1	1789.58
-1	1793.63
-1	1794.31
-1	1791.28
-1	1785.92
-1	1793.76
-1	1793.65
-1	1798.6
-1	1798.26
-1	1801.23
-1	1799.52
-1	1796.4
-1	1782.96
-1	1788.29
-1	1787.18
-1	1792.37
-1	1792.25
-1	1794.08
-1	1797.79
-1	1797.34
-1	1794.91
-1	1794.2
-1	1803.3
-1	1803.61
-1	1800.92
-1	1799.59
-1	1797.59
-1	1797.05
-1	1798.24
-1	1801.18
-1	1803.56
-1	1806.35
-1	1802.35
-1	1803.65
-1	1800.5
-1	1797.81
-1	1796.73
-1	1798.45
-1	1795.32
-1	1794.88
-1	1790.08
-1	1792.75
-1	1791.51
-1	1791.46
-1	1789.25
-1	1785.97
-1	1784.04
-1	1789.01
-1	1787.58
-1	1786.38
-1	1789.75
-1	1789.96
-1	1787.87
-1	1790
-1	1790.2
-1	1789.69
-1	1785
-1	1785.25
-1	1792.04
-1	1796.57
-1	1795.62
-1	1795.69
-1	1796.21
-1	1801.99
-1	1798.88
-1	1797.49
-1	1800.63
-1	1802.73
-1	1804.46
-1	1801.97
-1	1812.51
-1	1813.69
-1	1810.28
-1	1806.26
-1	1798.58
-1	1804.84
-1	1805.25
-1	1803.17
-1	1793.99
-1	1784.23
-1	1779.89
-1	1787.2
-1	1781.38
-1	1786.96
-1	1780.17
-1	1772.27
-1	1746.05
-1	1752.64
-1	1730.54
-1	1716.84
1	1719.02
1	1722.05
1	1723.79
1	1732.55
1	1738.47
1	1730.58
1	1720.18
1	1719.46
1	1720.84
1	1721.35
1	1720.32
1	1726.72
1	1730.52
1	1734.36
1	1733.62
1	1734.33
1	1735.84
1	1741.1
1	1741.27
1	1737.38
1	1734.35
1	1733.6
1	1732.9
1	1730.06
1	1734.54
1	1735.44
1	1736.51
1	1739.07
1	1739.44
1	1737.1
1	1739.14
1	1737.21
1	1738.57
1	1738.09
1	1736.41
1	1731.7
1	1733.88
1	1738.1
1	1745.6
1	1749.27
1	1750.5
1	1750.49
1	1751.38
1	1750.36
1	1747.68
1	1746.98
1	1749.49
1	1750.84
1	1751.83
1	1750.44
1	1751.86
1	1751.44
1	1750.29
1	1751.61
1	1751.98
1	1754.93
1	1754.16
1	1752.08
1	1752.85
1	1751.05
1	1747.03
1	1747.15
1	1749.84
1	1754.8
1	1756.68
1	1752.68
1	1750.68
1	1751.22
1	1749.24
1	1745.84
1	1746.01
1	1747.6
1	1750.81
1	1748.3
1	1751.81
1	1803.53
1	1830.69
1	1832.34
1	1836.18
1	1836.99
1	1828.89
-1	1826.75
-1	1825.17
-1	1828.54
-1	1824.06
-1	1818.9
-1	1829.26
-1	1826.4
-1	1828.49
-1	1819.88
-1	1813.21
-1	1801.98
-1	1802.56
-1	1801.03
-1	1809.93
-1	1820.84
-1	1811.47
-1	1810.3
-1	1814.95
-1	1815.8
-1	1814.03
-1	1810.97
-1	1812.07
-1	1813.99
-1	1811.55
-1	1806.45
-1	1810.11
-1	1808.5
-1	1814.03
-1	1816.39
-1	1815.65
-1	1813.79
-1	1814.67
-1	1815.52
-1	1816.24
-1	1810.38
-1	1810.05
-1	1814.15
-1	1817.25
-1	1815.22
-1	1817.69
-1	1816.92
-1	1814.09
-1	1809.38
-1	1810.33
-1	1811.7
-1	1812.26
-1	1812.34
-1	1813.59
-1	1811.23
-1	1807.1
-1	1804.5
-1	1808.71
-1	1809.98
-1	1810.39
-1	1811.88
-1	1812.97
-1	1814.23
-1	1812.71
-1	1813.26
-1	1813
-1	1811.91
-1	1812.83
-1	1815.18
-1	1807.14
-1	1807.04
-1	1802.09
-1	1794.88
-1	1791.21
-1	1799.54
-1	1792.31
-1	1786.82
-1	1783.12
-1	1783.7
-1	1786.37
-1	1787.47
-1	1787.67
-1	1789.52
-1	1789.52
-1	1789.52
-1	1789.52
-1	1789.52
-1	1789.52
-1	1777.49
-1	1773.61
-1	1766
-1	1763.12
-1	1755.4
-1	1763.99
-1	1761.49
-1	1767.01
-1	1766.64
-1	1766.44
-1	1764.78
-1	1762.76
-1	1757.34
-1	1742.98
-1	1736.44
1	1737.51
1	1739.79
1	1744.1
1	1747.48
1	1756.03
1	1757.79
1	1763.38
-1	1763.11
-1	1763.86
-1	1759.44
-1	1753.15
-1	1742.71
-1	1748.62
-1	1742.13
-1	1732.99
-1	1741.56
-1	1745.21
-1	1746.97
-1	1749.01
-1	1744.52
-1	1743.26
-1	1746.58
-1	1750.8
-1	1748.72
-1	1749.57
-1	1751.39
-1	1753.94
-1	1756.99
-1	1756.33
-1	1755
-1	1754.58
-1	1751.61
-1	1753.88
-1	1756.86
-1	1761.21
-1	1758.03
-1	1758.66
-1	1757.64
-1	1757.01
-1	1755.87
-1	1756
-1	1754.64
-1	1758.67
-1	1755.95
-1	1753.37
-1	1754.18
-1	1752.59
-1	1746.62
-1	1744.05
-1	1746.7
-1	1747.5
-1	1750.99
-1	1748.74
-1	1750.18
-1	1751.44
-1	1751.85
-1	1747.25
-1	1748.03
-1	1743.31
-1	1741.18
-1	1743.38
-1	1739.99
-1	1743.58
-1	1744.88
-1	1748.17
-1	1746.53
-1	1741.73
-1	1749.34
-1	1747.45
-1	1746.42
-1	1747.55
-1	1744.94
-1	1745.25
-1	1745.86
-1	1741.49
-1	1744.58
-1	1745.5
-1	1743.57
-1	1745.41
-1	1752.53
-1	1754.42
-1	1752.16
-1	1754.41
-1	1751.49
-1	1748.32
-1	1747.16
-1	1748.97
-1	1752.87
-1	1754.93
-1	1754.79
-1	1756.39
-1	1755.69
-1	1752.84
-1	1754.33
-1	1744.68
-1	1746.06
-1	1744.32
-1	1745.28
-1	1744.82
-1	1744.83
-1	1738.93
-1	1724.37
-1	1725.18
-1	1727.08
-1	1716.98
1	1722.03
1	1725.64
1	1731.78
1	1730.55
1	1734.65
1	1734.67
1	1730.21
1	1732.76
1	1742.07
1	1738.91
1	1739.22
1	1737.83
1	1737.93
1	1738.26
1	1742.35
1	1741.88
1	1741.88
1	1740.98
1	1749.49
1	1750.58
1	1748.59
1	1750
1	1753.05
1	1751.7
1	1750.45
1	1751.4
1	1750.69
1	1752.59
1	1753.37
1	1750.87
1	1751
1	1749.57
1	1748.27
1	1748.32
1	1746.74
1	1749.12
1	1749.84
1	1746.68
1	1750.99
1	1753.24
1	1753.54
1	1751.33
1	1750.74
1	1751.91
1	1753.29
1	1753.83
1	1752.52
1	1752.55
1	1752.54
1	1752.67
1	1777.02
1	1774.75
1	1778.96
-1	1777.01
-1	1772.64
-1	1774.99
-1	1772.56
-1	1768.84
-1	1769.8
-1	1771.43
-1	1772.96
-1	1769.24
-1	1772.41
-1	1777.76
-1	1774.01
-1	1772.6
-1	1773.85
-1	1775.57
-1	1774.12
-1	1774.87
-1	1788.97
-1	1796.47
-1	1788.8
-1	1781.31
-1	1769.71
-1	1763.63
-1	1767.51
-1	1767.87
-1	1762.61
-1	1762.81
-1	1763.59
-1	1762.51
-1	1762.5
-1	1756.8
-1	1761.72
-1	1763.69
-1	1766.64
-1	1766.97
-1	1769.22
-1	1766.35
-1	1766.84
-1	1765.99
-1	1766.59
-1	1764.44
-1	1765.09
-1	1765.82
-1	1768.19
-1	1765.87
-1	1759.75
-1	1760.35
-1	1759.42
-1	1760.17
-1	1759.26
-1	1764.12
-1	1772.64
-1	1774.19
-1	1774.01
-1	1776.08
-1	1777.61
-1	1777.8
-1	1777.74
-1	1773.88
-1	1772.91
-1	1778.37
-1	1777.09
-1	1778.87
-1	1774.05
-1	1770.25
-1	1768.09
-1	1763.31
-1	1764.02
-1	1763.39
-1	1764.34
-1	1765.53
-1	1765.81
-1	1763.19
-1	1766.23
-1	1765
-1	1767.49
-1	1767.71
-1	1764.68
-1	1764.63
-1	1760.68
-1	1760.78
-1	1760.67
-1	1750.3
-1	1752.71
-1	1754.76
-1	1752.37
-1	1753.44
-1	1754.2
-1	1752.15
-1	1753.5
-1	1752.2
-1	1751.74
-1	1752.44
-1	1754.11
-1	1756.2
-1	1754.69
-1	1760.88
-1	1761.88
-1	1763.38
-1	1762.04
-1	1760.76
-1	1763.17
-1	1764.96
-1	1766.91
-1	1767.3
-1	1765.21
-1	1765.42
-1	1767.3
-1	1763.25
-1	1758.71
-1	1756.1
-1	1754.45
-1	1756.43
-1	1759.03
-1	1754.93
-1	1752.09
-1	1739.29
-1	1740.01
-1	1719.75
-1	1698.41
1	1711.27
1	1713.08
1	1711.74
1	1723.83
1	1722.89
1	1718.02
1	1717.42
1	1714.51
1	1710.73
1	1712.66
1	1707.92
1	1713.2
1	1713.31
1	1716
1	1714.52
1	1714.3
1	1717.36
1	1707.46
1	1704.58
1	1702.16
1	1707.85
1	1704.44
1	1707.74
1	1712.4
1	1709.47
1	1708.71
1	1713.01
1	1712.94
1	1711.55
1	1709.55
1	1709.49
1	1712.42
1	1713.8
1	1711.9
1	1715.22
1	1715
1	1715
1	1712.52
1	1707.56
1	1704.12
1	1712.16
1	1720.31
1	1717.02
1	1716.57
1	1710.94
1	1712.61
1	1713.72
1	1712.73
1	1710.88
1	1710.93
1	1711.65
1	1712.81
1	1713.33
1	1713.12
1	1718.16
1	1719.49
1	1716.06
1	1717.03
1	1724.3
1	1730.82
1	1732.23
1	1729.65
1	1731.44
1	1727.86
1	1728.79
1	1729.61
1	1724.53
1	1724.78
1	1723.81
1	1725.91
1	1728.07
1	1726.64
1	1724.61
1	1723.52
1	1718.7
1	1721.49
1	1719.71
1	1715.41
1	1717.58
1	1723.71
1	1730.94
1	1732.37
1	1745.48
1	1743.99
1	1730.93
1	1734.26
1	1737.05
1	1733.06
1	1735.91
1	1738.26
1	1737.6
1	1745.54
1	1744.49
1	1741.97
1	1740.03
1	1739.61
1	1741.44
1	1743.26
1	1744.08
1	1739.83
1	1737.57
1	1737.17
1	1735.31
1	1735.62
1	1735.31
1	1732.96
1	1736.42
1	1737.35
1	1742.06
1	1748.4
1	1777.23
1	1774.66
1	1773.63
1	1774.51
1	1785.85
1	1780.92
1	1781.92
1	1777.64
1	1774.54
1	1769
1	1773.81
1	1771.99
1	1769.05
1	1771.7
1	1771.83
1	1768.01
1	1770.48
1	1773.13
1	1775.59
1	1772.9
1	1772.99
1	1773.48
1	1776.05
1	1775
1	1775.24
1	1780.76
1	1782.52
1	1779.75
1	1778.47
1	1779.22
1	1781.65
1	1779.79
1	1779.42
1	1778.19
1	1778.75
1	1777.23
1	1778.07
1	1780.8
1	1785.88
1	1790.81
1	1791.85
1	1789.95
1	1792.1
1	1788.76
1	1789.67
1	1791.13
1	1810.3
1	1809.59
1	1805.06
1	1803.48
1	1806.59
1	1810
1	1804.86
1	1815.37
1	1819.17
1	1817.02
1	1820.63
1	1821.62
1	1819.54
1	1816.92
1	1814.24
1	1813.54
1	1815.77
1	1813.6
1	1810.97
1	1807
1	1809.76
1	1808.81
1	1811.22
1	1805.15
1	1808.53
1	1806.82
1	1810.83
1	1808.18
1	1806.08
1	1811.52
1	1810.18
1	1811.87
1	1804.27
1	1799.65
1	1796.64
1	1799.15
1	1804.29
1	1807.81
1	1807.68
1	1803.27
1	1801.84
1	1798.89
1	1793.24
1	1801.35
1	1802.24
1	1795.75
1	1798.5
1	1799.44
1	1800.09
1	1803.24
1	1803.81
1	1804.6
1	1805.44
1	1805.87
1	1809.02
1	1806.27
1	1808.07
1	1803.4
1	1803.47
1	1801.67
1	1805.66
1	1800.3
1	1794.61
1	1789.35
1	1792.39
1	1789.97
1	1790.52
1	1797.6
1	1797.09
1	1794.04
1	1793.07
1	1794.35
1	1796.3
1	1794.14
1	1785.26
1	1786.1
1	1791.53
1	1788.98
1	1791.09
1	1794.88
1	1812.5
1	1823.93
1	1816.8
1	1780.08
1	1782.47
1	1786.47
1	1787.66
1	1790.28
1	1795.92
1	1796.59
1	1796.82
1	1793.65
1	1791.18
1	1795.55
1	1797.13
1	1800.23
1	1796.12
1	1795
1	1796.16
1	1795.98
1	1799.39
1	1805.82
1	1806.47
1	1807.23
1	1806.26
1	1799.09
1	1799.12
1	1797.24
1	1797.82
1	1798.31
1	1800.63
1	1805.2
1	1799.75
1	1801.02
1	1803.53
1	1801.87
1	1804.07
1	1806.58
1	1804.62
1	1800.52
1	1799.12
1	1804.84
1	1804.21
1	1803.8
0	1802.13
0	1799.85
0	1797.69
0	1787.62
0	1794.6
0	1794.7
0	1795.01
0	1793.34
0	1787.78
0	1790.63
0	1789.42
0	1783.91
0	1788.05
0	1787.57
0	1785.56
0	1785.42
0	1777.82
0	1769.27
0	1770.18
0	1770.17
0	1773
0	1774.83
0	1776.6
0	1778.92
0	1782.73
0	1780.7
0	1781.62
0	1781.32
0	1785.25
0	1793.57
0	1795.23
0	1793.9
0	1792.62
0	1790.84
0	1792.8
0	1793.63
0	1793.68
0	1792.29
0	1784.47
0	1786.41
0	1790.3
0	1792.19
0	1793.61
0	1792.84
0	1802.79
0	1800.92
0	1805.43
0	1812.15
0	1810.41
0	1803.98
0	1802.35
0	1800.03
0	1804.14
0	1802.54
0	1803.18
0	1803.87
0	1806.42
0	1805.42
0	1803.22
0	1800.51
0	1802.82
0	1804.34
0	1804.71
0	1802.23
0	1802.89
0	1802.31
0	1796.62
0	1796.8
0	1797.82
0	1799.17
0	1797.95
0	1791.95
0	1786.74
0	1786.98
0	1795.23
0	1793.7
0	1791.57
0	1790.03
0	1790
0	1792.41
0	1791.09
0	1788.92
0	1790.16
0	1791.25
0	1796.39
0	1794.48
0	1792.89
0	1794.21
0	1790.95
0	1794.06
0	1792.89
0	1792.51
0	1794.73
0	1807.8
0	1807.08
0	1808.78
0	1818.99
0	1832
0	1826.3
0	1830.46
0	1834.27
0	1841.78
0	1836.73
0	1837.24
0	1828.75
0	1827.94
0	1830.6
0	1830.11
0	1824.85
0	1826.03
0	1830.33
0	1830.19
0	1829.56
0	1823.63
0	1825.53
0	1824.23
0	1824.9
0	1825.69
0	1822.95
0	1822.59
0	1824.35
0	1827.67
0	1829.22
0	1825.41
0	1821.59
0	1825.23
0	1817.7
0	1818.43
0	1822.43
0	1827.35
0	1824.26
0	1824.23
0	1826.9
0	1827.93
0	1826.34
0	1824.79
0	1825.51
0	1822.19
0	1821.52
0	1824.7
0	1824.01
0	1821.58
0	1822.85
0	1823.31
0	1824.81
0	1826.44
0	1833.43
0	1832.62
0	1829.67
0	1826.33
0	1829.25
0	1828.9
0	1826.37
0	1826.02
0	1825.99
0	1825.88
0	1826.28
0	1827.48
0	1826.92
0	1824.42
0	1820.81
0	1823.62
0	1825.58
0	1824.34
0	1818.12
0	1820.06
0	1823.06
0	1822.05
0	1823.8
0	1824.82
0	1823.46
0	1823.98
0	1828.2
0	1826.22
0	1825.26
0	1825.68
0	1825.79
0	1826.77
0	1824.48
0	1822.75
0	1824.52
0	1824.94
0	1826.95
0	1826.22
0	1826.4
0	1826.71
0	1824.04
0	1825.53
0	1826.42
0	1826.36
0	1826.68
0	1825.67
0	1826.32
0	1825.22
0	1825.28
0	1823.73
0	1821.44
0	1819.47
0	1816.86
0	1818.78
0	1820.4
0	1818.76
0	1820.38
0	1823.42
0	1823.1
0	1821.47
0	1815.34
0	1818.18
0	1818.3
0	1818.83
0	1816.83
0	1816.6
0	1813.64
0	1814.16
0	1815.59
0	1814.56
0	1813.54
0	1812.82
0	1814.76
0	1815.88
0	1818.29
0	1819.66
0	1816.63
0	1820.32
0	1820.22
0	1820.23
0	1820.7
0	1820.99
0	1823.22
0	1824.34
0	1823.28
0	1824.21
0	1821.88
0	1820.11
0	1820.79
0	1821.57
0	1821.13
0	1817.45
0	1813.19
0	1815.17
0	1815.44
0	1815.28
0	1811.99
0	1814.37
0	1813.41
0	1813.34
0	1813.77
0	1813.61
0	1817.47
0	1816.72
0	1817.68
0	1817.6
0	1816.07
0	1814.8
0	1814.09
0	1815.01
0	1815.76
0	1821.47
0	1821.87
0	1820.37
0	1819.8
0	1822.05
0	1823.09
0	1824.03
0	1821.77
0	1820.45
0	1820.6
0	1817.99
0	1818.96
0	1818.66
0	1818.34
0	1819.58
0	1820.96
0	1821.54
0	1821.72
0	1819.56
0	1819.77
0	1819.87
0	1817.17
0	1818.52
0	1818.43
0	1819.03
0	1817.42
0	1817.05
0	1812.8
0	1815.42
0	1813.3
0	1809.2
0	1812.35
0	1815.68
0	1813.93
0	1812.25
0	1816.15
0	1815.16
0	1812.84
0	1796.57
0	1795.01
0	1795.33
0	1797.54
0	1796.16
0	1792.99
0	1793.68
0	1795.2
0	1796.87
0	1796.26
0	1802.46
0	1801.52
0	1801.41
0	1799.59
0	1800.56
0	1797.7
0	1795.95
0	1793.29
0	1779.7
0	1781.75
0	1782
0	1785.42
0	1788.19
0	1788.38
0	1791.63
0	1791.35
0	1789.27
0	1786.95
0	1781.91
0	1786.28
0	1786.12
0	1793.41
0	1793.31
0	1793.22
0	1792.79
0	1794.51
0	1793.4
0	1793.29
0	1788.6
0	1791.09
0	1788.66
0	1785.46
0	1769.67
0	1771.89
0	1775.37
0	1774.46
0	1777.2
0	1775.23
0	1775.74
0	1776.41
0	1777.36
0	1778.34
0	1776.92
0	1775.44
0	1773.49
0	1777.29
0	1776.7
0	1779.31
0	1781
0	1778.47
0	1779.62
0	1780.68
0	1781.52
0	1785.87
0	1788.33
0	1791.86
0	1790.53
0	1794.87
0	1804.46
0	1814.49
0	1812.23
0	1812.19
0	1810.86
0	1809.99
0	1809.8
0	1809.36
0	1807.86
0	1810.32
0	1809.17
0	1804.17
0	1803.09
0	1804.57
0	1807.7
0	1807.69
0	1806.64
0	1802.32
0	1798.85
0	1803.37
0	1803.29
0	1807.6
0	1807.33
0	1808.36
0	1808.1
0	1809.2
0	1800.83
0	1793.28
0	1790.51
0	1797.14
0	1795.47
0	1797.11
0	1800.04
0	1797.3
0	1794.97
0	1793.77
0	1795.88
0	1796.98
0	1800.64
0	1800.61
0	1799.82
0	1812.47
0	1829.25
0	1831.92
0	1830.53
0	1824.81
0	1828.86
0	1818.89
0	1787
0	1790.2
0	1791.95
0	1780.05
0	1780.99
0	1782.81
0	1790.6
0	1795.09
0	1799.61
0	1811.21
0	1805.21
0	1806.31
0	1807.87
0	1809.47
0	1813.89
0	1810.51
0	1809.52
0	1808.81
0	1805.94
0	1804.98
0	1806.01
0	1814.15
0	1810.6
0	1807.24
0	1809.18
0	1811.92
0	1811.05
0	1807.89
0	1809
0	1810.17
0	1808.78
0	1807.62
0	1807.88
0	1808.81
0	1803.74
0	1803.9
0	1805.57
0	1808.53
0	1808.44
0	1808.83
0	1809.23
0	1809.1
0	1813.95
0	1816.6
0	1819.47
0	1815.85
0	1808.7
0	1812.2
0	1812.99
0	1815.77
0	1818.81
0	1823.12
0	1820.7
0	1820.3
0	1825.29
0	1829.32
0	1829.63
0	1832.29
0	1831.05
0	1832.16
0	1862.91
0	1864.48
0	1861.15
0	1864.91
0	1862.16
0	1867.69
0	1866.02
0	1869.46
0	1875.77
0	1875.64
0	1868.11
0	1864.47
0	1867.37
0	1866.83
0	1870.62
0	1863.82
0	1862.42
0	1859.38
0	1862.96
0	1862.96
0	1859
0	1864.22
0	1867.34
0	1866
0	1865.69
0	1868.7
0	1870
0	1870.41
0	1868.08
0	1865.4
0	1868.94
0	1864.54
0	1866.22
0	1863.03
0	1868.95
0	1868.92
0	1869.11
0	1867.22
0	1875.12
0	1878.02
0	1876.75
0	1873.85
0	1867.25
0	1871.58
0	1873.43
0	1870.46
0	1867.47
0	1866.99
0	1864.97
0	1864.14
0	1867.34
0	1870.37
0	1867.73
0	1878.85
0	1903.81
0	1913.77
0	1907.97
0	1912.5
0	1911.98
0	1911.02
0	1913.52
0	1914.33
0	1909.67
0	1910.76
0	1908.11
0	1906.6
0	1910.52
0	1912.37
0	1910.24
0	1909.62
0	1910.16
0	1908.84
0	1909.61
0	1914.02
0	1910.17
0	1911.93
0	1913.06
0	1913.3
0	1910.19
0	1912.77
0	1912
0	1909.4
0	1910.56
0	1909.96
0	1904.95
0	1912.3
0	1911.12
0	1911
0	1912.5
0	1910.1
0	1909.33
0	1909.3
0	1910.76
0	1909.07
0	1910.8
0	1913.87
0	1912.03
0	1915.6
0	1915.65
0	1914.56
0	1912.53
0	1912.19
0	1909.62
0	1921.74
0	1922.52
0	1916.82
0	1909.53
0	1912.9
0	1894.6
0	1897.01
0	1899.76
0	1897.45
0	1901.17
0	1901
0	1901.77
0	1897.2
0	1891.98
0	1894.74
0	1895.4
0	1893.28
0	1896.11
0	1899.04
0	1898
0	1898.14
0	1899.23
0	1892.81
0	1898.35
0	1900.13
0	1902.41
0	1910.54
0	1917.71
0	1909.19
0	1911.44
0	1906.8
0	1906.77
0	1905.75
0	1908.18
0	1909.04
0	1908.09
0	1911.32
0	1909
0	1907.34
0	1910.1
0	1909.95
0	1909.37
0	1910.21
0	1911.21
0	1908.69
0	1899.84
0	1904.61
0	1896.82
0	1896.7
0	1898.6
0	1892.92
0	1896.09
0	1898.41
0	1897.58
0	1897.96
0	1896.41
0	1894.02
0	1895.71
0	1896.45
0	1897.62
0	1898.88
0	1896.36
0	1893.59
0	1893.37
0	1892.6
0	1893.69
0	1892.33
0	1883.38
0	1887.76
0	1886.22
0	1888.7
0	1890.66
0	1891.86
0	1890.41
0	1887.5
0	1885.11
0	1879.22
0	1879.94
0	1876.39
0	1881.51
0	1879.66
0	1881.21
0	1883.44
0	1879.84
0	1875.51
0	1866.3
0	1867.43
0	1862.08
0	1861.81
0	1866.01
0	1865.15
0	1868.73
0	1868.68
0	1864.41
0	1870.5
0	1865.23
0	1863.28
0	1865.78
0	1866.35
0	1861.79
0	1866.83
0	1870.61
0	1868.89
0	1865.71
0	1868.25
0	1874.57
0	1873
0	1874.4
0	1874.55
0	1874.2
0	1877.25
0	1881.14
0	1876.16
0	1876.31
0	1879.94
0	1877.99
0	1874.78
0	1875.33
0	1878.4
0	1869.63
0	1867.21
0	1869.32
0	1872.45
0	1872.26
0	1871.29
0	1872.46
0	1875.11
0	1876.48
0	1863.31
0	1867.52
0	1870.46
0	1868.43
0	1865.35
0	1863.42
0	1863.38
0	1867.37
0	1869.43
0	1870.44
0	1871.25
0	1870.91
0	1872.41
0	1871.72
0	1872.92
0	1876.79
0	1881.76
0	1881.35
0	1878.02
0	1877.41
0	1875.04
0	1876.29
0	1873.57
0	1871.76
0	1873.71
0	1875.31
0	1874.9
0	1878.09
0	1876.73
0	1876.32
0	1878.27
0	1878.59
0	1876.31
0	1874.29
0	1872.04
0	1869.38
0	1870.65
0	1866.99
0	1868.72
0	1863.72
0	1865.99
0	1866.01
0	1866.41
0	1858.81
0	1850.79
0	1852.85
0	1857.24
0	1854.82
0	1851.19
0	1854.08
0	1852.75
0	1856.26
0	1855.57
0	1854.13
0	1857.01
0	1858.14
0	1858.31
0	1852.86
0	1854.99
0	1852.25
0	1849.35
0	1850.9
0	1852.02
0	1854.94
0	1853
0	1854.38
0	1848.77
0	1853.99
0	1854.32
0	1856.45
0	1861.19
0	1858.88
0	1856.27
0	1857.57
0	1856.63
0	1859.2
0	1860.36
0	1859.04
0	1855.98
0	1852.05
0	1852.76
0	1854.47
0	1857.05
0	1859.42
0	1858.93
0	1857.92
0	1859.64
0	1854.33
0	1854.04
0	1853.39
0	1853.63
0	1856.2
0	1854.72
0	1856.02
0	1854.72
0	1853.35
0	1852.63
0	1855.74
0	1857.48
0	1854.82
0	1856.78
0	1854.9
0	1857.47
0	1867.8
0	1867.83
0	1867.19
0	1864
0	1865.64
0	1863.72
0	1861.85
0	1859.71
0	1855.11
0	1854.99
0	1856.95
0	1857.39
0	1860.58
0	1859.1
0	1859.1
0	1860.63
0	1859.01
0	1865.26
0	1866.17
0	1871.4
0	1867.72
0	1868.27
0	1869.03
0	1867.38
0	1866.46
0	1866.34
0	1868.89
0	1869.06
0	1870.25
0	1878.59
0	1875.04
0	1876.28
0	1874.08
0	1874.28
0	1874.01
0	1873
0	1873.61
0	1872.29
0	1873.05
0	1873.44
0	1871.39
0	1867.68
0	1870.06
0	1869.73
0	1872.29
0	1870.21
0	1869.68
0	1867.99
0	1867.63
0	1868.84
0	1867.41
0	1868.44
0	1867.91
0	1867.44
0	1866.81
0	1867.47
0	1863.99
0	1866.09
0	1866.42
0	1865.13
0	1866.88
0	1867.44
0	1868.23
0	1870.07
0	1869.17
0	1868.82
0	1867.48
0	1867.79
0	1865.57
0	1866.89
0	1867.27
0	1865.77
0	1867.06
0	1867.2
0	1867.66
0	1867.97
0	1866.59
0	1859.76
0	1860.58
0	1859.62
0	1855.58
0	1851.16
0	1853.88
0	1853.82
0	1854.5
0	1854.01
0	1856.31
0	1857.66
0	1856.16
0	1854.25
0	1855.44
0	1854.95
0	1854.05
0	1854.73
0	1851.16
0	1848.95
0	1850.93
0	1850.95
0	1854.23
0	1852.72
0	1849.77
0	1848.82
0	1849.91
0	1854.05
0	1855.27
0	1854.52
0	1857.16
0	1857.2
0	1857.65
0	1858.73
0	1856.48
0	1857.76
0	1858.06
0	1854.19
0	1853.17
0	1853.47
0	1855.22
0	1851.78
0	1852.76
0	1853.84
0	1852.89
0	1852.69
0	1855.07
0	1855.3
0	1853.53
0	1849.32
0	1837.28
0	1837.88
0	1835.5
0	1834.92
0	1833.11
0	1836.98
0	1835.21
0	1835.49
0	1836.75
0	1835.01
0	1834.18
0	1837.81
0	1838.2
0	1837.04
0	1838.07
0	1836.52
0	1836.01
0	1836.91
0	1834.76
0	1833.26
0	1833.42
0	1831.87
0	1836.97
0	1839.22
0	1839.61
0	1842.81
0	1840.79
0	1838.89
0	1836.72
0	1835.17
0	1834.97
0	1836.75
0	1837.92
0	1830.35
0	1832.24
0	1833.57
0	1835.15
0	1834.27
0	1837.62
0	1837.04
0	1837.16
0	1838.83
0	1839.63
0	1839.47
0	1839.64
0	1837.59
0	1836.52
0	1840.25
0	1842.06
0	1841.47
0	1843.58
0	1855.68
0	1857.52
0	1861.62
0	1854.27
0	1856.39
0	1853.85
0	1854.93
0	1855.62
0	1856.01
0	1859.92
0	1866.06
0	1865.12
0	1867.2
0	1864.8
0	1867.25
0	1866.28
0	1865.81
0	1860.81
0	1862.68
0	1858.14
0	1858.92
0	1861.74
0	1862.15
0	1862.42
0	1859.5
0	1854.14
0	1847.97
0	1850.27
0	1851.08
0	1853.19
0	1852.88
0	1857.19
0	1855.3
0	1855.94
0	1858.2
0	1859.79
0	1857.97
0	1860.01
0	1859.78
0	1859.01
0	1856.78
0	1856.02
0	1857.36
0	1862.84
0	1860.07
0	1860.34
0	1857.84
0	1859.13
0	1859.16
0	1859.27
0	1857.52
0	1858.17
0	1860
0	1860.62
0	1859.76
0	1860.33
0	1857.24
0	1858.87
0	1858.95
0	1857.8
0	1857.36
0	1857.46
0	1857.4
0	1857.44
0	1861.02
0	1861.04
0	1861.04
0	1858.09
0	1858
0	1855.55
0	1855.4
0	1855.22
0	1854.35
0	1854.92
0	1853.37
0	1850.67
0	1849.89
0	1853.61
0	1852.96
0	1857.22
0	1856.41
0	1863.5
0	1862.55
0	1863.4
0	1861.3
0	1858.49
0	1859.5
0	1863.93
0	1882.92
0	1893.67
0	1898.02
0	1893.43
0	1895.45
0	1894.31
0	1893.18
0	1895
0	1897.57
0	1894.42
0	1888.34
0	1888.91
0	1888.73
0	1884.83
0	1883.84
0	1883.18
0	1884.45
0	1885.54
0	1889.28
0	1887.36
0	1889.75
0	1902.37
0	1902.18
0	1906.93
0	1903.95
0	1915.11
0	1912.95
0	1908.31
0	1910.2
0	1910.49
0	1910.34
0	1915.29
0	1919.81
0	1913.37
0	1911.82
0	1914.62
0	1927.15
0	1932.81
0	1931.52
0	1924.81
0	1924.36
0	1920.14
0	1918.53
0	1921.7
0	1923.22
0	1919.87
0	1919.5
0	1917.8
0	1919.62
0	1920.17
0	1920.39
0	1917.89
0	1913.79
0	1916.87
0	1920.47
0	1919.58
0	1920.22
0	1921.86
0	1922.25
0	1923.72
0	1921.74
0	1919.82
0	1920.27
0	1917.15
0	1918.6
0	1916.25
0	1915.15
0	1913.61
0	1917.54
0	1918.91
0	1918.86
0	1919.06
0	1919.62
0	1919.37
0	1917.55
0	1915.97
0	1915.5
0	1917.13
0	1914.4
0	1917
0	1915.13
0	1913.73
0	1916.61
0	1913.55
0	1920.47
0	1918.3
0	1919.9
0	1907.51
0	1910.32
0	1917.66
0	1913.1
0	1911.68
0	1913.64
0	1913.07
0	1906.78
0	1904.99
0	1902.08
0	1901.76
0	1901.74
0	1903.46
0	1906.43
0	1907.99
0	1906.47
0	1905.01
0	1906.27
0	1906.58
0	1912.16
0	1895.61
0	1894.19
0	1893.69
0	1889.85
0	1892.53
0	1893.18
0	1894.99
0	1895.25
0	1891.94
0	1893.29
0	1892.34
0	1893.5
0	1893.01
0	1894.11
0	1891.73
0	1887.64
0	1891.06
0	1889.86
0	1892.38
0	1896.94
0	1893
0	1888.15
0	1890.64
0	1891.31
0	1885.5
0	1886.42
0	1874.41
0	1863.81
0	1862.54
0	1864.87
0	1865.18
0	1865.83
0	1863.42
0	1862.79
0	1865.44
0	1866.64
0	1865.95
0	1867.65
0	1867.44
0	1867.02
0	1867
0	1864.23
0	1862.41
0	1864.28
0	1867.74
0	1868.93
0	1869.96
0	1873.8
0	1871.9
0	1870.29
0	1871.64
0	1869.16
0	1868.91
0	1865.84
0	1866.34
0	1869.21
0	1868.82
0	1871.16
0	1870.11
0	1871.74
0	1872.01
0	1872.92
0	1871.69
0	1870.06
0	1870
0	1872.68
0	1870.01
0	1871.12
0	1888.98
0	1882.16
0	1893.05
0	1890.11
0	1885.63
0	1886.33
0	1902.21
0	1920.86
0	1922.04
0	1914.45
0	1904.59
0	1916.66
0	1915.72
0	1912.19
0	1913.56
0	1912.87
0	1907.48
0	1906.84
0	1912.49
0	1914.31
0	1913.15
0	1914.16
0	1916.29
0	1906.55
0	1905.96
0	1902.94
0	1899.21
0	1895.79
0	1901.41
0	1901.32
0	1905.26
0	1908.24
0	1906.5
0	1907.33
0	1911.11
0	1914.75
0	1919.43
0	1916.69
0	1914.16
0	1916.67
0	1918.29
0	1913.01
0	1916.77
0	1925.79
0	1919.73
0	1917.39
0	1916.99
0	1914.03
0	1915.79
0	1908.42
0	1906.48
0	1903.35
0	1906.08
0	1905.63
0	1902.29
0	1902.79
0	1907.83
0	1907.04
0	1907.97
0	1910.45
0	1916.34
0	1912.43
0	1912.85
0	1916.25
0	1913.84
0	1913.23
0	1912.64
0	1915.61
0	1916.88
0	1919.01
0	1919.02
0	1916.57
0	1913.84
0	1910.51
0	1913.9
0	1915.84
0	1918.27
0	1922.01
0	1921.14
0	1925.57
0	1947.59
0	1963.18
0	1983
0	1985.75
0	1980
0	1981.48
0	1976.2
0	1982.86
0	1986.63
0	1987
0	1987.35
0	1988.08
0	1987.85
0	1985.4
0	1989.68
0	1992.3
0	2000.01
0	2004.08
0	1997.68
0	2003.4
0	1995.96
0	1992.2
0	1995.96
0	1997.05
0	1996.67
0	2001.02
0	1992.58
0	1993.78
0	1995.02
0	1997.15
0	1995.32
0	1996.99
0	1995.65
0	2000.49
0	2007.95
0	2007.37
0	2012.97
0	2009.56
0	2012.39
0	2010
0	2011.84
0	2012.98
0	2018
0	2012.15
0	2013.39
0	2011.28
0	2003.32
0	2005.4
0	2003.89
0	2006.59
0	2007.8
0	2005.49
0	2007.83
0	2006.51
0	2010.44
0	2012.11
0	2011.72
0	2007.38
0	2005.95
0	2005.57
0	2007.72
0	2012.01
0	2011.4
0	2019.52
0	2107.1
0	2098.43
0	2106.82
0	2109.23
0	2119.36
0	2117.23
0	2120.22
0	2115.94
0	2109.89
0	2102.36
0	2102.51
0	2107.78
0	2111.12
0	2109
0	2113.05
0	2112.01
0	2115.38
0	2113.73
0	2116.8
0	2116.8
0	2123.26
0	2118.41
0	2114.99
0	2119.71
0	2113.96
0	2118.72
0	2111.78
0	2113.43
0	2107.46
0	2105.85
0	2108.73
0	2104.5
0	2105.86
0	2108.22
0	2107.38
0	2112.52
0	2113.81
0	2112.13
0	2113.68
0	2114.96
0	2114.31
0	2113.72
0	2115.53
0	2114.37
0	2112.88
0	2115.62
0	2118.48
0	2115.76
0	2111.53
0	2090.41
0	2098.24
0	2100.79
0	2108.36
0	2105
0	2097.86
0	2095.74
0	2093.85
0	2093.85
0	2075.01
0	2067.63
0	2063.43
0	2058.34
0	2066.45
0	2057.41
0	2057.03
0	2061.45
0	2072.82
0	2075.23
0	2071.56
0	2075.44
0	2089
0	2088.67
0	2080.08
0	2081.11
0	2074
0	2078.44
0	2085.45
0	2090.81
0	2092.67
0	2103.37
0	2111.83
0	2105.57
0	2105.27
0	2107.3
0	2103.53
0	2104.11
0	2102.26
0	2099.17
0	2102.23
0	2104.77
0	2103.38
0	2102.01
0	2097.59
0	2099.99
0	2095.41
0	2102.88
0	2085.62
0	2086
0	2082.88
0	2076.98
0	2083.26
0	2081.26
0	2083.73
0	2085.78
0	2090.15
0	2089.05
0	2091.81
0	2090.69
0	2087.79
0	2088.88
0	2086.33
0	2082.29
0	2085.62
0	2086.32
0	2088.88
0	2090.25
0	2087.39
0	2089.51
0	2085.74
0	2087.01
0	2084.98
0	2086.64
0	2088.86
0	2094.73
0	2094.04
0	2097.62
0	2095.29
0	2095.65
0	2095.47
0	2096.3
0	2099.66
0	2101.53
0	2104.57
0	2107.33
0	2104.75
0	2102.32
0	2100.92
0	2106.4
0	2105.69
0	2103.71
0	2104.04
0	2100.19
0	2100.6
0	2101.52
0	2102.04
0	2104.79
0	2106
0	2104.22
0	2100.65
0	2096
0	2098.7
0	2099.41
0	2098.83
0	2096.09
0	2100.31
0	2101.8
0	2103.52
0	2097.98
0	2097.03
0	2103.26
0	2104.16
0	2105.93
0	2099.57
0	2098.32
0	2092.96
0	2090.03
0	2093.17
0	2095.02
0	2096.04
0	2096.03
0	2093.99
0	2092.78
0	2088.68
0	2100
0	2096.48
0	2099.45
0	2095.35
0	2086.98
0	2086.43
0	2092.16
0	2092.67
0	2088.32
0	2095.14
0	2095.91
0	2097.23
0	2095.26
0	2094.93
0	2092.68
0	2092.36
0	2090.6
0	2088.63
0	2091.16
0	2095.1
0	2089.21
0	2079.39
0	2083.96
0	2085.97
0	2089.32
0	2090.79
0	2088.41
0	2089.95
0	2088.89
0	2088.66
0	2085.87
0	2086.06
0	2086.13
0	2087.68
0	2090.81
0	2093.57
0	2097.28
0	2098.19
0	2097.16
0	2096.69
0	2095.62
0	2096.67
0	2096.75
0	2098.27
0	2094.47
0	2094.94
0	2098.48
0	2098.25
0	2098
0	2097.8
0	2096.6
0	2097.69
0	2097.76
0	2095.28
0	2094.01
0	2091.3
0	2088.45
0	2088.22
0	2087.92
0	2088.76
0	2089.96
0	2089.59
0	2087.7
0	2085.56
0	2086.43
0	2090.8
0	2088.69
0	2089.18
0	2091.75
0	2088.99
0	2086.83
0	2085.56
0	2085.51
0	2083.34
0	2084.78
0	2088.02
0	2090.21
0	2088.05
0	2091.63
0	2094.72
0	2093.8
0	2091.87
0	2090.92
0	2093.56
0	2098.1
0	2103.19
0	2102
0	2098.53
0	2097.8
0	2101.34
0	2103.68
0	2104.06
0	2128.17
0	2129.14
0	2133.05
0	2128.18
0	2114.66
0	2112.03
0	2121.23
0	2127.08
0	2122.06
0	2115.51
0	2120.5
0	2123.7
0	2127.74
0	2124.28
0	2121.07
0	2124.9
0	2126.44
0	2121.13
0	2116.79
0	2115
0	2118.67
0	2118.19
0	2101.82
0	2087.22
0	2081.54
0	2088.96
0	2091.47
0	2093.63
0	2092.05
0	2091.46
0	2097.71
0	2104.39
0	2099.66
0	2100
0	2098.87
0	2097.84
0	2096.9
0	2096.03
0	2094.1
0	2097.72
0	2098.6
0	2098.7
0	2095.55
0	2097.3
0	2102.05
0	2100.16
0	2097.6
0	2095.21
0	2094.11
0	2097.4
0	2093.21
0	2090.11
0	2090.08
0	2090.06
0	2093.09
0	2095.52
0	2098.19
0	2096.52
0	2094.87
0	2091.62
0	2089.62
0	2091.4
0	2085.29
0	2089.99
0	2092.47
0	2090.65
0	2082.52
0	2073.83
0	2076.5
0	2075.62
0	2079.14
0	2078.68
0	2080.58
0	2069.98
0	2063.97
0	2070.01
0	2071.37
0	2072.73
0	2072.93
0	2070.41
0	2078.04
0	2075.61
0	2071.35
0	2069.06
0	2071.45
0	2077.73
0	2081.32
0	2081.92
0	2080.55
0	2083.6
0	2080.68
0	2080.05
0	2080.77
0	2081.03
0	2083.87
0	2083.5
0	2084.43
0	2084.36
0	2085.59
0	2079.37
0	2078.14
0	2077.8
0	2076.82
0	2077.43
0	2076.21
0	2074.45
0	2072.13
0	2076.57
0	2075.91
0	2077.66
0	2079.05
0	2080.61
0	2079.69
0	2076.73
0	2077.01
0	2073.63
0	2074
0	2076.32
0	2073.7
0	2071.47
0	2074.15
0	2063.53
0	2067.05
0	2073.55
0	2073.04
0	2074.21
0	2077.16
0	2082.43
0	2081
0	2080.71
0	2078.99
0	2081.91
0	2079.69
0	2078.54
0	2080.13
0	2083.43
0	2082.91
0	2086.18
0	2086.12
0	2090.09
0	2088.9
0	2092.01
0	2103.17
0	2100.5
0	2104.65
0	2104.11
0	2103.58
0	2099.06
0	2100.28
0	2100.67
0	2097.91
0	2096.48
0	2096.57
0	2096.17
0	2102.09
0	2107.42
0	2105.37
0	2104.49
0	2104.94
0	2104.62
0	2102.65
0	2104.31
0	2102.66
0	2118.4
0	2117.8
0	2116.31
0	2114.3
0	2107.97
0	2110.04
0	2107.87
0	2110.49
0	2111.67
0	2111.83
0	2104.61
0	2095.66
0	2099.19
0	2097.96
0	2093.38
0	2095.21
0	2094.51
0	2095.5
0	2100.1
0	2095.81
0	2097.19
0	2095.36
0	2097.31
0	2091.52
0	2086.94
0	2075.37
0	2073.99
0	2086.16
0	2081.96
0	2079.58
0	2080.73
0	2079.58
0	2081.53
0	2081.02
0	2083.68
0	2084.57
0	2090
0	2093.36
0	2089.64
0	2091.3
0	2088.42
0	2093.04
0	2090.86
0	2092
0	2091.22
0	2092.5
0	2094.91
0	2096.4
0	2105.25
0	2103.5
0	2102.33
0	2099.01
0	2096.05
0	2098.26
0	2095.97
0	2098.71
0	2099.7
0	2095.12
0	2091.51
0	2094.69
0	2092.75
0	2092.17
0	2092.91
0	2096.97
0	2091.15
0	2091.46
0	2087.26
0	2088.82
0	2089.87
0	2086.25
0	2088.07
0	2086.01
0	2090.22
0	2089.18
0	2085.42
0	2077.58
0	2075.39
0	2069.64
0	2066.75
0	2073.86
0	2072.99
0	2073.91
0	2028.19
0	1993.92
0	1984.35
0	1987.49
0	1989.64
0	1982.1
0	1983.99
0	1981.05
0	1979.76
0	1979.55
0	1971.99
0	1975.42
0	1975.81
0	1976.84
0	1979.67
0	1981.44
0	1974.55
0	1976.58
0	1978.76
0	1977.83
0	1978.2
0	1982.71
0	1980.6
0	1984.52
0	1996
0	1993.69
0	2001.61
0	1995
0	1995.73
0	1994.73
0	1984.41
0	1983.41
0	1985.57
0	1985.22
0	1982.79
0	1983.83
0	1978.15
0	1975.83
0	1974.36
0	1981.12
0	1981.53
0	1979.3
0	1974.7
0	1978.88
0	1984.19
0	1983.13
0	1980.65
0	1980.54
0	1983.16
0	1978.6
0	1978.85
0	1979.82
0	1975.71
0	1959.29
0	1961.41
0	1974.81
0	1973.21
0	1965.51
0	1969.53
0	1966
0	1954.86
0	1930.78
0	1932.65
0	1933.73
0	1929.22
0	1944.33
0	1946.7
0	1946.69
0	1941.81
0	1943.93
0	1951.59
0	1951.05
0	1948.49
0	1948.62
0	1942.81
0	1938.69
0	1942.37
0	1945
0	1945.96
0	1949.71
0	1952.8
0	1955.52
0	1953.67
0	1952.65
0	1954.65
0	1951.58
0	1949.46
0	1953.49
0	1957.32
0	1958.1
0	1954.65
0	1953.46
0	1951.66
0	1951.57
0	1949.59
0	1948.81
0	1955.85
0	1955.88
0	1950.27
0	1950.12
0	1951.91
0	1955.46
0	1958.03
0	1956.11
0	1956.26
0	1952.86
0	1953.4
0	1953.36
0	1949
0	1949.01
0	1945.81
0	1939.97
0	1945.47
0	1956.14
0	1966.82
0	1971.99
0	1971.09
0	1965.99
0	1966.61
0	1972.1
0	1978.14
0	1970.43
0	1970.49
0	1968.2
0	1967.39
0	1964.35
0	1954.36
0	1945.91
0	1942.92
0	1948.38
0	1949.75
0	1937.82
0	1942.46
0	1946.61
0	1941.44
0	1935.74
0	1940.92
0	1926.29
0	1928.52
0	1933.27
0	1927.09
0	1921.29
0	1927.35
0	1927.7
0	1927.55
0	1936.9
0	1939.04
0	1938.07
0	1940.45
0	1938.19
0	1940.54
0	1942.72
0	1950.88
0	1945.97
0	1941.61
0	1943
0	1945.5
0	1939.74
0	1942.09
0	1942.98
0	1944.48
0	1936.69
0	1950.8
0	1947.97
0	1946.54
0	1946.42
0	1943.75
0	1941.17
0	1943.75
0	1938.55
0	1942.57
0	1945.18
0	1947.61
0	1948.72
0	1944.81
0	1945.81
0	1945.61
0	1946.66
0	1942.08
0	1938.51
0	1939.3
0	1937.7
0	1936.11
0	1927.52
0	1928.6
0	1929.44
0	1918.67
0	1908.06
0	1914.34
0	1907.4
0	1911.55
0	1928.44
0	1922.66
0	1924.03
0	1919.45
0	1920.67
0	1917.61
0	1918.04
0	1924.9
0	1921.35
0	1922.88
0	1923.72
0	1917.27
0	1912.88
0	1909.64
0	1913
0	1908.25
0	1909.01
0	1908.29
0	1915.56
0	1914.46
0	1916.18
0	1916.19
0	1915.4
0	1920.71
0	1907.53
0	1907.29
0	1916.37
0	1910.37
0	1907.69
0	1907.42
0	1908
0	1909.48
0	1903.91
0	1904.86
0	1896.55
0	1902.28
0	1899.6
0	1900.96
0	1883.05
0	1884.72
0	1881.62
0	1888.49
0	1887.55
0	1882.59
0	1880.05
0	1845.43
0	1850.31
0	1853.04
0	1842.7
0	1844.11
0	1846.91
0	1841
0	1838
0	1845.39
0	1847.35
0	1843.31
0	1840.89
0	1846
0	1839.66
0	1842.34
0	1845.1
0	1848.76
0	1850.49
0	1848.19
0	1848.78
0	1853.19
0	1849.86
0	1848.62
0	1847.33
0	1846.64
0	1850.33
0	1855.95
0	1856
0	1855.48
0	1854.53
0	1851.47
0	1854.84
0	1854.82
0	1857.86
0	1857.49
0	1859.73
0	1857.99
0	1860.83
0	1861
0	1861.07
0	1859.11
0	1860.31
0	1861.81
0	1864.85
0	1857.92
0	1854.99
0	1856.91
0	1856.46
0	1854.98
0	1855.48
0	1852.42
0	1850.8
0	1851.25
0	1849.67
0	1852.12
0	1849.21
0	1851.97
0	1850.55
0	1852.73
0	1849.78
0	1850.39
0	1849.42
0	1846.41
0	1848.77
0	1851.66
0	1850.8
0	1852.13
0	1852.09
0	1852.84
0	1854.01
0	1856.64
0	1856.3
0	1858.52
0	1852.81
0	1849.44
0	1850.22
0	1850.3
0	1852.78
0	1854.78
0	1865.34
0	1862.41
0	1865.8
0	1864.1
0	1866.81
0	1880.18
0	1876.72
0	1879
0	1874.96
0	1881.48
0	1884.04
0	1882.46
0	1881.6
0	1879.94
0	1876.12
0	1873.89
0	1874.19
0	1876.35
0	1874.5
0	1872.84
0	1872.04
0	1874.17
0	1872.6
0	1873.43
0	1869.33
0	1866.68
0	1866.21
0	1869.81
0	1871.68
0	1879.29
0	1874.7
0	1876
0	1877.43
0	1877.49
0	1873.73
0	1875.49
0	1874.16
0	1871.62
0	1870.36
0	1854.69
0	1857.31
0	1862.67
0	1862.11
0	1850.44
0	1855.46
0	1851.53
0	1855.69
0	1858.22
0	1858.79
0	1858.67
0	1868.68
0	1862.89
0	1861.8
0	1862.61
0	1863.15
0	1863.42
0	1864.32
0	1861.94
0	1863.98
0	1864.19
0	1866.99
0	1865.67
0	1868.22
0	1866.96
0	1868.32
0	1865.29
0	1867.09
0	1871.9
0	1874.3
0	1874
0	1871.43
0	1873.37
0	1874.4
0	1873.71
0	1872.25
0	1870.25
0	1871.24
0	1870.75
0	1866.81
0	1868.87
0	1866.91
0	1866.94
0	1867.15
0	1869.23
0	1874.45
0	1874.45
0	1878.19
0	1875.42
0	1872.89
0	1871.68
0	1872.43
0	1874.38
0	1873.26
0	1873.4
0	1872.61
0	1871.2
0	1865.66
0	1862.61
0	1855.66
0	1857.1
0	1859.31
0	1852.29
0	1862.88
0	1869.54
0	1865.38
0	1866.52
0	1863.27
0	1862.06
0	1858.59
0	1855.94
0	1852.27
0	1856.26
0	1846.77
0	1849
0	1847.28
0	1850.21
0	1846.49
0	1846.37
0	1850.83
0	1848.66
0	1848.89
0	1851.01
0	1849.3
0	1852.4
0	1854.66
0	1848.3
0	1857.86
0	1863.59
0	1861.72
0	1862.48
0	1863.62
0	1861.58
0	1862
0	1861.24
0	1851.65
0	1853.69
0	1877.09
0	1884.6
0	1876.07
0	1875.99
0	1871.83
0	1871.57
0	1867.91
0	1868.19
0	1867.78
0	1867.81
0	1864.62
0	1868.51
0	1868.12
0	1866.04
0	1865.49
0	1864.26
0	1861.44
0	1863.67
0	1862.24
0	1857.96
0	1856.19
0	1859.49
0	1857.66
0	1853.53
0	1847.49
0	1841.01
0	1841.08
0	1844.2
0	1845.69
0	1850.98
0	1840.92
0	1838.51
0	1835.52
0	1839.07
0	1841.52
0	1841.34
0	1839.12
0	1842.65
0	1845.32
0	1842.4
0	1844.8
0	1848.74
0	1846.39
0	1851.21
0	1855.26
0	1851.71
0	1851.25
0	1851.22
0	1847.9
0	1850.68
0	1848.59
0	1866.81
0	1865.1
0	1868.8
0	1867.59
0	1847.6
0	1855.24
0	1851.51
0	1840.2
0	1839.37
0	1834.17
0	1835.96
0	1837.23
0	1838.76
0	1814.31
0	1825.26
0	1832.07
0	1834.97
0	1834.29
0	1834.67
0	1836.65
0	1831.32
0	1831.61
0	1833.27
0	1830.59
0	1833.66
0	1831.33
0	1838.65
0	1837.73
0	1835.52
0	1840.17
0	1836.62
0	1832.71
0	1831.1
0	1833.01
0	1835.35
0	1838.81
0	1838.55
0	1839.07
0	1842.6
0	1844.92
0	1842.4
0	1841.84
0	1847.25
0	1843.24
0	1841.77
0	1840.91
0	1841.81
0	1841.99
0	1836.88
0	1835.27
0	1833.61
0	1834.95
0	1835.85
0	1835
0	1833.5
0	1834.8
0	1833.57
0	1830.23
0	1831.51
0	1830.7
0	1834.6
0	1832.6
0	1822.41
0	1826.22
0	1827.59
0	1830.49
0	1829.46
0	1829.89
0	1830.21
0	1823.12
0	1822.7
0	1820.63
0	1814.63
0	1815.63
0	1816.56
0	1817.74
0	1818.65
0	1824.36
0	1821.85
0	1818.57
0	1817.59
0	1814.99
0	1816.36
0	1814.92
0	1817.22
0	1815.4
0	1822.81
0	1817.98
0	1826.42
0	1826.03
0	1825.43
0	1826.41
0	1823.6
0	1824.81
0	1827.19
0	1826.63
0	1824.98
0	1821.72
0	1814.99
0	1814.19
0	1808.55
0	1812.09
0	1819.44
0	1817.36
0	1815.24
0	1814.99
0	1816.09
0	1818.61
0	1821.45
0	1824.66
0	1820.2
0	1819.8
0	1837.2
0	1839.47
0	1841.64
0	1842.88
0	1835.58
0	1833.85
0	1829.91
0	1832.4
0	1833.02
0	1837.66
0	1854.93
0	1858.69
0	1859.04
0	1860.28
0	1869.75
0	1870.41
0	1865.14
0	1870.5
0	1867.94
0	1868.54
0	1869.64
0	1867.61
0	1863.84
0	1869.08
0	1866.64
0	1866.1
0	1869.3
0	1877.93
0	1870.08
0	1867.11
0	1864.74
0	1867.29
0	1871.3
0	1869.8
0	1870.55
0	1870.16
0	1868.44
0	1868.84
0	1867.17
0	1863.27
0	1864.98
0	1862.8
0	1866.94
0	1868
0	1867.15
0	1865
0	1867.43
0	1869.73
0	1869.24
0	1868.9
0	1868.81
0	1864.49
0	1864.56
0	1866.15
0	1865.59
0	1862.51
0	1860.88
0	1861.84
0	1863.95
0	1873.16
0	1871.01
0	1877.22
0	1875.8
0	1881.72
0	1891.49
0	1896.56
0	1894.91
0	1904.47
0	1915.27
0	1915.77
0	1912.21
0	1911.56
0	1916.63
0	1914.58
0	1917.22
0	1939.37
0	1957.11
0	1961.26
0	1957.61
0	1952.79
0	1944.07
0	1954.2
0	1947.72
0	1939.71
0	1940.62
0	1946.05
0	1949.57
0	1946.18
0	1951.07
0	1953.91
0	1954.55
0	1951.94
0	1949.21
0	1954.29
0	1952.22
0	1951.48
0	1956.47
0	1947.9
0	1949.09
0	1949.81
0	1944.6
0	1946.45
0	1940.75
0	1905.01
0	1846.56
0	1828.74
0	1826.25
0	1820.77
0	1845.5
0	1865.9
0	1854.48
0	1857.87
0	1856.51
0	1877.91
0	1873.37
0	1866.73
0	1862.92
0	1865
0	1873.42
0	1868.56
0	1863.19
0	1866.01
0	1875.04
0	1931.39
0	1919.33
0	1919.81
0	1914.4
0	1905.61
0	1902.19
0	1891.05
0	1910.41
0	1901.37
0	1905.6
0	1909.21
0	1899.36
0	1903.17
0	1903.7
0	1898.41
0	1903.18
0	1903.4
0	1906.19
0	1910.49
0	1909.6
0	1913.44
0	1910.19
0	1907.44
0	1901.92
0	1897.78
0	1898.49
0	1881.86
0	1884.54
0	1883.74
0	1884.22
0	1885.1
0	1878.15
0	1888.71
0	1885.36
0	1882.98
0	1881.97
0	1881.53
0	1886.86
0	1881.43
0	1885.51
0	1883.61
0	1887.11
0	1884.57
0	1889.25
0	1886.99
0	1881.01
0	1880.92
0	1885.4
0	1882.59
0	1868.95
0	1876.16
0	1880.26
0	1879.43
0	1879.25
0	1884.46
0	1891.2
0	1885.6
0	1887.23
0	1884.73
0	1888.6
0	1901.98
0	1891.02
0	1900.19
0	1895.66
0	1899.01
0	1896.57
0	1899.87
0	1903.19
0	1906.04
0	1905.88
0	1904.25
0	1907.33
0	1924.4
0	1937.74
0	1927.48
0	1917.76
0	1919.96
0	1924.58
0	1922.44
0	1914
0	1916.4
0	1919.13
0	1919.21
0	1923.02
0	1920.85
0	1917.71
0	1915.42
0	1914.15
0	1914.59
0	1914.53
0	1905.33
0	1907
0	1909.88
0	1908.09
0	1908.68
0	1906
0	1904.75
0	1903.99
0	1913.58
0	1908.43
0	1907.5
0	1913.67
0	1910.25
0	1906.9
0	1906.94
0	1906.06
0	1906.19
0	1906.32
0	1903.23
0	1905.53
0	1905.41
0	1910.21
0	1911.8
0	1913.91
0	1913.98
0	1912.61
0	1914.24
0	1917.63
0	1914.75
0	1915.03
0	1911.6
0	1911.02
0	1915.49
0	1919.03
0	1916.44
0	1921.5
0	1919.08
0	1916.32
0	1914.4
0	1906.75
0	1909.43
0	1906.35
0	1907.6
0	1908.72
0	1906.71
0	1907.39
0	1909.9
0	1912.09
0	1910.56
0	1910.78
0	1912.08
0	1909
0	1902.33
0	1904.18
0	1907.78
0	1906.53
0	1899
0	1901.28
0	1903.73
0	1885.01
0	1888.6
0	1894.7
0	1895.56
0	1891.2
0	1888.27
0	1876.34
0	1880.93
0	1881.96
0	1886.8
0	1893.44
0	1885.62
0	1885.71
0	1892.96
0	1890.53
0	1888.83
0	1890.47
0	1891.03
0	1886.73
0	1887.01
0	1888.84
0	1893.59
0	1896.92
0	1892.38
0	1895.72
0	1892.36
0	1893.79
0	1892.89
0	1894.89
0	1895.89
0	1896.99
0	1895.78
0	1894.61
0	1894.2
0	1895.84
0	1897.78
0	1899.53
0	1894.08
0	1895.61
0	1890.95
0	1893.29
0	1890.94
0	1890.55
0	1890.59
0	1891.33
0	1888.19
0	1887.73
0	1890.79
0	1890.64
0	1891.02
0	1891.81
0	1893.01
0	1895.13
0	1896.86
0	1896.18
0	1896.77
0	1896.23
0	1896.2
0	1898.99
0	1902.26
0	1900.43
0	1901.67
0	1903.11
0	1900.91
0	1900.6
0	1899
0	1901.75
0	1898.38
0	1899.39
0	1898.44
0	1902
0	1900.41
0	1901.88
0	1902.18
0	1900.52
0	1898.32
0	1899.83
0	1900.02
0	1899.51
0	1900.14
0	1899.39
0	1900.61
0	1899.49
0	1896.67
0	1896.59
0	1896.6
0	1896.99
0	1895.15
0	1896.6
0	1897.95
0	1898.8
0	1897.66
0	1897.24
0	1897.01
0	1898.18
0	1903.9
0	1904.81
0	1912.62
0	1911.71
0	1913.24
0	1913.33
0	1910.71
0	1908.2
0	1911.01
0	1911.81
0	1905.54
0	1906.45
0	1904.22
0	1904.95
0	1905.89
0	1903.91
0	1902.64
0	1893.84
0	1894.5
0	1899.4
0	1896.5
0	1895.82
0	1897.65
0	1897.51
0	1901.09
0	1903.7
0	1903.09
0	1902.73
0	1904.79
0	1902.37
0	1902.83
0	1904.98
0	1903.97
0	1905.1
0	1904.02
0	1902.38
0	1902.93
0	1904.31
0	1903.53
0	1901.35
0	1902.02
0	1904.62
0	1907.8
0	1904.5
0	1904.56
0	1901.46
0	1898.98
0	1899.47
0	1898.78
0	1897.67
0	1894.18
0	1895.22
0	1895.97
0	1896.1
0	1898.4
0	1897.36
0	1896.39
0	1896.43
0	1896.25
0	1895.34
0	1895.21
0	1897.4
0	1897.87
0	1899.31
0	1898.39
0	1899.35
0	1903.59
0	1903.72
0	1901.83
0	1904.29
0	1903.54
0	1902.72
0	1902.83
0	1903.77
0	1903.06
0	1902.82
0	1905.86
0	1905.13
0	1903.69
0	1903.46
0	1902.02
0	1902.51
0	1904.31
0	1909.39
0	1909.01
0	1903.94
0	1903.78
0	1905.6
0	1904.04
0	1901.39
0	1900.79
0	1900.79
0	1900
0	1899.88
0	1900.52
0	1902.11
0	1905
0	1904.31
0	1905.19
0	1903.55
0	1901.82
0	1906.72
0	1908.94
0	1919.5
0	1932.06
0	1933.06
0	1920.01
0	1928.41
0	1920.29
0	1922.74
0	1925.01
0	1924.99
0	1928.53
0	1926.72
0	1921.83
0	1922.6
0	1922.63
0	1920.85
0	1918.14
0	1909.2
0	1903.39
0	1904.1
0	1904.83
0	1883.98
0	1891.73
0	1892.69
0	1891.9
0	1895.84
0	1896.78
0	1891.37
0	1894.19
0	1895.12
0	1894.43
0	1893.59
0	1892.39
0	1890.31
0	1889.3
0	1889.19
0	1870.09
0	1880.43
0	1881.99
0	1884.62
0	1885.33
0	1883.53
0	1883.8
0	1842.43
0	1836
0	1845.51
0	1843.53
0	1843.6
0	1843.87
0	1843.32
0	1846.81
0	1846.72
0	1846.58
0	1844.2
0	1845.99
0	1845.87
0	1847.67
0	1849.91
0	1846.06
0	1842.46
0	1846.41
0	1845.88
0	1847.71
0	1848.12
0	1849.68
0	1848.83
0	1850.41
0	1848.92
0	1849.68
0	1846.43
0	1846.81
0	1848
0	1848.2
0	1849.22
0	1850.1
0	1846.45
0	1847.24
0	1848.37
0	1847.35
0	1845.99
0	1845.91
0	1843.39
0	1847.8
0	1846.8
0	1845.37
0	1846.14
0	1848.73
0	1849.19
0	1849.86
0	1847.75
0	1849.83
0	1845.19
0	1841.38
0	1843.04
0	1842.49
0	1840.11
0	1843.28
0	1838.56
0	1829.02
0	1833.45
0	1833.66
0	1828.4
0	1828.01
0	1832.27
0	1839.85
0	1839.41
0	1833.46
0	1837.22
0	1839.66
0	1837.22
0	1835.89
0	1831.78
0	1832.43
0	1823.9
0	1823.09
0	1816.12
0	1812.97
0	1818.32
0	1815.7
0	1819.5
0	1807.59
0	1816.33
0	1820.68
0	1825.06
0	1824.36
0	1824.1
0	1824.17
0	1829.24
0	1825.99
0	1830.81
0	1830.23
0	1830
0	1830.73
0	1827.77
0	1834.67
0	1835.96
0	1832.8
0	1833.57
0	1833.04
0	1833.84
0	1826.19
0	1827.03
0	1824.34
0	1826.38
0	1828.92
0	1827.63
0	1825.23
0	1826.61
0	1830.66
0	1829.84
0	1827.77
0	1828.35
0	1825.65
0	1827.79
0	1827.45
0	1828.98
0	1829.18
0	1830.59
0	1827.16
0	1828.2
0	1828.71
0	1833.78
0	1834.65
0	1834.2
0	1835.68
0	1837.94
0	1835.96
0	1833.65
0	1832.29
0	1830.41
0	1827.99
0	1829.26
0	1828.48
0	1828.37
0	1827.07
0	1830.27
0	1829.43
0	1830.85
0	1833.08
0	1832.11
0	1833.57
0	1832.05
0	1829.53
0	1838.59
0	1832.07
0	1829.88
0	1830.11
0	1829.29
0	1828.79
0	1832.29
0	1852.7
0	1860.44
0	1852.19
0	1855.95
0	1858.78
0	1862.83
0	1858.8
0	1856.27
0	1861.03
0	1856.01
0	1855.03
0	1856.37
0	1856.82
0	1858.25
0	1860.77
0	1861.36
0	1862.35
0	1869.21
0	1870.66
0	1874.8
0	1875.05
0	1871.23
0	1868.37
0	1868.63
0	1871.2
0	1873.81
0	1869.46
0	1871.71
0	1870.84
0	1871.79
0	1871.61
0	1874.79
0	1876.2
0	1874.05
0	1873.93
0	1873.93
0	1870.45
0	1869.09
0	1870.08
0	1866.3
0	1868.21
0	1863.67
0	1860.05
0	1864.17
0	1863.82
0	1864.27
0	1863.8
0	1858.57
0	1860.54
0	1861.24
0	1861.17
0	1860.27
0	1861.69
0	1862.83
0	1862.66
0	1859.85
0	1862.14
0	1860.92
0	1862.77
0	1862.17
0	1861.07
0	1861.28
0	1860.44
0	1858.86
0	1860.59
0	1866.01
0	1866
0	1865.36
0	1867.05
0	1864.9
0	1865.19
0	1864.4
0	1869.08
0	1868.94
0	1868.48
0	1866.66
0	1866.49
0	1867.14
0	1868.4
0	1869.31
0	1866.32
0	1867.75
0	1864.89
0	1865.34
0	1866.59
0	1864.12
0	1859.32
0	1857.76
0	1859.64
0	1850.07
0	1850.14
0	1850.25
0	1851.3
0	1856.03
0	1856.75
0	1854.37
0	1851.43
0	1852
0	1848.18
0	1850.81
0	1847.69
0	1851.99
0	1853.31
0	1852.81
0	1860.78
0	1857.04
0	1865
0	1865.09
0	1869.67
0	1885.74
0	1875.12
0	1884.96
0	1881.6
0	1883.77
0	1885.1
0	1877.57
0	1878.76
0	1874.04
0	1868.01
0	1875.04
0	1872.64
0	1864
0	1873.48
0	1878.03
0	1887.45
0	1893.73
0	1889.67
0	1902.05
0	1908.87
0	1905.61
0	1906.85
0	1907.72
0	1904.11
0	1899.38
0	1905.12
0	1904.6
0	1902.16
0	1898.81
0	1901.99
0	1902.89
0	1897.54
0	1899.32
0	1902.14
0	1899.76
0	1900.55
0	1898.69
0	1902.42
0	1905.15
0	1902.27
0	1900.68
0	1903.65
0	1903.55
0	1903.72
0	1903.46
0	1900.81
0	1901.55
0	1900.17
0	1900.61
0	1903.02
0	1899.5
0	1898.81
0	1898.96
0	1900.81
0	1897.77
0	1898.96
0	1899.04
0	1898.4
0	1897.51
0	1902.61
0	1901.97
0	1901.8
0	1900.37
0	1899.63
0	1898.86
0	1903.06
0	1902.6
0	1906.17
0	1912.9
0	1911.68
0	1913.13
0	1908.81
0	1904.96
0	1904.67
0	1904.27
0	1905.05
0	1898.65
0	1898.26
0	1899.8
0	1892.19
0	1880.49
0	1885.82
0	1887.76
0	1887.42
0	1888.4
0	1886.59
0	1892.57
0	1889.36
0	1886.43
0	1885.66
0	1887.82
0	1889.98
0	1886.54
0	1886.2
0	1884.44
0	1882.92
0	1880.44
0	1882.39
0	1881.44
0	1873.57
0	1871.69
0	1872.82
0	1869.77
0	1873.99
0	1874.69
0	1876.65
0	1874.25
0	1876.45
0	1876.1
0	1877.57
0	1876.14
0	1873.78
0	1874.34
0	1876.68
0	1873.34
0	1872.11
0	1871.89
0	1871.29
0	1876.18
0	1875.78
0	1875.23
0	1877.07
0	1877.35
0	1877.91
0	1880.1
0	1879.39
0	1878.32
0	1880.36
0	1901.07
0	1898.94
0	1897
0	1897.22
0	1900.06
0	1898.39
0	1900.68
0	1899.55
0	1897.12
0	1896.58
0	1898.93
0	1899.83
0	1897.62
0	1897.64
0	1895.53
0	1895.92
0	1897.74
0	1896.64
0	1897.48
0	1897.6
0	1899.39
0	1898.83
0	1896.18
0	1897.79
0	1893.77
0	1895.1
0	1898.53
0	1899.09
0	1898.29
0	1895.93
0	1896.21
0	1898.04
0	1901.55
0	1899.87
0	1899.01
0	1903.14
0	1900.42
0	1904.51
0	1905.89
0	1902.81
0	1903.01
0	1911.2
0	1913.37
0	1910.65
0	1901.83
0	1905
0	1910.12
0	1915.55
0	1930.01
0	1932
0	1937.31
0	1935.62
0	1949.87
0	1946.41
0	1943.03
0	1951.75
0	1948.2
0	1953.34
0	1994.08
0	1989.97
0	1985.42
0	1990.76
0	1988.89
0	1988.37
0	1994.25
0	1991.12
0	1993.82
0	1992.23
0	1986.32
0	1979.49
0	1975.46
0	1980.1
0	1985.77
0	1990.97
0	1988.03
0	1989.89
0	1990.12
0	1987.69
0	1989.79
0	1988.39
0	1985.48
0	1985.22
0	1987.78
0	1987
0	1990.13
0	1988.58
0	1990.59
0	1994.15
0	1991.65
0	1993.3
0	1993.59
0	2001.06
0	2006.36
0	2002.4
0	1991.41
0	1985.88
0	1989.1
0	1983.19
0	1975.57
0	1976.78
0	1980.87
0	1979.68
0	1973.59
0	1971.36
0	1968.64
0	1970.34
0	1972.23
0	1967.28
0	1964.3
0	1965.79
0	1967.28
0	1964.33
0	1959.52
0	1959.93
0	1963.82
0	1961.21
0	1962.64
0	1963.47
0	1963.89
0	1965.1
0	1960.48
0	1958.92
0	1939.24
0	1941.14
0	1943.4
0	1943.81
0	1939.71
0	1938
0	1939.25
0	1935.54
0	1932.49
0	1926.51
0	1930.85
0	1928.32
0	1931.76
0	1929.56
0	1931.47
0	1934.31
0	1929.51
0	1927.31
0	1913.32
0	1911.8
0	1908.58
0	1908.14
0	1901.23
0	1901
0	1878.72
0	1876.26
0	1880.31
0	1875.86
0	1878.63
0	1883.2
0	1883.76
0	1877.32
0	1880.85
0	1883.51
0	1878.77
0	1882.02
0	1880.34
0	1886.81
0	1882.99
0	1882.42
0	1887.56
0	1891.49
0	1901.59
0	1900.26
0	1902.1
0	1901.07
