0	0.898373
0	0.900135
0	0.899601
0	0.898669
0	0.899568
0	0.899593
0	0.900011
0	0.900265
0	0.899581
0	0.900915
0	0.904157
0	0.903891
0	0.901795
0	0.901723
0	0.902996
0	0.903084
0	0.902454
0	0.902326
0	0.901279
0	0.901454
0	0.903065
0	0.9027
0	0.90218
0	0.901954
0	0.898182
0	0.897402
0	0.89774
0	0.897873
0	0.896835
0	0.897934
0	0.896089
0	0.89671
0	0.897368
0	0.898184
0	0.898349
0	0.899416
0	0.899215
0	0.899336
0	0.899356
0	0.899405
0	0.898999
0	0.898339
0	0.898408
0	0.898155
0	0.897802
0	0.898215
0	0.898645
0	0.901457
0	0.900532
0	0.899815
0	0.901406
0	0.900381
0	0.900874
0	0.901267
0	0.90193
0	0.901582
0	0.900642
0	0.900258
0	0.900434
0	0.900837
0	0.900675
0	0.900537
0	0.900988
0	0.900916
0	0.900604
0	0.900579
0	0.900439
0	0.899738
0	0.899547
0	0.899505
0	0.899551
0	0.899922
0	0.899021
0	0.899204
0	0.898797
0	0.898036
0	0.898492
0	0.898508
0	0.898816
0	0.898383
0	0.897408
0	0.896715
0	0.897252
0	0.8982
0	0.899188
0	0.897928
0	0.896918
0	0.897648
0	0.897323
0	0.897069
0	0.896043
0	0.897549
0	0.896817
0	0.897295
0	0.89797
0	0.897673
0	0.89772
0	0.897627
0	0.896559
0	0.89569
0	0.895324
0	0.894265
0	0.894366
0	0.883503
0	0.890508
0	0.895021
0	0.894836
0	0.893946
0	0.891356
0	0.893283
0	0.891543
0	0.892082
0	0.894818
0	0.894656
0	0.89437
0	0.893809
0	0.892788
0	0.89039
0	0.889987
0	0.891298
0	0.890521
0	0.889594
0	0.886973
0	0.884821
0	0.883141
0	0.886377
0	0.884156
0	0.881565
0	0.882913
0	0.886147
0	0.884226
0	0.883139
0	0.886327
0	0.886672
0	0.886206
0	0.886166
0	0.887822
0	0.88972
0	0.889907
0	0.891816
0	0.890798
0	0.891093
0	0.891827
0	0.89089
0	0.890919
0	0.889722
0	0.888935
0	0.889839
0	0.889439
0	0.889762
0	0.889067
0	0.888606
0	0.886226
0	0.887473
0	0.888085
0	0.888458
0	0.886965
0	0.8871
0	0.887655
0	0.885566
0	0.883552
0	0.87914
0	0.880166
0	0.882943
0	0.882545
0	0.881951
0	0.882999
0	0.882241
0	0.881432
0	0.88205
0	0.88081
0	0.88034
0	0.882311
0	0.882495
0	0.881536
0	0.882321
0	0.881274
0	0.881737
0	0.882482
0	0.882082
0	0.883445
0	0.886804
0	0.886431
0	0.884781
0	0.885564
0	0.88505
0	0.884876
0	0.885243
0	0.88367
0	0.883347
0	0.882539
0	0.881537
0	0.882343
0	0.883214
0	0.881536
0	0.881612
0	0.88129
0	0.881001
0	0.880958
0	0.887873
0	0.88605
0	0.887897
0	0.887616
0	0.887312
0	0.885559
0	0.886022
0	0.887608
0	0.88588
0	0.885496
0	0.885262
0	0.883353
0	0.883268
0	0.880638
0	0.880801
0	0.882883
0	0.882478
0	0.882599
0	0.883448
0	0.881861
0	0.881284
0	0.882129
0	0.886075
0	0.886031
0	0.885118
0	0.884984
0	0.882382
0	0.882362
0	0.881662
0	0.881894
0	0.881148
0	0.87404
0	0.871147
0	0.869792
0	0.869917
0	0.870162
0	0.870507
0	0.872107
0	0.870947
0	0.870723
0	0.870887
0	0.871383
0	0.870572
0	0.870062
0	0.870664
0	0.873355
0	0.872083
0	0.872736
0	0.871794
0	0.87228
0	0.87338
0	0.872737
0	0.871864
0	0.87111
0	0.871384
0	0.871565
0	0.87221
0	0.871524
0	0.871518
0	0.871505
0	0.871602
0	0.871225
0	0.8713
0	0.87162
0	0.871135
0	0.87042
0	0.869565
0	0.869485
0	0.868106
0	0.867522
0	0.867839
0	0.869203
0	0.869419
0	0.868036
0	0.866486
0	0.867602
0	0.867972
0	0.867503
0	0.86593
0	0.867877
0	0.868027
0	0.867238
0	0.868342
0	0.868717
0	0.867866
0	0.867236
0	0.866578
0	0.86639
0	0.86582
0	0.865197
0	0.867717
0	0.870095
0	0.871969
0	0.871957
0	0.871091
0	0.870862
0	0.870921
0	0.871022
0	0.870386
0	0.867882
0	0.867819
0	0.866067
0	0.86311
0	0.861078
0	0.860867
0	0.862239
0	0.85971
0	0.860702
0	0.85874
0	0.854788
0	0.844868
0	0.842398
0	0.83982
0	0.838167
0	0.837605
0	0.836066
0	0.830647
0	0.827047
0	0.82474
0	0.806469
0	0.812897
0	0.816031
0	0.813576
0	0.810355
0	0.818943
0	0.815868
0	0.816275
0	0.815566
0	0.815975
0	0.815956
0	0.814996
0	0.816313
0	0.810199
0	0.807451
0	0.806984
0	0.806613
0	0.80206
0	0.801667
0	0.803482
0	0.806242
0	0.806821
0	0.803687
0	0.804595
0	0.803413
0	0.803855
0	0.805304
0	0.805772
0	0.803879
0	0.80191
0	0.799936
0	0.798184
0	0.796848
0	0.797233
0	0.79991
0	0.802231
0	0.801395
0	0.798633
0	0.799774
0	0.799083
0	0.796719
0	0.795756
0	0.799497
0	0.800881
0	0.799931
0	0.798178
0	0.798952
0	0.797163
0	0.800153
0	0.798104
0	0.798423
0	0.795815
0	0.795903
0	0.796507
0	0.794358
0	0.788827
0	0.786624
0	0.789658
0	0.787939
0	0.787529
0	0.792202
0	0.791427
0	0.796536
0	0.796469
0	0.799176
0	0.798803
0	0.799199
0	0.810153
0	0.809205
0	0.798772
0	0.803023
0	0.790953
0	0.794568
0	0.795987
0	0.796129
0	0.796706
0	0.801991
0	0.800426
0	0.807532
0	0.805569
0	0.802448
0	0.798185
0	0.798454
0	0.801144
0	0.799005
0	0.800351
0	0.798017
0	0.798213
0	0.795719
0	0.799265
0	0.798053
0	0.800054
0	0.802767
0	0.802742
0	0.802204
0	0.800028
0	0.800561
0	0.799568
0	0.798689
0	0.799099
0	0.804864
0	0.806692
0	0.805686
0	0.804076
0	0.80569
0	0.808128
0	0.80754
0	0.810031
0	0.807833
0	0.808839
0	0.812206
0	0.810969
0	0.810452
0	0.815081
0	0.815694
0	0.826007
0	0.825314
0	0.820547
0	0.819045
0	0.819596
0	0.821533
0	0.816367
0	0.816697
0	0.818073
0	0.817582
0	0.813616
0	0.815813
0	0.814149
0	0.81541
0	0.81717
0	0.818685
0	0.81689
0	0.817483
0	0.817165
0	0.814056
0	0.811481
0	0.813202
0	0.810803
0	0.809703
0	0.798899
0	0.795811
0	0.797483
0	0.800113
0	0.80974
0	0.804671
0	0.806805
0	0.803446
0	0.802347
0	0.805511
0	0.805038
0	0.806886
0	0.806073
0	0.803265
0	0.80341
0	0.804796
0	0.803368
0	0.805242
0	0.803971
0	0.805911
0	0.804248
0	0.803061
0	0.804777
0	0.806164
0	0.805936
0	0.804928
0	0.806217
0	0.807414
0	0.808589
0	0.806295
0	0.805588
0	0.805991
0	0.805737
0	0.804277
0	0.803209
0	0.802939
0	0.80416
0	0.805444
0	0.806033
0	0.807732
0	0.808662
0	0.811691
0	0.809744
0	0.812612
0	0.811732
0	0.810881
0	0.809247
0	0.810731
0	0.810013
0	0.81065
0	0.810664
0	0.812133
0	0.817553
0	0.815799
0	0.815348
0	0.81401
0	0.815746
0	0.81598
0	0.817488
0	0.817665
0	0.815055
0	0.815164
0	0.817015
0	0.818033
0	0.81783
0	0.820062
0	0.81602
0	0.817135
0	0.816799
0	0.819969
0	0.819472
0	0.820011
0	0.817076
0	0.818603
0	0.815889
0	0.81471
0	0.815916
0	0.816914
0	0.818123
0	0.816205
0	0.817322
0	0.816884
0	0.816427
0	0.815911
0	0.817456
0	0.817306
0	0.818381
0	0.817669
0	0.817165
0	0.816011
0	0.816196
0	0.816824
0	0.814998
0	0.815094
0	0.81544
0	0.81613
0	0.815057
0	0.815691
0	0.816579
0	0.816407
0	0.816204
0	0.816901
0	0.816587
0	0.817088
0	0.817843
0	0.817113
0	0.817677
0	0.817968
0	0.819082
0	0.818867
0	0.818931
0	0.8203
0	0.821085
0	0.819649
0	0.815907
0	0.81738
0	0.817659
0	0.817076
0	0.818342
0	0.818559
0	0.818658
0	0.817184
0	0.816569
0	0.816712
0	0.817328
0	0.815404
0	0.81767
0	0.816413
0	0.815127
0	0.816182
0	0.816488
0	0.816752
0	0.816465
0	0.817409
0	0.817586
0	0.827323
0	0.828477
0	0.833283
0	0.830607
0	0.83739
0	0.84928
0	0.844946
0	0.848909
0	0.836141
0	0.836492
0	0.833043
0	0.835957
0	0.841759
0	0.850128
0	0.852265
0	0.850135
0	0.849233
0	0.848693
0	0.852802
0	0.848413
0	0.874075
0	0.873546
0	0.87004
0	0.870367
0	0.876146
0	0.87755
0	0.881855
0	0.879034
0	0.8867
0	0.900816
0	0.899852
0	0.893807
0	0.895005
0	0.895179
0	0.893761
0	0.894115
0	0.889437
0	0.88978
0	0.889268
0	0.888902
0	0.890394
0	0.890816
0	0.891257
0	0.898716
0	0.895896
0	0.896203
0	0.894803
0	0.89535
0	0.89552
0	0.89693
0	0.897891
0	0.894853
0	0.895219
0	0.89583
0	0.897281
0	0.895383
0	0.896661
0	0.900086
0	0.900361
0	0.897927
0	0.89635
0	0.893632
0	0.889632
0	0.890577
0	0.883735
0	0.879924
0	0.880503
0	0.880383
0	0.881971
0	0.883827
0	0.886963
0	0.885852
0	0.884247
0	0.883373
0	0.886246
0	0.884297
0	0.886354
0	0.883022
0	0.887196
0	0.895296
0	0.899602
0	0.895804
0	0.9012
0	0.918806
0	0.936295
0	0.939052
0	0.941489
0	0.962758
0	0.978597
0	0.966864
0	0.961417
0	0.964451
0	0.961158
0	0.963848
0	0.960353
0	0.958526
0	0.961108
0	0.968091
0	0.966524
0	0.966672
0	0.968115
0	0.970264
0	0.972419
0	0.97401
0	0.968915
0	0.973365
0	0.973372
0	0.968474
0	0.967094
0	0.96958
0	0.967527
0	0.969989
0	0.965299
0	0.966278
0	0.965559
0	0.970125
0	0.970313
0	0.96963
0	0.970214
0	0.968735
0	0.96411
0	0.964886
0	0.9667
0	0.962592
0	0.967049
0	0.966812
0	0.968818
0	0.968031
0	0.97365
0	0.970562
0	0.978287
0	0.974932
0	0.973631
0	0.973045
0	0.973162
0	0.972407
0	0.975542
0	0.977622
0	0.977152
0	0.977165
0	0.978876
0	0.975322
0	0.97875
0	0.989523
0	0.976574
0	0.973931
0	0.974891
0	0.976042
0	0.977331
0	0.973694
0	0.975195
0	0.977707
0	0.971401
0	0.971315
0	0.972078
0	0.968407
0	0.97188
0	0.970754
0	0.970954
0	0.971435
0	0.969288
0	0.971255
0	0.973384
0	0.972512
0	0.976479
0	0.977832
0	0.984976
0	0.989103
0	0.987286
0	0.991161
0	0.991938
0	0.990332
0	0.987798
0	1.02059
0	1.03562
0	1.05148
0	1.03685
0	1.03825
0	1.03269
0	1.03536
0	1.04093
0	1.0362
0	1.03494
0	1.03679
0	1.03389
0	1.0365
0	1.03811
0	1.04206
0	1.03276
0	1.03466
0	1.03701
0	1.03617
0	1.03213
0	1.03124
0	1.02743
0	1.01467
0	1.02335
0	1.01878
0	1.00185
0	0.986459
0	0.981543
0	0.985308
0	1.00441
0	0.997838
0	0.997619
0	0.988899
0	0.985004
0	0.974275
0	0.97777
0	0.981783
0	0.983636
0	0.993004
0	0.985683
0	0.98765
0	0.990148
0	0.989642
0	0.988433
0	0.991914
0	0.989027
0	0.984972
0	0.97764
0	0.9821
0	0.991017
0	0.99715
0	0.999318
0	0.997062
0	0.998472
0	0.996296
0	0.995876
0	0.995755
0	0.99534
0	0.99502
0	0.989323
0	0.991548
0	0.990921
0	0.989559
0	0.992128
0	0.992852
0	0.994218
0	0.995988
0	0.995678
0	0.992144
0	0.990201
0	0.989558
0	0.991909
0	0.994856
0	0.993499
0	0.992309
0	0.992834
0	0.994797
0	0.997079
0	0.997314
0	0.994271
0	0.99368
0	0.992406
0	0.991687
0	0.98879
0	0.984532
0	0.982866
0	0.984264
0	0.980215
0	0.986565
0	0.983724
0	0.982082
0	0.973969
0	0.985724
0	0.992398
0	0.987909
0	0.988069
0	0.986877
0	0.994547
0	1.00325
0	1.00063
0	0.999535
0	0.9933
0	0.994665
0	0.990963
0	0.982418
0	0.990478
0	0.991216
0	0.987025
0	0.982782
0	0.981033
0	0.971152
0	0.974489
0	0.969034
0	0.966347
0	0.974316
0	0.975933
0	0.968846
0	0.97345
0	0.968587
0	0.978357
0	0.979486
0	0.978557
0	0.975139
0	0.980253
0	0.972193
0	0.976851
0	0.972047
0	0.975114
0	0.978113
0	0.974921
0	0.976617
0	0.974721
0	0.979897
0	0.97908
0	0.985634
0	0.980583
0	0.978203
0	0.976627
0	0.975741
0	0.976502
0	0.97404
0	0.973602
0	0.973187
0	0.97561
0	0.969616
0	0.970274
0	0.971894
0	0.972233
0	0.972716
0	0.975079
0	0.977375
0	0.978695
0	0.977809
0	0.976688
0	0.972289
0	0.974285
0	0.972737
0	0.972791
0	0.973706
0	0.973782
0	0.970583
0	0.97268
0	0.972879
0	0.977135
0	0.977144
0	0.975893
0	0.98053
0	0.979738
0	0.979722
0	0.984951
0	0.98598
0	0.987357
0	0.986079
0	0.986776
0	0.988098
0	0.985978
0	0.986705
0	0.985446
0	0.979549
0	0.981348
0	0.9933
0	0.988538
0	0.991857
0	0.993338
0	0.998372
0	0.999443
0	0.995662
0	0.996161
0	0.992573
0	0.995209
0	0.991329
0	0.997926
0	0.99156
0	0.991022
0	0.99274
0	0.988402
0	0.992485
0	0.995508
0	0.992431
0	0.995147
0	0.997029
0	0.996092
0	0.994856
0	0.995843
0	0.99767
0	0.997767
0	0.994802
0	0.993764
0	0.992432
0	0.993452
0	0.990886
0	0.990953
0	0.991892
0	0.989611
0	0.989159
0	0.991015
0	0.990229
0	0.993852
0	0.997048
0	1.00165
0	1.00194
0	1.00036
0	0.998228
0	0.999273
0	0.998805
0	0.990087
0	0.993181
0	0.99593
0	1.00503
0	0.998793
0	0.998221
0	0.998194
0	0.998566
0	1.0015
0	1.00132
0	1
0	1.00379
0	1.00219
0	1.00103
0	1.00001
-1	0.998918
-1	0.998958
-1	1.00122
-1	1.01672
-1	1.01789
-1	1.02896
-1	1.03416
-1	1.03548
-1	1.02456
-1	1.0255
-1	1.03037
-1	1.03167
-1	1.02909
-1	1.03358
-1	1.03258
-1	1.03401
-1	1.03245
-1	1.03119
-1	1.03234
-1	1.03111
-1	1.02996
-1	1.03294
-1	1.03417
-1	1.0367
-1	1.04762
-1	1.04803
-1	1.04272
-1	1.04003
-1	1.04485
-1	1.04467
-1	1.04738
-1	1.04361
-1	1.04282
-1	1.04219
-1	1.04351
-1	1.04613
-1	1.04641
-1	1.05196
-1	1.05581
-1	1.06231
-1	1.06933
-1	1.07066
-1	1.06882
-1	1.06869
-1	1.07592
-1	1.07916
-1	1.06992
-1	1.0669
-1	1.06411
-1	1.06766
-1	1.06706
-1	1.06619
-1	1.06365
-1	1.06053
-1	1.06578
-1	1.05851
-1	1.04769
-1	1.05367
-1	1.05786
-1	1.05524
-1	1.05508
-1	1.05922
-1	1.06294
-1	1.06144
-1	1.0601
-1	1.05812
-1	1.06662
-1	1.06342
-1	1.06026
-1	1.06188
-1	1.05666
-1	1.05712
-1	1.06078
-1	1.06709
-1	1.07295
-1	1.07531
-1	1.07523
-1	1.0758
-1	1.07222
-1	1.0725
-1	1.06917
-1	1.07318
-1	1.0756
-1	1.07583
-1	1.08889
-1	1.0862
-1	1.08973
-1	1.09784
-1	1.10844
-1	1.103
-1	1.10383
-1	1.09669
-1	1.09317
-1	1.09826
-1	1.0943
-1	1.09135
-1	1.09926
-1	1.10758
-1	1.10225
-1	1.09817
-1	1.09518
-1	1.09564
-1	1.09727
-1	1.09837
-1	1.0997
-1	1.09408
-1	1.09208
-1	1.09301
-1	1.09552
-1	1.09475
-1	1.09165
-1	1.09505
-1	1.0969
-1	1.0957
-1	1.09546
-1	1.0985
-1	1.10117
-1	1.10559
-1	1.102
-1	1.10136
-1	1.10067
-1	1.10268
-1	1.10019
-1	1.09909
-1	1.09929
-1	1.09685
-1	1.08736
-1	1.09227
-1	1.09334
-1	1.09114
-1	1.0927
-1	1.09293
-1	1.09829
-1	1.09839
-1	1.09881
-1	1.09694
-1	1.09832
-1	1.10107
-1	1.09907
-1	1.09876
-1	1.0971
-1	1.10018
-1	1.09674
-1	1.09959
-1	1.10293
-1	1.10259
-1	1.10323
-1	1.10001
-1	1.09935
-1	1.09905
-1	1.10001
-1	1.10405
-1	1.10092
-1	1.10349
-1	1.09959
-1	1.09494
-1	1.08777
-1	1.09149
-1	1.09361
-1	1.08763
-1	1.09366
-1	1.09621
-1	1.09424
-1	1.08622
-1	1.09151
-1	1.09473
-1	1.09527
-1	1.09502
-1	1.0947
-1	1.09524
-1	1.09464
-1	1.09755
-1	1.09822
-1	1.09564
-1	1.0939
-1	1.09449
-1	1.09772
-1	1.09517
-1	1.09542
-1	1.09465
-1	1.0934
-1	1.09003
1	1.09037
1	1.08899
1	1.08006
1	1.07883
1	1.08231
1	1.07708
1	1.07695
1	1.07871
1	1.08457
1	1.08163
1	1.08627
1	1.08553
1	1.0848
1	1.08623
1	1.08669
1	1.08662
1	1.08567
1	1.08793
1	1.08718
1	1.08707
1	1.08717
1	1.08632
1	1.0872
1	1.09039
1	1.09023
1	1.08757
1	1.0885
1	1.08811
1	1.0879
1	1.08854
1	1.08803
1	1.08483
1	1.08384
1	1.08152
1	1.08181
1	1.07981
1	1.07923
1	1.08045
1	1.08174
1	1.08141
1	1.07932
1	1.08392
1	1.08363
1	1.08172
1	1.08085
1	1.08004
1	1.08349
1	1.08415
1	1.0823
1	1.08557
1	1.08468
1	1.08454
1	1.08396
1	1.08426
1	1.08502
1	1.08887
1	1.09607
1	1.08998
1	1.0939
1	1.09232
1	1.08971
1	1.09091
1	1.08918
1	1.08957
1	1.09106
1	1.09589
1	1.09453
1	1.09556
1	1.10025
1	1.10196
1	1.10166
1	1.10433
1	1.10409
1	1.10679
1	1.1206
1	1.11944
1	1.12005
1	1.11821
1	1.12214
1	1.11842
1	1.1182
1	1.12177
1	1.12703
1	1.13468
1	1.13501
1	1.13189
1	1.13026
1	1.13277
1	1.12863
1	1.12141
1	1.11788
1	1.11807
1	1.12702
1	1.12681
1	1.12425
1	1.12154
1	1.12455
1	1.12365
1	1.12726
1	1.12703
1	1.12862
1	1.13178
1	1.12726
1	1.12142
1	1.12202
1	1.12196
1	1.11871
1	1.11551
1	1.11265
1	1.11272
1	1.11339
1	1.10951
1	1.11203
1	1.10792
1	1.09454
1	1.09985
1	1.10017
1	1.09358
1	1.0928
1	1.09321
1	1.09799
1	1.09904
1	1.09682
1	1.09994
1	1.10132
1	1.09975
1	1.09752
1	1.10326
1	1.10554
1	1.10416
1	1.1015
1	1.10762
1	1.11777
1	1.11652
1	1.12849
1	1.12985
1	1.1262
1	1.13052
1	1.13008
1	1.13509
1	1.13217
1	1.13104
1	1.12616
1	1.13045
1	1.12633
1	1.12733
1	1.12844
1	1.12657
1	1.12576
1	1.13275
1	1.12953
1	1.13008
1	1.12762
1	1.12991
1	1.12948
1	1.13153
1	1.12713
1	1.12586
1	1.11659
1	1.1154
1	1.11998
1	1.12221
1	1.12066
1	1.12475
1	1.12001
1	1.12365
1	1.11986
1	1.11026
1	1.10686
1	1.10819
1	1.10571
1	1.10462
1	1.10952
1	1.10927
1	1.11168
1	1.10755
1	1.11068
1	1.11635
1	1.12141
1	1.12171
1	1.11801
1	1.11128
1	1.11496
1	1.11389
1	1.11855
1	1.11886
1	1.11865
1	1.12255
1	1.12598
1	1.12598
1	1.12182
1	1.12235
1	1.11811
1	1.11903
1	1.12331
1	1.12059
1	1.11634
1	1.11493
1	1.10762
1	1.11116
1	1.11371
1	1.11554
1	1.115
1	1.1165
1	1.11215
1	1.11449
1	1.11808
1	1.11752
1	1.11494
1	1.11593
1	1.11662
1	1.11368
1	1.11386
1	1.11243
1	1.11375
1	1.11398
1	1.11684
1	1.11901
1	1.11836
1	1.11877
1	1.11872
1	1.11774
1	1.1142
1	1.11455
1	1.11099
1	1.11082
1	1.111
1	1.10796
1	1.09723
1	1.10267
1	1.10339
1	1.10267
1	1.10258
1	1.10353
1	1.10734
1	1.10834
1	1.10943
1	1.10847
1	1.1208
1	1.11967
1	1.12279
1	1.12429
1	1.12397
1	1.12099
1	1.11899
1	1.12071
1	1.12318
1	1.12412
1	1.12454
1	1.12101
1	1.12718
1	1.13008
1	1.12564
1	1.12415
1	1.11994
1	1.12403
1	1.11831
1	1.11673
1	1.12002
1	1.11802
1	1.12041
1	1.1199
1	1.12318
1	1.12415
1	1.12454
1	1.12712
1	1.13595
1	1.1363
1	1.13115
1	1.13128
1	1.12612
1	1.12206
1	1.12344
1	1.12763
1	1.12677
1	1.12767
1	1.1273
1	1.12867
1	1.13101
1	1.12759
1	1.12575
1	1.12811
1	1.12768
1	1.12561
1	1.12185
1	1.12301
1	1.12259
1	1.12242
1	1.12451
1	1.12348
1	1.12101
1	1.12376
1	1.12312
1	1.12719
1	1.12583
1	1.12674
1	1.12667
1	1.12563
1	1.1215
1	1.12367
1	1.12251
1	1.12502
1	1.12519
1	1.12599
1	1.12692
1	1.12649
1	1.12529
1	1.1245
1	1.12972
1	1.13068
1	1.12958
1	1.12869
1	1.12892
1	1.12873
1	1.12882
1	1.13038
1	1.13053
1	1.13272
1	1.13128
1	1.13059
1	1.13006
1	1.12928
1	1.12914
1	1.13073
1	1.13005
1	1.13071
1	1.12566
1	1.12667
1	1.12917
1	1.12935
1	1.12818
1	1.126
1	1.1256
1	1.12645
1	1.12606
1	1.12652
1	1.12647
1	1.12727
1	1.1274
1	1.12872
1	1.12872
1	1.1295
1	1.12816
1	1.12743
1	1.12981
1	1.13029
1	1.13064
1	1.13133
1	1.13151
1	1.13536
1	1.13422
1	1.13396
1	1.1363
1	1.13841
1	1.14053
1	1.1451
1	1.14656
1	1.15019
1	1.14676
1	1.14636
1	1.14364
1	1.14707
1	1.14918
1	1.14846
1	1.1443
1	1.13788
1	1.13802
1	1.14321
1	1.13688
1	1.14135
1	1.1309
1	1.12363
1	1.09906
1	1.1045
1	1.08808
1	1.06908
1	1.07921
1	1.08643
1	1.08753
1	1.0949
1	1.09886
1	1.09406
1	1.08762
1	1.08577
1	1.08711
1	1.08912
1	1.08544
1	1.09081
1	1.09282
1	1.09518
1	1.09257
1	1.09248
1	1.09412
1	1.09666
1	1.09738
1	1.09534
1	1.09262
1	1.09284
1	1.09117
1	1.08847
1	1.09197
1	1.09402
1	1.09357
1	1.0963
1	1.09603
1	1.09511
1	1.09678
1	1.09672
1	1.09845
1	1.09817
1	1.09584
1	1.09345
1	1.09524
1	1.0983
1	1.10536
1	1.10764
1	1.10692
1	1.10843
1	1.10888
1	1.10838
1	1.10698
1	1.10615
1	1.10762
1	1.10775
1	1.10753
1	1.10703
1	1.10807
1	1.10776
1	1.10719
1	1.10757
1	1.10647
1	1.10739
1	1.10746
1	1.10747
1	1.10793
1	1.10698
1	1.10242
-1	1.10237
-1	1.10246
-1	1.10585
-1	1.10706
-1	1.10619
-1	1.10279
-1	1.10126
-1	1.09925
-1	1.09677
-1	1.09722
-1	1.09721
-1	1.09926
-1	1.09677
-1	1.09886
-1	1.12432
-1	1.13643
-1	1.1416
-1	1.1431
-1	1.1458
-1	1.14075
-1	1.14192
-1	1.1389
-1	1.14115
-1	1.13623
-1	1.13116
-1	1.13454
-1	1.13442
-1	1.13676
-1	1.13229
-1	1.12692
-1	1.11865
-1	1.11981
-1	1.11883
-1	1.1282
-1	1.13734
-1	1.12962
-1	1.12878
-1	1.13127
-1	1.13373
-1	1.13259
-1	1.12749
-1	1.12843
-1	1.12907
-1	1.12799
-1	1.12809
-1	1.13173
-1	1.13109
-1	1.13613
-1	1.13714
-1	1.13429
-1	1.13435
-1	1.13511
-1	1.13422
-1	1.13466
-1	1.13034
-1	1.13077
-1	1.13403
-1	1.13518
-1	1.13265
-1	1.13478
-1	1.13344
-1	1.13151
-1	1.12998
-1	1.13015
-1	1.13163
-1	1.13118
-1	1.13133
-1	1.13169
-1	1.13029
-1	1.1293
-1	1.12774
-1	1.1307
-1	1.13159
-1	1.13325
-1	1.13391
-1	1.1338
-1	1.13576
-1	1.13368
-1	1.13305
-1	1.1316
-1	1.1309
-1	1.13349
-1	1.13352
-1	1.12998
-1	1.12905
-1	1.12497
-1	1.12389
-1	1.12363
-1	1.13003
-1	1.1264
-1	1.12416
-1	1.1221
-1	1.12189
-1	1.12338
-1	1.1241
-1	1.12439
-1	1.12572
-1	1.12572
-1	1.12572
-1	1.12572
-1	1.12572
-1	1.12572
-1	1.12892
-1	1.12635
-1	1.12245
-1	1.12207
-1	1.11741
-1	1.12136
-1	1.1204
-1	1.12323
-1	1.12255
-1	1.12009
-1	1.11894
-1	1.11575
-1	1.11449
-1	1.10979
-1	1.10765
-1	1.10687
1	1.10777
1	1.11193
1	1.11255
1	1.11209
1	1.11295
1	1.11631
1	1.1147
1	1.11536
1	1.11444
1	1.11055
1	1.10419
1	1.10586
1	1.09848
1	1.09011
1	1.09235
1	1.09585
1	1.09874
1	1.09906
1	1.09715
1	1.09437
1	1.09808
1	1.10079
1	1.0994
1	1.10064
1	1.10136
1	1.10246
1	1.10588
1	1.10472
1	1.10263
1	1.1031
1	1.10036
1	1.10241
1	1.10446
1	1.10787
1	1.10559
1	1.10646
1	1.10544
1	1.1069
1	1.10599
1	1.10574
1	1.10452
1	1.10663
1	1.10471
1	1.10388
1	1.10341
1	1.10322
1	1.10035
1	1.10081
1	1.10093
1	1.10175
1	1.10348
1	1.10229
1	1.10294
1	1.10421
1	1.10472
1	1.10188
1	1.10228
1	1.10003
1	1.09845
1	1.09936
1	1.0957
1	1.09923
1	1.09976
1	1.10174
1	1.09993
1	1.09852
1	1.10219
1	1.10154
1	1.10065
1	1.10166
1	1.10026
1	1.10075
1	1.10091
1	1.09889
1	1.09983
1	1.10053
1	1.09864
1	1.09956
1	1.10397
1	1.10515
1	1.10531
1	1.10643
1	1.10471
1	1.10355
1	1.1033
1	1.10481
1	1.1073
1	1.10837
1	1.10878
1	1.1105
1	1.1098
1	1.10764
1	1.1082
1	1.1012
1	1.10217
1	1.10173
1	1.10285
1	1.10255
1	1.10358
1	1.10018
1	1.09466
1	1.09264
1	1.09379
1	1.09002
1	1.09288
1	1.09577
1	1.09859
1	1.09664
1	1.09872
1	1.09846
1	1.09715
1	1.09892
1	1.10297
1	1.10154
1	1.10161
1	1.10035
1	1.10032
1	1.09982
1	1.10184
1	1.10098
1	1.10031
1	1.10001
1	1.10461
1	1.10372
1	1.10397
1	1.10519
1	1.10678
1	1.10621
1	1.10531
1	1.10552
1	1.10501
1	1.10606
1	1.10673
1	1.10465
1	1.10457
1	1.10364
1	1.10309
1	1.10336
1	1.10199
1	1.10313
1	1.1038
1	1.10197
1	1.10322
1	1.10426
1	1.10428
1	1.10257
1	1.10195
1	1.10233
1	1.10303
1	1.10322
1	1.10235
1	1.10266
1	1.10313
1	1.10322
1	1.10968
1	1.10885
1	1.1105
1	1.1104
1	1.10838
1	1.10995
1	1.10966
1	1.10869
1	1.10904
1	1.10962
1	1.11132
1	1.10904
1	1.11092
1	1.11713
1	1.11727
1	1.11662
1	1.11833
1	1.11929
1	1.11829
1	1.11835
1	1.1248
1	1.12852
1	1.125
1	1.12025
1	1.11475
1	1.1143
1	1.11553
1	1.11575
1	1.11287
1	1.11465
1	1.11481
1	1.11422
1	1.11433
1	1.11045
1	1.11311
1	1.11462
1	1.11633
1	1.11601
1	1.11759
1	1.11534
1	1.11509
1	1.11484
1	1.11515
1	1.11409
1	1.11468
1	1.11561
1	1.11761
1	1.11606
1	1.11276
1	1.11359
1	1.11409
1	1.11449
1	1.11353
1	1.11602
1	1.12213
1	1.12212
1	1.12244
1	1.12412
1	1.12469
1	1.12458
1	1.12292
1	1.12123
1	1.1198
1	1.12176
1	1.12122
1	1.12228
1	1.12043
1	1.11811
1	1.11763
1	1.11557
1	1.11727
1	1.11641
1	1.11653
1	1.11766
1	1.11793
1	1.11611
1	1.11818
1	1.11805
1	1.1197
1	1.11963
1	1.11802
1	1.11878
1	1.11609
1	1.11653
1	1.11557
1	1.11109
1	1.11252
1	1.11371
1	1.11297
1	1.11392
1	1.11455
1	1.11492
1	1.11552
1	1.11484
1	1.11411
1	1.11429
1	1.11503
1	1.11644
1	1.11545
1	1.11881
1	1.11908
1	1.11953
1	1.1187
1	1.11723
1	1.11813
1	1.11912
1	1.12007
1	1.12002
1	1.11788
1	1.11821
1	1.11886
1	1.11556
1	1.11362
1	1.11249
1	1.11206
1	1.11381
1	1.11382
1	1.1102
1	1.10564
1	1.09611
1	1.09821
1	1.08083
1	1.07119
1	1.08067
1	1.07973
1	1.07856
1	1.08917
1	1.0898
1	1.08821
1	1.08825
1	1.08727
1	1.08238
1	1.08341
1	1.08082
1	1.08482
1	1.08479
1	1.08656
1	1.08606
1	1.08489
1	1.08683
1	1.08277
1	1.08117
1	1.08022
1	1.08435
1	1.08178
1	1.08418
1	1.08726
1	1.08738
1	1.08664
1	1.08926
1	1.09023
1	1.08847
1	1.08687
1	1.08643
1	1.08751
1	1.08839
1	1.0868
1	1.08743
1	1.08632
1	1.08571
1	1.0848
1	1.08085
1	1.07833
1	1.08281
1	1.08636
1	1.08542
1	1.08466
1	1.08193
1	1.0828
1	1.08393
1	1.08288
1	1.08093
1	1.08061
1	1.08128
1	1.08198
1	1.08018
1	1.07929
1	1.081
1	1.08033
1	1.07903
1	1.07926
1	1.0814
1	1.08516
1	1.0858
1	1.0845
1	1.08525
1	1.08359
1	1.08362
1	1.08403
1	1.08093
1	1.08089
1	1.0813
1	1.08235
1	1.08297
1	1.08254
1	1.08174
1	1.08025
1	1.07741
1	1.07845
1	1.07315
1	1.07145
1	1.07203
1	1.07571
1	1.07869
1	1.07855
1	1.08472
1	1.08568
1	1.07728
1	1.07912
1	1.08174
1	1.07861
1	1.07891
1	1.07909
1	1.07769
1	1.08118
1	1.08275
1	1.08007
1	1.08013
1	1.08041
1	1.08218
1	1.08309
1	1.08236
1	1.0793
1	1.07871
1	1.07914
1	1.07769
1	1.07747
1	1.07807
1	1.07524
1	1.07693
1	1.07708
1	1.07851
1	1.08378
1	1.09622
1	1.09368
1	1.09326
1	1.09444
1	1.0995
1	1.09546
1	1.09648
1	1.09487
1	1.09473
1	1.09204
1	1.09298
1	1.09256
1	1.09006
1	1.09039
1	1.09098
1	1.08949
1	1.09117
1	1.09141
1	1.09347
1	1.09404
1	1.09289
1	1.09318
1	1.09473
1	1.09365
1	1.09319
1	1.09589
1	1.09845
1	1.09703
1	1.09548
1	1.09482
1	1.09685
1	1.09694
1	1.09825
1	1.09771
1	1.09783
1	1.09653
1	1.09715
1	1.0974
1	1.09856
1	1.10401
1	1.10519
1	1.10507
1	1.10583
1	1.10387
1	1.10423
1	1.10601
1	1.12218
1	1.12594
1	1.12461
-1	1.12193
-1	1.12473
-1	1.12852
-1	1.12599
-1	1.13654
-1	1.14124
-1	1.1405
-1	1.14283
-1	1.14315
-1	1.13956
-1	1.13746
-1	1.13533
-1	1.13479
-1	1.13814
-1	1.13802
-1	1.13783
-1	1.13361
-1	1.13603
-1	1.13496
-1	1.1367
-1	1.13566
-1	1.13654
-1	1.13621
-1	1.14022
-1	1.1391
-1	1.13712
-1	1.13951
-1	1.13958
-1	1.14071
-1	1.13702
-1	1.137
-1	1.13417
-1	1.13603
-1	1.13948
-1	1.14005
-1	1.14026
-1	1.13721
-1	1.13601
-1	1.13493
-1	1.12862
-1	1.13391
-1	1.13494
-1	1.13016
-1	1.13262
-1	1.13286
-1	1.13216
-1	1.13431
-1	1.13518
-1	1.13705
-1	1.13683
-1	1.13622
-1	1.13933
-1	1.13773
-1	1.14016
-1	1.13761
-1	1.13809
-1	1.13755
-1	1.14121
-1	1.13715
-1	1.13417
-1	1.13627
-1	1.13817
-1	1.13754
-1	1.13812
-1	1.13946
-1	1.13949
-1	1.13734
-1	1.13648
-1	1.13718
-1	1.13935
-1	1.1389
-1	1.13568
-1	1.13472
-1	1.13677
-1	1.13499
-1	1.13654
-1	1.13958
-1	1.15535
-1	1.16716
-1	1.16119
-1	1.1381
-1	1.1389
-1	1.14215
-1	1.14212
-1	1.14438
-1	1.14817
-1	1.14708
-1	1.14607
-1	1.14423
-1	1.1423
-1	1.14623
-1	1.14712
-1	1.14801
-1	1.14648
-1	1.14693
-1	1.14712
-1	1.14647
-1	1.14883
-1	1.15022
-1	1.15157
-1	1.15146
-1	1.15082
-1	1.14641
-1	1.14547
-1	1.14379
-1	1.14582
-1	1.14605
-1	1.1459
-1	1.14747
-1	1.14482
-1	1.14584
-1	1.14666
-1	1.14589
-1	1.14713
-1	1.14972
-1	1.14836
-1	1.14707
-1	1.14686
-1	1.14936
-1	1.14842
-1	1.14734
-1	1.14545
-1	1.14433
-1	1.14327
-1	1.13308
-1	1.13855
-1	1.14015
-1	1.13969
-1	1.14005
-1	1.13671
-1	1.13619
-1	1.13455
-1	1.12988
-1	1.13157
-1	1.13345
-1	1.13242
-1	1.13128
-1	1.12652
-1	1.1177
-1	1.11607
-1	1.11387
1	1.11784
1	1.11754
1	1.11865
1	1.12051
1	1.12411
1	1.12218
1	1.12195
1	1.12089
1	1.12172
1	1.1265
1	1.12851
1	1.12736
1	1.12609
1	1.12339
1	1.12525
1	1.12653
1	1.12677
1	1.12355
1	1.11844
1	1.11986
1	1.12194
1	1.12386
1	1.12365
1	1.12295
1	1.12749
1	1.12764
1	1.1325
1	1.13385
1	1.1317
1	1.12923
1	1.12865
1	1.1259
1	1.12899
1	1.12922
1	1.12839
1	1.12857
1	1.13142
1	1.12932
1	1.12926
1	1.12694
1	1.129
1	1.12926
1	1.12971
1	1.12757
1	1.12813
1	1.12856
1	1.12389
1	1.12479
1	1.12518
1	1.12572
1	1.12571
1	1.11804
1	1.11463
1	1.10848
1	1.11202
1	1.11392
1	1.11254
1	1.11297
1	1.11438
1	1.11609
1	1.11596
1	1.11475
1	1.11529
1	1.11605
1	1.11963
1	1.1189
1	1.11825
1	1.11938
1	1.1177
1	1.1209
1	1.11962
1	1.11811
1	1.12012
1	1.12676
1	1.12693
1	1.13016
1	1.1337
1	1.14115
1	1.13737
1	1.13822
1	1.13886
1	1.14366
1	1.14343
1	1.14189
1	1.13819
1	1.13854
1	1.14235
1	1.14077
1	1.13875
1	1.13769
1	1.13978
1	1.13955
1	1.13812
1	1.13382
1	1.13592
1	1.13521
1	1.13633
1	1.138
1	1.13516
1	1.13614
1	1.13874
1	1.14018
1	1.14132
1	1.13901
1	1.13702
1	1.14024
1	1.13822
1	1.13814
1	1.1402
1	1.1426
1	1.14164
1	1.14193
1	1.14531
1	1.14523
1	1.14537
1	1.14361
1	1.14459
1	1.14136
1	1.14116
1	1.14255
1	1.1421
1	1.14014
1	1.14008
1	1.13986
1	1.14005
1	1.14144
1	1.14699
1	1.14946
1	1.14677
1	1.14301
1	1.1459
1	1.14539
1	1.14348
1	1.14368
1	1.1442
1	1.14519
1	1.14627
1	1.14618
1	1.14576
1	1.1451
1	1.14386
1	1.14481
1	1.1454
1	1.14355
1	1.1397
1	1.14175
1	1.14186
1	1.13854
1	1.13863
1	1.13889
1	1.13955
1	1.14007
1	1.14152
1	1.14176
1	1.14017
1	1.13948
1	1.13967
1	1.14086
1	1.13957
1	1.13836
1	1.13966
1	1.14019
1	1.14116
1	1.14019
1	1.13983
1	1.13924
1	1.13746
1	1.1381
1	1.13934
1	1.13874
1	1.13946
1	1.13905
1	1.13952
1	1.13899
1	1.13926
1	1.1384
1	1.13715
1	1.13664
1	1.13526
1	1.13551
1	1.13689
1	1.13721
1	1.13855
1	1.1402
-1	1.13942
-1	1.13814
-1	1.13558
-1	1.13736
-1	1.1371
-1	1.13776
-1	1.13744
-1	1.13762
-1	1.13632
-1	1.13673
-1	1.13761
-1	1.13743
-1	1.13755
-1	1.13728
-1	1.13782
-1	1.13858
-1	1.13951
-1	1.14268
-1	1.14042
-1	1.14192
-1	1.14166
-1	1.14176
-1	1.14166
-1	1.14223
-1	1.14312
-1	1.14288
-1	1.14327
-1	1.14374
-1	1.14261
-1	1.14092
-1	1.14066
-1	1.14142
-1	1.14112
-1	1.13949
-1	1.13719
-1	1.13795
-1	1.13895
-1	1.13913
-1	1.13808
-1	1.13913
-1	1.13937
-1	1.13891
-1	1.13879
-1	1.13914
-1	1.14244
-1	1.142
-1	1.14161
-1	1.14113
-1	1.14101
-1	1.13966
-1	1.13799
-1	1.1386
-1	1.13944
-1	1.14111
-1	1.14135
-1	1.13988
-1	1.13959
-1	1.14074
-1	1.14088
-1	1.14132
-1	1.14091
-1	1.13989
-1	1.1392
-1	1.13817
-1	1.13912
-1	1.13818
-1	1.1378
-1	1.13823
-1	1.13847
-1	1.13871
-1	1.13897
-1	1.1377
-1	1.13816
-1	1.13844
-1	1.13723
-1	1.13744
-1	1.1375
-1	1.1378
-1	1.13686
-1	1.13619
-1	1.13464
-1	1.13507
-1	1.13314
-1	1.12995
-1	1.13316
-1	1.13436
-1	1.13371
-1	1.13298
-1	1.13512
-1	1.13445
-1	1.13346
-1	1.12665
-1	1.12674
-1	1.12608
-1	1.12751
-1	1.12787
-1	1.12215
-1	1.12509
-1	1.1274
-1	1.1278
-1	1.12689
-1	1.13017
-1	1.1303
-1	1.13015
-1	1.12938
1	1.12964
1	1.1288
1	1.12765
1	1.12736
1	1.12046
1	1.12026
1	1.12203
1	1.12415
1	1.12585
1	1.12486
1	1.12748
1	1.12699
1	1.12454
1	1.1231
1	1.11849
1	1.12103
1	1.12112
1	1.12675
1	1.1262
1	1.12701
1	1.12825
1	1.1294
1	1.12882
1	1.1282
1	1.12603
1	1.1271
1	1.12625
1	1.12325
1	1.11108
1	1.11088
1	1.11359
1	1.11356
1	1.1138
1	1.11125
1	1.1097
1	1.11148
1	1.11183
1	1.11264
1	1.11082
1	1.11003
1	1.1078
1	1.11066
1	1.1104
1	1.11107
1	1.1116
1	1.10966
1	1.10975
1	1.11093
1	1.11039
1	1.11367
1	1.11436
1	1.11926
1	1.11759
1	1.12085
1	1.12762
1	1.13783
1	1.13521
1	1.13594
1	1.13464
1	1.13562
1	1.13525
1	1.13563
1	1.13559
1	1.13892
1	1.13683
1	1.13469
1	1.13217
1	1.13337
1	1.13393
1	1.13268
1	1.13185
1	1.1279
1	1.12656
1	1.12904
1	1.12818
1	1.13112
1	1.1303
1	1.13288
1	1.13204
1	1.13225
1	1.12604
1	1.12231
1	1.12097
1	1.12551
1	1.12364
1	1.12457
1	1.12627
1	1.12423
1	1.12296
1	1.11974
1	1.12238
1	1.12175
1	1.12206
1	1.12197
1	1.12187
1	1.12628
1	1.12772
1	1.1286
1	1.12879
1	1.12752
1	1.1289
1	1.12576
1	1.111
1	1.1128
1	1.11427
1	1.10578
1	1.09954
1	1.10347
1	1.10533
1	1.11107
1	1.11283
1	1.1185
1	1.1169
1	1.11449
1	1.11778
1	1.11761
1	1.11666
1	1.11449
1	1.11295
1	1.11282
1	1.11155
1	1.11291
1	1.11114
1	1.11759
1	1.11553
1	1.11514
1	1.11618
1	1.1191
1	1.11921
1	1.11679
1	1.11762
1	1.11985
1	1.1177
1	1.1167
1	1.11769
1	1.11658
1	1.11372
1	1.11505
1	1.11637
1	1.11823
1	1.1185
1	1.1181
1	1.1177
1	1.11862
1	1.12368
1	1.12564
1	1.12674
1	1.12368
1	1.12117
1	1.12336
1	1.12251
1	1.1227
1	1.12606
1	1.12666
1	1.12401
1	1.12536
1	1.12892
1	1.13048
1	1.13129
1	1.13276
1	1.13094
1	1.13131
1	1.13588
1	1.13438
1	1.13235
1	1.13412
1	1.13206
1	1.13515
1	1.13266
1	1.13324
1	1.1343
1	1.1333
1	1.12972
1	1.12696
1	1.13008
1	1.12869
1	1.12949
1	1.12744
1	1.1258
1	1.12268
1	1.12451
1	1.12371
1	1.12252
1	1.12488
1	1.12718
1	1.12648
1	1.12611
1	1.12813
1	1.13072
1	1.13161
1	1.12926
1	1.12745
1	1.13002
1	1.1271
1	1.1275
1	1.12629
1	1.12875
1	1.1301
1	1.13021
1	1.12972
1	1.13262
1	1.13253
1	1.13186
1	1.13096
1	1.12995
1	1.13147
1	1.13272
1	1.13201
1	1.13094
1	1.13002
1	1.12997
1	1.12718
1	1.12705
1	1.12914
1	1.12785
1	1.1325
1	1.13961
1	1.14904
1	1.14755
1	1.14698
1	1.1461
1	1.14542
1	1.14798
1	1.14826
1	1.14506
1	1.14518
1	1.14175
1	1.14046
1	1.14255
1	1.14435
1	1.14291
1	1.14413
1	1.14348
1	1.14282
1	1.14401
1	1.14609
1	1.14458
1	1.14587
1	1.14523
1	1.1448
1	1.14282
1	1.14393
1	1.14309
1	1.14199
1	1.14299
1	1.14356
1	1.14114
1	1.14539
1	1.14501
1	1.14431
1	1.14493
1	1.14334
1	1.14301
1	1.1429
1	1.14374
1	1.1424
1	1.14252
1	1.14295
1	1.14204
1	1.14355
1	1.14436
1	1.14473
1	1.14516
1	1.14412
1	1.14175
1	1.14532
1	1.14472
1	1.14235
1	1.13794
1	1.13873
1	1.12812
1	1.12962
1	1.12864
1	1.12673
1	1.12393
1	1.12291
1	1.12471
1	1.12375
1	1.11824
1	1.11922
1	1.12066
1	1.12042
1	1.12308
1	1.12534
1	1.12259
1	1.12346
1	1.12425
1	1.12099
1	1.12245
1	1.12372
1	1.12524
1	1.13065
1	1.13454
1	1.13216
1	1.13246
1	1.13085
1	1.13087
1	1.12855
1	1.13035
1	1.1301
1	1.12873
1	1.12977
1	1.1283
1	1.12798
1	1.13011
1	1.12954
1	1.12923
1	1.1295
1	1.12973
1	1.12932
1	1.1263
1	1.12706
1	1.12251
1	1.12247
1	1.12297
1	1.12103
1	1.12402
1	1.12509
1	1.12534
1	1.1254
1	1.12477
1	1.1241
1	1.12545
1	1.12572
1	1.12552
1	1.12766
1	1.12704
1	1.12622
1	1.12626
1	1.12527
1	1.12523
1	1.12537
1	1.12255
1	1.12398
1	1.12322
1	1.12407
1	1.12536
1	1.12507
1	1.12474
1	1.12371
1	1.1222
1	1.11894
1	1.1202
1	1.11898
1	1.12123
1	1.12065
1	1.12141
1	1.12289
1	1.12121
1	1.11866
1	1.11719
1	1.11832
1	1.11586
1	1.1165
1	1.11892
1	1.11861
1	1.11991
1	1.12032
1	1.11884
1	1.12241
1	1.11897
1	1.11865
1	1.12012
1	1.11984
1	1.11638
1	1.11815
1	1.11988
1	1.11996
1	1.11926
1	1.12062
1	1.12442
1	1.12547
1	1.128
-1	1.12613
-1	1.12695
-1	1.12665
-1	1.12752
-1	1.12512
-1	1.12442
-1	1.12561
-1	1.12479
-1	1.12417
-1	1.12488
-1	1.12629
-1	1.12221
-1	1.12104
-1	1.12225
-1	1.12264
-1	1.12409
-1	1.12322
-1	1.12483
-1	1.12608
-1	1.12563
-1	1.12154
-1	1.12266
-1	1.12332
-1	1.12198
-1	1.12207
-1	1.11977
-1	1.11946
-1	1.12176
-1	1.12282
-1	1.12413
-1	1.12412
-1	1.12379
-1	1.12386
-1	1.12324
-1	1.12352
-1	1.1246
-1	1.12644
-1	1.12527
-1	1.12467
-1	1.12568
-1	1.12477
-1	1.12504
-1	1.123
-1	1.12203
-1	1.1232
-1	1.12301
-1	1.12206
-1	1.12442
-1	1.12406
-1	1.12367
-1	1.12463
-1	1.12498
-1	1.12338
-1	1.12267
-1	1.12188
-1	1.12098
-1	1.12171
-1	1.12038
-1	1.1204
-1	1.11929
-1	1.12091
-1	1.12033
-1	1.11958
-1	1.11689
-1	1.11609
1	1.11736
1	1.1196
1	1.11788
1	1.11516
1	1.11686
1	1.11596
1	1.11807
1	1.11728
1	1.11721
1	1.11954
1	1.12045
1	1.11984
1	1.1182
1	1.1187
1	1.11736
1	1.11613
1	1.11809
1	1.11908
1	1.11946
1	1.1182
1	1.11858
1	1.11657
1	1.118
1	1.11838
1	1.11974
1	1.12077
1	1.11971
1	1.11909
1	1.11933
1	1.11902
1	1.11964
1	1.12027
1	1.11977
1	1.11884
1	1.11778
1	1.11767
1	1.11855
1	1.11926
1	1.11955
1	1.11896
1	1.1189
1	1.1195
1	1.11827
1	1.11817
1	1.11747
1	1.11811
1	1.11848
1	1.1184
1	1.11875
1	1.11814
1	1.11827
1	1.11706
1	1.11842
1	1.11753
1	1.1173
1	1.11814
1	1.11721
1	1.11779
1	1.1198
1	1.12074
-1	1.11977
-1	1.11866
-1	1.11929
-1	1.11875
-1	1.11816
-1	1.11838
-1	1.1173
-1	1.11771
-1	1.11831
-1	1.11835
-1	1.11922
-1	1.11863
-1	1.11881
-1	1.11932
-1	1.11896
-1	1.12078
-1	1.12064
-1	1.12437
-1	1.12245
-1	1.12345
-1	1.12383
-1	1.12291
-1	1.12256
-1	1.12191
-1	1.12297
-1	1.12307
-1	1.12418
-1	1.12816
-1	1.12692
-1	1.12762
-1	1.12696
-1	1.12704
-1	1.12636
-1	1.12665
-1	1.12604
-1	1.12597
-1	1.1262
-1	1.12644
-1	1.12612
-1	1.12353
-1	1.1246
-1	1.12487
-1	1.12485
-1	1.12381
-1	1.12371
-1	1.1232
-1	1.12232
-1	1.12297
-1	1.12289
-1	1.12358
-1	1.12323
-1	1.12315
-1	1.12225
-1	1.12273
-1	1.12102
-1	1.12201
-1	1.12243
-1	1.12172
-1	1.12263
-1	1.12334
-1	1.12338
-1	1.1245
-1	1.12371
-1	1.12362
-1	1.12294
-1	1.12281
-1	1.12211
-1	1.1231
-1	1.12311
-1	1.12247
-1	1.12273
-1	1.12261
-1	1.12254
-1	1.12249
-1	1.12179
-1	1.11991
-1	1.12069
-1	1.12024
-1	1.11982
-1	1.11868
-1	1.12004
-1	1.11954
-1	1.11956
-1	1.11947
-1	1.12
-1	1.12066
-1	1.11996
-1	1.11897
-1	1.11977
-1	1.11951
-1	1.11928
-1	1.11969
-1	1.11961
-1	1.11805
-1	1.11912
-1	1.12001
-1	1.12129
-1	1.12093
-1	1.1202
-1	1.12004
-1	1.12068
-1	1.12291
-1	1.12387
-1	1.12398
-1	1.12452
-1	1.12496
-1	1.12467
-1	1.12563
-1	1.12494
-1	1.12507
-1	1.12476
-1	1.12396
-1	1.12361
-1	1.12438
-1	1.12439
-1	1.12362
-1	1.12342
-1	1.12386
-1	1.12384
-1	1.12401
-1	1.12468
-1	1.12504
-1	1.12418
-1	1.12248
-1	1.12064
-1	1.12045
-1	1.11925
-1	1.1177
-1	1.11719
-1	1.11884
-1	1.11799
-1	1.11862
-1	1.11883
-1	1.11791
-1	1.1174
-1	1.11776
-1	1.11895
-1	1.11838
-1	1.11927
-1	1.11844
-1	1.11861
-1	1.11881
-1	1.11833
-1	1.11823
-1	1.11784
-1	1.11717
-1	1.11937
-1	1.11971
-1	1.11951
-1	1.12091
-1	1.12076
-1	1.11971
-1	1.11908
-1	1.11855
-1	1.1187
-1	1.11872
-1	1.11922
-1	1.11628
-1	1.11704
-1	1.11716
-1	1.11806
-1	1.118
-1	1.119
-1	1.11818
-1	1.11906
-1	1.11894
-1	1.11935
-1	1.11838
-1	1.11851
-1	1.11793
-1	1.11757
-1	1.11877
-1	1.11995
-1	1.11951
-1	1.12022
-1	1.12358
-1	1.12592
-1	1.13012
-1	1.12649
-1	1.12814
-1	1.12719
-1	1.12713
-1	1.12735
-1	1.1271
-1	1.12951
-1	1.13516
-1	1.13553
-1	1.14004
-1	1.13892
-1	1.13971
-1	1.13747
-1	1.1374
-1	1.13694
-1	1.13727
-1	1.13457
-1	1.13549
-1	1.13712
-1	1.13778
-1	1.13854
-1	1.13779
-1	1.13565
-1	1.13283
-1	1.13415
-1	1.1347
-1	1.13465
-1	1.13467
-1	1.13557
-1	1.13438
-1	1.13399
-1	1.13471
-1	1.13487
-1	1.13367
-1	1.13439
-1	1.13453
-1	1.13421
-1	1.13191
-1	1.13128
-1	1.13186
-1	1.13408
-1	1.13382
-1	1.13404
-1	1.13289
-1	1.13335
-1	1.13365
-1	1.13403
-1	1.13353
-1	1.13351
-1	1.13392
-1	1.13613
-1	1.13626
-1	1.13559
-1	1.13434
-1	1.13488
-1	1.13534
-1	1.13511
-1	1.13495
-1	1.13512
-1	1.13456
-1	1.13514
-1	1.13581
-1	1.13649
-1	1.13605
-1	1.13467
-1	1.13476
-1	1.13378
-1	1.1334
-1	1.1346
-1	1.13365
-1	1.13379
-1	1.13273
-1	1.1318
-1	1.13123
-1	1.13258
-1	1.13203
-1	1.13485
-1	1.13475
-1	1.14036
-1	1.13915
-1	1.14246
-1	1.14012
-1	1.13886
-1	1.14028
-1	1.14491
-1	1.16408
-1	1.16797
-1	1.16663
-1	1.16736
-1	1.16901
-1	1.16807
-1	1.16762
-1	1.16958
-1	1.17355
-1	1.1696
-1	1.1665
-1	1.16785
-1	1.16954
-1	1.16746
-1	1.167
-1	1.16721
-1	1.16721
-1	1.16741
-1	1.17155
-1	1.17082
-1	1.17151
-1	1.18265
-1	1.18543
-1	1.18951
-1	1.18641
-1	1.19256
-1	1.18969
-1	1.18854
-1	1.18815
-1	1.1893
-1	1.18968
-1	1.19423
-1	1.19984
-1	1.19472
-1	1.19566
-1	1.199
-1	1.2103
-1	1.21365
-1	1.21447
-1	1.20582
-1	1.20602
-1	1.20275
-1	1.2021
-1	1.20424
-1	1.20734
-1	1.20649
-1	1.20704
-1	1.20559
-1	1.20706
-1	1.20701
-1	1.20552
-1	1.20258
-1	1.19803
-1	1.20376
-1	1.20618
-1	1.20552
-1	1.20412
-1	1.20705
-1	1.20662
-1	1.20775
-1	1.20697
-1	1.20603
-1	1.2073
-1	1.20619
-1	1.20645
-1	1.20489
-1	1.20496
-1	1.20329
-1	1.20479
-1	1.2041
-1	1.20516
-1	1.20717
-1	1.2076
-1	1.20687
-1	1.20687
-1	1.20574
-1	1.2049
-1	1.20807
-1	1.20532
-1	1.20746
-1	1.20665
-1	1.2066
-1	1.20954
-1	1.20759
-1	1.21256
-1	1.21152
-1	1.21113
-1	1.20342
-1	1.20511
-1	1.21115
-1	1.20995
-1	1.20942
-1	1.21047
-1	1.21068
-1	1.21083
-1	1.21022
-1	1.20782
-1	1.20731
-1	1.2089
-1	1.2092
-1	1.21101
-1	1.21104
-1	1.20982
-1	1.21036
-1	1.21192
-1	1.21311
-1	1.21951
-1	1.20988
-1	1.2079
-1	1.20709
-1	1.2057
-1	1.2079
-1	1.20927
-1	1.21112
-1	1.20993
-1	1.20793
-1	1.21029
-1	1.21053
-1	1.20999
-1	1.21102
-1	1.21326
-1	1.21191
-1	1.21047
-1	1.21225
-1	1.21072
-1	1.2132
-1	1.21508
-1	1.21435
-1	1.2117
-1	1.2122
-1	1.21183
-1	1.2097
-1	1.20954
-1	1.20452
-1	1.20003
-1	1.20042
-1	1.19933
-1	1.20068
-1	1.20224
-1	1.19972
-1	1.19956
-1	1.2003
-1	1.20109
-1	1.20093
-1	1.20183
-1	1.20078
-1	1.19972
-1	1.20022
-1	1.19948
-1	1.1979
-1	1.19885
-1	1.19937
-1	1.2
-1	1.20144
-1	1.20433
-1	1.20297
-1	1.20217
-1	1.20378
-1	1.20205
-1	1.20171
-1	1.19928
-1	1.19997
-1	1.20213
-1	1.20244
-1	1.203
-1	1.20236
-1	1.20357
-1	1.20279
-1	1.20254
-1	1.20231
-1	1.20198
-1	1.20123
-1	1.20334
-1	1.20163
-1	1.20297
-1	1.21447
-1	1.20899
-1	1.21195
-1	1.20963
-1	1.20729
-1	1.20484
-1	1.20816
-1	1.2112
-1	1.20692
-1	1.20368
-1	1.19482
-1	1.1996
-1	1.19954
-1	1.20125
-1	1.20146
-1	1.20236
-1	1.20003
-1	1.20024
-1	1.20232
-1	1.20301
-1	1.20429
-1	1.20365
-1	1.2043
-1	1.20079
-1	1.20041
-1	1.19937
-1	1.19751
-1	1.19566
-1	1.19769
-1	1.19461
-1	1.19629
-1	1.1981
-1	1.19823
-1	1.20058
-1	1.20019
-1	1.20045
-1	1.20072
-1	1.20045
-1	1.19969
-1	1.20003
-1	1.19894
-1	1.19633
-1	1.19788
-1	1.19915
-1	1.19774
-1	1.1982
-1	1.19957
-1	1.20068
-1	1.20336
-1	1.20207
-1	1.20232
-1	1.20167
-1	1.20458
-1	1.2053
-1	1.20384
-1	1.20432
-1	1.20861
-1	1.20736
-1	1.20628
-1	1.20624
-1	1.20561
-1	1.20558
-1	1.20556
-1	1.20625
-1	1.20492
-1	1.20484
-1	1.20435
-1	1.20579
-1	1.20605
-1	1.2069
-1	1.20588
-1	1.20553
-1	1.20477
-1	1.20335
-1	1.2051
-1	1.20492
-1	1.20509
-1	1.20544
-1	1.20443
-1	1.20553
-1	1.20687
-1	1.21023
-1	1.21444
-1	1.21256
-1	1.20979
-1	1.2109
-1	1.20939
-1	1.2109
-1	1.21069
-1	1.21083
-1	1.21031
-1	1.21081
-1	1.21043
-1	1.20909
-1	1.20977
-1	1.20995
-1	1.21117
-1	1.2136
-1	1.21243
-1	1.21301
-1	1.21104
-1	1.20973
-1	1.21142
-1	1.21475
-1	1.21803
-1	1.22014
-1	1.21632
-1	1.21899
-1	1.21845
-1	1.22038
-1	1.21694
-1	1.21703
-1	1.21549
-1	1.21561
-1	1.21784
-1	1.21705
-1	1.2172
-1	1.21976
-1	1.22213
-1	1.21981
-1	1.22027
-1	1.22036
-1	1.21822
-1	1.21706
-1	1.21645
-1	1.21612
-1	1.21193
-1	1.21252
-1	1.21251
-1	1.21279
-1	1.21421
-1	1.21405
-1	1.2154
-1	1.21406
-1	1.21659
-1	1.21672
-1	1.21592
-1	1.21456
-1	1.21428
-1	1.21486
-1	1.21578
-1	1.21767
-1	1.21717
-1	1.21869
-1	1.23182
-1	1.23258
-1	1.23529
-1	1.23385
-1	1.23528
-1	1.23377
-1	1.23508
-1	1.23227
-1	1.22893
-1	1.22657
-1	1.22754
-1	1.22972
-1	1.23027
-1	1.23038
-1	1.23203
-1	1.23115
-1	1.23095
-1	1.2311
-1	1.23356
-1	1.23304
-1	1.23563
-1	1.23461
-1	1.23331
-1	1.23548
-1	1.23674
-1	1.24049
-1	1.2388
-1	1.24046
-1	1.23423
-1	1.2321
-1	1.23294
-1	1.23059
-1	1.23049
-1	1.23196
-1	1.23075
-1	1.23251
-1	1.23436
-1	1.23453
-1	1.23503
-1	1.2352
-1	1.23432
-1	1.2334
-1	1.23434
-1	1.23342
-1	1.23307
-1	1.23484
-1	1.23641
-1	1.23556
-1	1.23331
-1	1.22742
-1	1.22935
-1	1.22974
-1	1.23148
-1	1.23161
-1	1.22743
-1	1.22686
-1	1.227
-1	1.22674
-1	1.2195
-1	1.21205
-1	1.21364
-1	1.21222
1	1.21349
1	1.21072
1	1.20773
1	1.2086
1	1.21163
1	1.21233
1	1.2118
1	1.21378
1	1.21654
1	1.2168
1	1.21407
1	1.2138
1	1.21128
1	1.2132
1	1.21592
1	1.21568
1	1.21585
1	1.21993
1	1.22237
1	1.22068
1	1.22091
1	1.22156
1	1.22209
1	1.22089
1	1.21974
1	1.21954
1	1.21993
1	1.22014
1	1.22004
1	1.2194
1	1.21834
1	1.22141
1	1.22047
1	1.22454
1	1.21857
1	1.21762
1	1.21658
1	1.21568
1	1.21808
1	1.21752
1	1.21835
1	1.21822
1	1.21835
1	1.21792
1	1.21835
1	1.21824
1	1.2179
1	1.21777
1	1.2172
1	1.21632
1	1.21718
1	1.21696
1	1.21857
1	1.21878
1	1.21908
1	1.21981
1	1.21876
1	1.21855
1	1.21781
1	1.21836
1	1.21914
1	1.22011
1	1.21949
1	1.22006
1	1.21951
1	1.21947
1	1.21821
1	1.21813
1	1.21923
1	1.21903
1	1.21984
1	1.22113
1	1.22043
1	1.21996
1	1.21882
1	1.21941
1	1.21919
1	1.21893
1	1.21931
1	1.21813
1	1.2186
1	1.21843
1	1.21946
1	1.21966
1	1.21984
1	1.21942
1	1.21693
1	1.21613
1	1.21714
1	1.21731
1	1.21774
1	1.2171
1	1.2185
1	1.21872
1	1.21883
1	1.21573
1	1.21384
1	1.21502
1	1.21492
1	1.21552
1	1.21431
1	1.21361
1	1.21271
1	1.21256
1	1.21338
1	1.21394
1	1.21438
1	1.21475
1	1.21437
1	1.21437
1	1.21299
1	1.21599
1	1.21539
1	1.2156
1	1.21532
1	1.21394
1	1.21274
1	1.21415
1	1.21485
1	1.21326
1	1.21549
1	1.21632
1	1.21685
1	1.21676
1	1.21634
1	1.21582
1	1.21499
1	1.21452
1	1.21384
1	1.21409
1	1.21548
1	1.21381
1	1.20964
1	1.21189
1	1.21177
1	1.21219
1	1.21354
1	1.21317
1	1.21338
1	1.21328
1	1.21291
1	1.21218
1	1.21216
1	1.21268
1	1.21291
1	1.21346
1	1.21403
1	1.21466
1	1.21604
1	1.21546
1	1.21512
1	1.21497
1	1.21551
1	1.21561
1	1.21592
1	1.21496
1	1.21485
1	1.21629
1	1.2166
1	1.21652
1	1.21634
1	1.21592
1	1.21595
1	1.21621
1	1.21529
1	1.21475
1	1.21403
1	1.21389
1	1.21355
1	1.21408
1	1.21419
1	1.21432
1	1.21455
1	1.21347
1	1.21259
1	1.21177
1	1.2129
1	1.21244
1	1.2125
1	1.21311
1	1.21232
1	1.21227
1	1.21214
1	1.21271
1	1.21275
1	1.21368
1	1.21461
1	1.21519
-1	1.21514
-1	1.21617
-1	1.21632
-1	1.21604
-1	1.21502
-1	1.21399
-1	1.21445
-1	1.21612
-1	1.21613
-1	1.21608
-1	1.21494
-1	1.21471
-1	1.2152
-1	1.2165
-1	1.2158
-1	1.22187
-1	1.22266
-1	1.22332
-1	1.22148
-1	1.21508
-1	1.21504
-1	1.21697
-1	1.21808
-1	1.21644
-1	1.21464
-1	1.21516
-1	1.21723
-1	1.21815
-1	1.21757
-1	1.21561
-1	1.21599
-1	1.21596
-1	1.21525
-1	1.21393
-1	1.21393
-1	1.2149
-1	1.21475
-1	1.20492
-1	1.19912
-1	1.19639
-1	1.19928
-1	1.20047
-1	1.20189
-1	1.20053
-1	1.19973
-1	1.20205
-1	1.2052
-1	1.20349
-1	1.20294
-1	1.20236
-1	1.2017
-1	1.202
-1	1.20124
-1	1.20046
-1	1.2014
-1	1.20193
-1	1.20229
-1	1.20111
-1	1.20108
-1	1.2026
-1	1.20237
-1	1.20085
-1	1.19907
-1	1.19873
-1	1.19948
-1	1.19882
-1	1.19789
-1	1.19621
-1	1.19588
-1	1.1976
-1	1.19924
-1	1.1994
-1	1.19958
-1	1.19884
-1	1.1978
-1	1.19776
-1	1.19812
-1	1.19651
-1	1.19792
-1	1.19806
-1	1.19755
-1	1.19327
-1	1.18503
-1	1.18548
-1	1.18493
-1	1.18347
-1	1.18235
-1	1.18384
-1	1.18175
-1	1.17704
-1	1.17986
-1	1.17872
-1	1.17995
-1	1.18073
-1	1.17818
-1	1.18025
-1	1.17956
-1	1.17818
-1	1.1752
-1	1.17696
-1	1.17827
-1	1.17921
-1	1.18068
-1	1.18122
-1	1.18302
-1	1.18166
-1	1.18161
-1	1.18115
-1	1.18151
-1	1.18353
-1	1.18405
-1	1.18364
-1	1.18339
-1	1.18475
-1	1.18234
-1	1.18133
-1	1.18146
-1	1.18048
-1	1.18093
-1	1.18039
-1	1.18024
-1	1.18018
-1	1.18142
-1	1.18073
-1	1.18184
-1	1.18273
-1	1.18327
-1	1.18273
-1	1.18184
-1	1.18144
-1	1.18019
-1	1.17985
-1	1.1806
-1	1.1786
-1	1.1757
-1	1.1772
-1	1.17082
-1	1.17384
-1	1.17846
-1	1.17757
-1	1.17926
-1	1.17979
-1	1.18148
-1	1.18127
-1	1.18204
-1	1.18078
-1	1.1818
-1	1.18052
-1	1.18055
-1	1.18103
-1	1.18281
-1	1.18243
-1	1.18323
-1	1.18444
-1	1.18448
-1	1.18433
-1	1.18545
-1	1.19088
-1	1.18955
-1	1.1915
-1	1.1911
-1	1.19173
-1	1.19214
-1	1.19369
-1	1.19403
-1	1.19158
-1	1.19072
-1	1.19082
-1	1.19136
-1	1.1957
-1	1.19782
-1	1.19859
-1	1.19786
-1	1.19977
-1	1.19816
-1	1.19865
-1	1.19979
-1	1.20234
-1	1.21537
-1	1.21795
-1	1.21985
-1	1.21851
-1	1.21421
-1	1.21484
-1	1.21487
-1	1.2161
-1	1.21718
-1	1.21797
-1	1.21471
-1	1.20996
-1	1.213
-1	1.21262
-1	1.20767
-1	1.21019
-1	1.20881
-1	1.2101
-1	1.21297
-1	1.2109
-1	1.212
-1	1.21154
-1	1.21223
-1	1.2099
-1	1.20879
-1	1.20371
-1	1.20401
-1	1.21198
-1	1.2097
-1	1.20848
-1	1.20941
-1	1.20914
-1	1.21058
-1	1.21157
-1	1.21262
-1	1.21315
-1	1.21589
-1	1.21949
-1	1.21661
-1	1.21659
-1	1.21545
-1	1.21759
-1	1.21599
-1	1.21612
-1	1.21523
-1	1.21756
-1	1.21655
-1	1.21603
-1	1.21797
-1	1.21792
-1	1.21734
-1	1.21529
-1	1.21493
-1	1.21549
-1	1.21384
-1	1.21512
-1	1.21465
-1	1.21205
-1	1.21039
-1	1.21268
-1	1.21115
-1	1.21073
-1	1.21113
-1	1.21333
-1	1.21114
-1	1.21116
-1	1.20984
-1	1.21171
-1	1.2115
-1	1.21081
-1	1.21191
-1	1.21172
-1	1.21395
-1	1.21344
-1	1.21154
-1	1.2071
-1	1.20711
-1	1.20301
-1	1.20391
-1	1.20704
-1	1.2065
-1	1.20581
-1	1.18126
-1	1.17398
-1	1.17388
-1	1.16935
-1	1.17131
-1	1.17135
-1	1.17333
-1	1.17064
-1	1.16922
-1	1.17043
-1	1.16889
-1	1.17291
-1	1.17349
-1	1.1734
-1	1.17403
-1	1.17505
-1	1.17154
-1	1.17253
-1	1.17203
-1	1.17136
-1	1.17096
-1	1.17315
-1	1.17391
-1	1.17595
-1	1.18045
-1	1.17859
-1	1.18118
-1	1.17837
-1	1.17782
-1	1.17778
-1	1.17193
-1	1.17304
-1	1.17477
-1	1.17522
-1	1.17584
-1	1.17524
-1	1.17342
-1	1.17288
-1	1.17111
-1	1.17535
-1	1.1754
-1	1.17434
-1	1.17231
-1	1.17372
-1	1.17548
-1	1.17436
-1	1.17292
-1	1.1717
-1	1.17291
-1	1.17113
-1	1.17104
-1	1.17213
-1	1.17082
-1	1.16489
-1	1.16019
-1	1.16941
-1	1.16974
-1	1.16586
-1	1.16849
-1	1.16565
-1	1.16036
-1	1.15172
-1	1.1536
-1	1.15446
-1	1.15165
-1	1.15835
-1	1.15949
-1	1.15939
-1	1.15741
-1	1.15704
-1	1.16111
-1	1.15996
-1	1.15824
-1	1.15787
-1	1.15574
-1	1.15228
-1	1.1544
-1	1.15583
-1	1.15575
-1	1.15709
-1	1.15809
-1	1.15989
-1	1.15847
-1	1.15729
-1	1.15868
-1	1.15733
-1	1.15651
-1	1.15833
-1	1.16145
-1	1.16144
-1	1.16023
-1	1.15961
-1	1.15844
-1	1.15919
-1	1.15809
-1	1.15737
-1	1.15942
-1	1.15956
-1	1.15509
-1	1.15565
-1	1.15622
-1	1.15687
-1	1.15775
-1	1.15723
-1	1.15592
-1	1.1553
-1	1.1559
-1	1.15679
-1	1.15369
-1	1.15279
-1	1.15011
-1	1.14685
-1	1.14812
-1	1.1514
-1	1.15519
-1	1.15831
-1	1.15687
-1	1.1537
-1	1.15286
-1	1.15539
-1	1.15671
-1	1.15349
-1	1.15317
-1	1.15136
-1	1.15057
-1	1.15047
-1	1.14483
-1	1.14282
-1	1.14422
-1	1.14543
-1	1.14712
-1	1.14025
-1	1.14291
-1	1.14534
-1	1.1432
-1	1.14064
-1	1.14316
-1	1.13642
-1	1.13503
-1	1.13696
-1	1.13277
-1	1.12586
-1	1.1299
-1	1.12669
-1	1.12678
-1	1.13116
-1	1.13213
-1	1.13071
-1	1.13204
-1	1.13059
-1	1.1313
-1	1.13175
-1	1.13512
-1	1.13397
-1	1.13117
-1	1.13249
-1	1.1345
-1	1.13152
-1	1.13177
-1	1.13228
-1	1.13412
-1	1.12842
-1	1.13365
-1	1.13419
-1	1.13214
-1	1.13253
-1	1.13135
-1	1.13056
-1	1.1321
-1	1.12935
-1	1.13123
-1	1.13243
-1	1.13346
-1	1.13466
-1	1.13428
-1	1.13539
-1	1.13556
-1	1.13467
-1	1.13296
-1	1.13198
-1	1.13208
-1	1.13141
-1	1.13193
-1	1.12885
-1	1.129
-1	1.12911
-1	1.12336
-1	1.11918
-1	1.12231
-1	1.11697
-1	1.1206
-1	1.12872
-1	1.12576
-1	1.12753
-1	1.1245
-1	1.12539
-1	1.12368
-1	1.12264
-1	1.12578
-1	1.12495
-1	1.12581
-1	1.12696
-1	1.12456
-1	1.12259
-1	1.12082
1	1.12285
1	1.12305
1	1.12516
1	1.12649
1	1.12956
1	1.12964
1	1.13127
1	1.13066
1	1.12909
1	1.13326
1	1.12706
1	1.1259
1	1.12975
1	1.12548
1	1.12495
1	1.12497
1	1.12581
1	1.12735
1	1.12414
1	1.12457
1	1.1216
1	1.12452
1	1.12422
1	1.12426
1	1.11819
1	1.11946
1	1.11856
1	1.11981
1	1.11996
1	1.1161
1	1.11385
1	1.09785
1	1.09777
1	1.09645
1	1.09364
1	1.09521
1	1.09727
1	1.09423
1	1.09328
1	1.09617
1	1.09678
1	1.09458
1	1.09364
1	1.09511
1	1.09288
1	1.092
1	1.09309
1	1.09509
1	1.09435
1	1.09451
1	1.09296
1	1.09518
1	1.09372
1	1.09156
1	1.09144
1	1.08952
1	1.09147
1	1.09356
1	1.09411
1	1.0944
1	1.09261
1	1.09198
1	1.0921
1	1.09233
1	1.09403
1	1.09459
1	1.09533
1	1.0953
1	1.09568
1	1.09523
1	1.09637
1	1.09477
1	1.09601
1	1.09701
1	1.09836
1	1.09633
1	1.09511
1	1.0957
1	1.09631
1	1.0958
1	1.09564
1	1.09449
1	1.09355
1	1.09308
1	1.09204
1	1.09295
1	1.09089
1	1.09216
1	1.09172
1	1.09299
1	1.092
1	1.09248
1	1.09129
1	1.09077
1	1.09244
1	1.09306
1	1.09264
1	1.09384
1	1.09391
1	1.09408
1	1.09474
1	1.09592
1	1.09597
1	1.0966
1	1.09389
1	1.09317
1	1.09264
1	1.09312
1	1.09472
1	1.09504
1	1.10151
1	1.0999
1	1.10109
1	1.10077
1	1.10202
1	1.10876
1	1.10683
1	1.10827
1	1.10593
1	1.10812
1	1.11068
1	1.11063
1	1.10922
1	1.10823
1	1.10618
1	1.1056
1	1.10652
1	1.10788
1	1.10737
1	1.1082
1	1.10738
1	1.10894
1	1.10884
1	1.10979
1	1.10785
1	1.10661
1	1.10713
1	1.10838
1	1.10924
1	1.11449
-1	1.11222
-1	1.11611
-1	1.11663
-1	1.1153
-1	1.11468
-1	1.11604
-1	1.11517
-1	1.11236
-1	1.11149
-1	1.10273
-1	1.10414
-1	1.10788
-1	1.10891
-1	1.10167
-1	1.10451
-1	1.10229
-1	1.10463
-1	1.10639
-1	1.10615
-1	1.10477
-1	1.10746
-1	1.1053
-1	1.10478
-1	1.10486
-1	1.10571
-1	1.10622
-1	1.10671
-1	1.10604
-1	1.10596
-1	1.10506
-1	1.10588
-1	1.10616
-1	1.10627
-1	1.1061
-1	1.106
-1	1.10517
-1	1.10626
-1	1.10984
-1	1.11124
-1	1.11128
-1	1.10965
-1	1.11063
-1	1.1109
-1	1.11052
-1	1.10924
-1	1.10747
-1	1.10763
-1	1.10788
-1	1.10471
-1	1.10421
-1	1.10357
-1	1.10466
-1	1.10434
-1	1.10554
-1	1.10819
-1	1.10708
-1	1.10928
-1	1.10805
-1	1.10671
-1	1.10664
-1	1.10695
-1	1.10828
-1	1.10771
-1	1.1076
-1	1.10804
-1	1.10805
-1	1.10457
-1	1.10351
-1	1.09853
-1	1.09966
-1	1.10144
-1	1.0984
-1	1.10403
-1	1.10766
-1	1.10585
-1	1.10697
-1	1.10416
-1	1.10401
-1	1.10298
-1	1.10218
-1	1.09971
-1	1.10352
-1	1.10069
-1	1.10168
-1	1.1006
-1	1.10198
-1	1.10109
-1	1.10206
-1	1.10319
-1	1.10268
-1	1.10265
-1	1.10365
-1	1.10274
-1	1.10298
-1	1.10318
-1	1.1002
-1	1.10385
-1	1.1059
-1	1.10614
-1	1.10695
-1	1.10765
-1	1.10519
-1	1.1061
-1	1.10496
-1	1.10046
-1	1.10065
-1	1.11479
-1	1.11842
-1	1.11526
-1	1.11416
-1	1.11259
-1	1.11406
-1	1.11112
-1	1.10957
-1	1.11229
-1	1.11198
-1	1.1116
-1	1.11331
-1	1.11411
-1	1.11302
-1	1.11285
-1	1.11157
-1	1.11058
-1	1.11209
-1	1.11215
-1	1.10984
-1	1.10867
-1	1.11041
-1	1.10927
-1	1.10702
-1	1.10434
-1	1.10001
-1	1.10137
-1	1.101
-1	1.10054
-1	1.10252
-1	1.09819
-1	1.095
-1	1.08987
-1	1.09346
-1	1.09445
-1	1.09655
-1	1.09497
-1	1.09573
-1	1.09665
-1	1.09647
-1	1.09921
-1	1.09948
-1	1.09853
-1	1.10068
-1	1.1045
-1	1.10174
-1	1.10227
-1	1.10171
-1	1.10021
-1	1.10036
-1	1.09907
-1	1.10946
-1	1.10744
-1	1.10842
-1	1.1069
-1	1.09566
-1	1.09967
-1	1.09737
-1	1.09232
-1	1.09239
-1	1.09312
-1	1.09445
-1	1.0954
-1	1.09731
-1	1.08685
-1	1.09298
-1	1.09619
-1	1.09754
-1	1.09771
-1	1.09711
-1	1.10044
-1	1.09582
-1	1.09605
-1	1.09771
-1	1.09625
-1	1.09841
-1	1.09778
-1	1.09989
-1	1.0993
-1	1.09821
-1	1.10088
-1	1.09976
-1	1.09729
-1	1.09771
-1	1.09904
-1	1.09903
-1	1.10047
-1	1.10091
-1	1.10102
-1	1.10205
-1	1.10431
-1	1.1026
-1	1.1029
-1	1.10368
-1	1.10182
-1	1.10109
-1	1.10082
-1	1.10128
-1	1.10135
-1	1.09911
-1	1.09858
-1	1.09623
-1	1.09743
-1	1.09855
-1	1.09857
-1	1.09858
-1	1.09885
-1	1.09919
-1	1.09628
-1	1.09725
-1	1.09726
-1	1.09868
-1	1.09886
-1	1.09579
-1	1.09776
-1	1.09822
-1	1.09898
-1	1.09874
-1	1.09971
-1	1.09937
-1	1.09674
-1	1.09734
-1	1.0963
-1	1.09315
-1	1.0931
-1	1.0942
-1	1.09513
-1	1.09695
-1	1.09969
-1	1.0982
-1	1.09631
-1	1.09645
-1	1.09537
-1	1.09542
-1	1.09471
-1	1.09628
-1	1.09569
-1	1.09823
-1	1.09577
-1	1.09868
-1	1.09809
-1	1.09789
-1	1.09888
-1	1.09736
-1	1.09822
-1	1.09885
-1	1.0985
-1	1.09785
-1	1.09623
-1	1.09418
-1	1.09437
-1	1.09291
-1	1.09423
-1	1.09832
-1	1.09699
-1	1.09656
-1	1.09625
-1	1.09645
-1	1.09789
-1	1.0987
-1	1.09819
-1	1.09633
-1	1.09694
-1	1.10483
-1	1.10718
-1	1.10909
-1	1.1103
-1	1.10722
-1	1.10558
-1	1.1018
-1	1.10273
-1	1.10407
-1	1.10693
-1	1.11695
-1	1.11961
-1	1.12074
-1	1.12151
-1	1.12981
-1	1.13184
-1	1.12963
-1	1.13305
-1	1.13258
-1	1.13202
-1	1.13306
-1	1.13186
-1	1.12921
-1	1.13329
-1	1.13399
-1	1.13457
-1	1.13762
-1	1.13943
-1	1.13792
-1	1.13452
-1	1.13332
-1	1.1344
-1	1.13575
-1	1.13822
-1	1.13788
-1	1.1372
-1	1.13664
-1	1.13811
-1	1.13806
-1	1.13566
-1	1.13596
-1	1.1349
-1	1.13609
-1	1.13713
-1	1.13605
-1	1.1357
-1	1.13705
-1	1.13832
-1	1.13829
-1	1.13835
-1	1.14011
-1	1.1371
-1	1.13721
-1	1.13834
-1	1.13814
-1	1.13683
-1	1.13584
-1	1.13759
-1	1.13864
-1	1.14897
-1	1.14854
-1	1.15166
-1	1.15248
-1	1.15328
-1	1.15516
-1	1.15729
-1	1.15507
-1	1.15701
-1	1.1615
-1	1.16255
-1	1.15953
-1	1.15976
-1	1.16114
-1	1.16069
-1	1.16629
-1	1.19242
-1	1.1947
-1	1.2013
-1	1.19632
-1	1.19583
-1	1.19162
-1	1.19656
-1	1.19349
-1	1.18851
-1	1.18783
-1	1.19067
-1	1.19367
-1	1.19064
-1	1.19467
-1	1.19547
-1	1.19576
-1	1.19508
-1	1.19393
-1	1.19508
-1	1.19476
-1	1.19449
-1	1.19564
-1	1.1915
-1	1.19223
-1	1.19423
-1	1.19158
-1	1.19233
-1	1.18669
-1	1.16569
-1	1.13343
-1	1.11787
-1	1.11193
-1	1.10448
-1	1.12661
-1	1.13908
-1	1.13141
-1	1.1344
-1	1.13263
-1	1.14968
-1	1.1456
-1	1.13753
-1	1.13448
-1	1.13447
-1	1.14056
-1	1.13773
-1	1.13556
-1	1.13916
-1	1.14546
-1	1.17854
-1	1.16977
-1	1.17164
-1	1.16495
-1	1.15652
-1	1.15699
-1	1.15224
-1	1.16634
-1	1.16058
-1	1.16149
-1	1.16397
-1	1.15833
-1	1.1603
-1	1.16139
-1	1.15802
-1	1.16114
-1	1.16113
-1	1.16415
-1	1.16645
-1	1.1654
-1	1.16916
-1	1.1676
-1	1.16593
-1	1.16399
-1	1.16191
-1	1.16277
-1	1.15431
-1	1.15654
-1	1.15578
-1	1.15751
-1	1.15834
-1	1.15439
-1	1.16168
-1	1.16222
-1	1.16081
-1	1.16028
-1	1.15907
-1	1.16217
-1	1.15986
-1	1.16151
-1	1.16058
-1	1.16338
-1	1.16223
-1	1.16639
-1	1.16471
-1	1.16011
-1	1.15996
-1	1.16262
-1	1.16267
-1	1.153
-1	1.15707
-1	1.1589
-1	1.15808
-1	1.15741
-1	1.16005
-1	1.16466
-1	1.16297
-1	1.16432
-1	1.16158
-1	1.16336
-1	1.17359
-1	1.16158
-1	1.1686
-1	1.16596
-1	1.16788
-1	1.16627
-1	1.1678
-1	1.16958
-1	1.17305
-1	1.17425
-1	1.17447
-1	1.17623
-1	1.18782
-1	1.19806
-1	1.19355
-1	1.1855
-1	1.18866
-1	1.19368
-1	1.18962
-1	1.184
-1	1.18502
-1	1.1869
-1	1.18743
-1	1.19277
-1	1.19077
-1	1.18717
-1	1.18854
-1	1.18672
-1	1.18611
-1	1.18433
-1	1.17804
-1	1.17896
-1	1.18158
-1	1.17997
-1	1.18155
-1	1.17973
-1	1.17805
-1	1.17917
-1	1.18482
-1	1.18179
-1	1.18149
-1	1.18408
-1	1.1833
-1	1.18112
-1	1.18166
-1	1.17907
-1	1.17847
-1	1.1783
-1	1.1771
-1	1.17894
-1	1.17946
-1	1.18193
-1	1.18145
-1	1.18179
-1	1.18272
-1	1.18209
-1	1.18217
-1	1.18386
-1	1.1816
-1	1.18182
-1	1.17985
-1	1.17983
-1	1.18132
-1	1.18262
-1	1.18066
-1	1.18231
-1	1.1822
-1	1.17956
-1	1.17713
-1	1.17102
-1	1.1727
-1	1.17129
-1	1.17138
-1	1.17219
-1	1.17059
-1	1.17085
-1	1.1741
-1	1.17494
-1	1.17311
-1	1.17459
-1	1.17448
-1	1.1741
-1	1.17203
-1	1.17335
-1	1.17587
-1	1.17581
-1	1.17179
-1	1.17334
-1	1.17543
-1	1.1606
-1	1.16378
-1	1.16926
-1	1.17219
-1	1.16806
-1	1.16647
-1	1.16313
-1	1.16554
-1	1.16642
-1	1.16849
-1	1.17285
-1	1.16839
-1	1.1696
-1	1.17356
-1	1.17142
-1	1.17149
-1	1.17278
-1	1.17219
-1	1.16927
-1	1.16956
-1	1.16981
-1	1.17233
-1	1.17663
-1	1.17515
-1	1.17823
-1	1.17577
-1	1.17734
-1	1.17555
-1	1.17544
-1	1.17615
-1	1.17632
-1	1.17589
-1	1.17552
-1	1.17577
-1	1.17786
-1	1.17816
-1	1.17886
-1	1.17644
-1	1.17762
-1	1.17463
-1	1.17571
-1	1.17509
-1	1.17483
-1	1.17488
-1	1.17468
-1	1.1731
-1	1.17274
-1	1.17385
-1	1.17338
-1	1.17353
-1	1.17426
-1	1.17548
-1	1.17687
-1	1.17763
-1	1.17717
-1	1.17759
-1	1.17691
-1	1.17646
-1	1.17684
-1	1.17903
-1	1.17727
-1	1.17754
-1	1.1789
-1	1.17773
-1	1.17719
-1	1.17687
-1	1.17689
-1	1.17535
-1	1.17551
-1	1.17577
-1	1.17623
-1	1.1753
-1	1.1762
-1	1.17645
-1	1.17539
-1	1.1747
-1	1.17527
-1	1.17518
-1	1.17351
-1	1.17443
-1	1.17382
-1	1.17458
-1	1.17414
-1	1.17322
-1	1.17335
-1	1.17332
-1	1.17355
-1	1.1729
-1	1.17413
-1	1.17591
-1	1.17544
-1	1.17489
-1	1.17482
-1	1.17388
-1	1.17468
-1	1.17653
-1	1.17625
-1	1.178
-1	1.17691
-1	1.17716
-1	1.17663
-1	1.17607
-1	1.17512
-1	1.17605
-1	1.17609
-1	1.17347
-1	1.1735
-1	1.17323
-1	1.17317
-1	1.17389
-1	1.17279
-1	1.17226
-1	1.16881
1	1.16882
1	1.17126
1	1.17014
1	1.16909
1	1.16965
1	1.17004
1	1.17255
1	1.17348
1	1.17225
1	1.17193
1	1.17275
1	1.17178
1	1.17148
1	1.17191
1	1.1717
1	1.17257
1	1.17182
1	1.17033
1	1.1709
1	1.17161
1	1.17064
1	1.17028
1	1.16958
1	1.17106
1	1.17184
1	1.17114
1	1.17119
1	1.17002
1	1.16805
1	1.16849
1	1.16815
1	1.16795
1	1.16649
1	1.16736
1	1.16741
1	1.16836
1	1.16969
1	1.16924
1	1.16905
1	1.16938
1	1.16977
1	1.16983
1	1.16987
1	1.17051
1	1.17104
1	1.17218
1	1.1721
1	1.17211
1	1.17296
1	1.17307
1	1.17222
1	1.17328
1	1.17348
1	1.17369
1	1.17399
1	1.17418
1	1.17328
1	1.17329
1	1.17425
1	1.17443
1	1.17342
-1	1.17302
-1	1.17278
-1	1.17238
1	1.17297
1	1.17441
1	1.17383
1	1.1715
1	1.1715
1	1.17157
1	1.17121
1	1.17009
1	1.1705
1	1.17081
1	1.17076
1	1.17157
1	1.17215
1	1.17305
1	1.17387
1	1.17361
1	1.17432
1	1.17384
1	1.1735
1	1.17699
1	1.17843
1	1.18565
1	1.19551
1	1.19733
1	1.18886
1	1.19184
1	1.18794
1	1.1903
1	1.19136
1	1.19127
1	1.19347
1	1.19328
1	1.18843
1	1.18883
1	1.18847
1	1.18731
1	1.18573
1	1.1778
1	1.17702
1	1.17734
1	1.17708
1	1.17096
1	1.17513
1	1.17543
1	1.17582
1	1.18015
1	1.18154
1	1.17753
1	1.17908
1	1.17906
1	1.17936
1	1.17857
1	1.17778
1	1.17861
1	1.1783
1	1.17833
1	1.17195
1	1.17423
1	1.17469
1	1.17478
1	1.17525
1	1.17292
1	1.17278
1	1.14965
1	1.14273
1	1.14798
1	1.14585
1	1.14588
1	1.14453
1	1.14181
1	1.14604
1	1.14617
1	1.145
1	1.14512
1	1.14427
1	1.14265
1	1.14476
1	1.14782
1	1.14459
1	1.13941
1	1.1419
1	1.14269
1	1.14485
1	1.14475
1	1.14634
1	1.1472
1	1.149
1	1.14804
1	1.14773
1	1.14631
1	1.14645
1	1.1467
1	1.14554
1	1.14581
1	1.14672
1	1.14475
1	1.14355
1	1.14457
1	1.14424
1	1.14364
1	1.14466
1	1.14395
1	1.14454
1	1.1449
1	1.14351
1	1.14366
1	1.14552
1	1.14615
1	1.14641
1	1.14557
1	1.14655
1	1.14379
1	1.14086
1	1.14241
1	1.14193
1	1.1402
1	1.14148
1	1.13785
1	1.12695
1	1.12686
1	1.12935
1	1.12816
1	1.12729
1	1.13133
1	1.13697
1	1.13607
1	1.12978
1	1.13349
1	1.13366
1	1.1323
1	1.13104
1	1.12766
1	1.12948
1	1.12393
1	1.12314
1	1.1206
1	1.11623
1	1.11895
1	1.11628
1	1.11864
1	1.1096
1	1.11472
1	1.11792
1	1.12189
1	1.12193
1	1.12164
1	1.12147
1	1.12501
1	1.12331
1	1.12717
1	1.12645
1	1.12612
1	1.12525
1	1.12248
1	1.12552
1	1.12753
1	1.12453
1	1.12538
1	1.12427
1	1.1256
1	1.12022
1	1.12238
1	1.12078
1	1.12134
1	1.12285
1	1.12146
1	1.12037
1	1.12183
1	1.12426
1	1.12313
1	1.12155
1	1.12183
1	1.11961
1	1.12046
1	1.12045
1	1.12198
1	1.12251
1	1.12391
1	1.12177
1	1.12234
1	1.12247
1	1.12562
1	1.12563
1	1.12435
1	1.12481
1	1.12692
1	1.12531
1	1.12451
1	1.12365
1	1.12361
1	1.12094
1	1.12213
1	1.12184
1	1.12232
1	1.12171
1	1.12357
1	1.12317
1	1.12416
1	1.12486
1	1.12436
1	1.12591
1	1.12472
1	1.12427
1	1.13109
1	1.1268
1	1.12505
1	1.12499
1	1.12209
1	1.12287
1	1.12312
1	1.14236
1	1.14421
1	1.13751
1	1.14079
1	1.14305
1	1.1493
1	1.14418
1	1.1419
1	1.14433
1	1.14305
1	1.14129
1	1.1423
1	1.14233
1	1.14304
1	1.1459
1	1.14693
1	1.14641
1	1.14963
1	1.15133
1	1.15443
1	1.1547
1	1.15231
1	1.15002
1	1.14904
1	1.15078
1	1.1531
1	1.14961
-1	1.14898
-1	1.14856
-1	1.14897
-1	1.14899
-1	1.15049
-1	1.15317
-1	1.15281
-1	1.15205
-1	1.15088
-1	1.1494
-1	1.14811
-1	1.14936
-1	1.1465
-1	1.14777
-1	1.14525
-1	1.1427
1	1.145
1	1.14313
1	1.14516
1	1.14424
1	1.1396
1	1.14054
1	1.14206
1	1.1429
1	1.14219
1	1.14312
1	1.14381
1	1.14339
1	1.14214
1	1.14329
1	1.14161
1	1.14315
1	1.14274
1	1.14188
1	1.14218
1	1.14164
1	1.14051
1	1.14376
1	1.14681
1	1.14656
1	1.14635
1	1.14887
1	1.14792
1	1.14872
1	1.14817
1	1.15103
1	1.15004
1	1.15022
1	1.14918
1	1.14813
1	1.14834
1	1.14918
1	1.14956
1	1.1476
1	1.1484
1	1.1455
1	1.14634
1	1.14795
1	1.1463
1	1.14431
1	1.14288
1	1.14395
1	1.13576
1	1.1348
1	1.1326
1	1.13168
1	1.13624
1	1.13748
1	1.13601
1	1.13178
1	1.13244
1	1.13116
1	1.13299
1	1.13212
1	1.13455
1	1.135
1	1.13459
1	1.13952
1	1.13694
1	1.14163
1	1.14079
1	1.14566
1	1.15149
1	1.14563
1	1.1472
1	1.14327
1	1.14128
1	1.14032
1	1.13461
1	1.13659
1	1.13664
1	1.13546
1	1.13973
1	1.13907
1	1.13549
1	1.1433
1	1.14712
1	1.15641
1	1.16171
1	1.15953
1	1.16373
1	1.16966
1	1.16892
1	1.16689
1	1.16649
1	1.16435
1	1.16044
1	1.16365
1	1.16581
1	1.16408
1	1.16263
1	1.16436
1	1.16505
1	1.16177
1	1.1631
1	1.16543
1	1.16443
-1	1.16422
-1	1.16292
-1	1.16503
-1	1.16625
-1	1.16522
-1	1.16426
-1	1.16648
-1	1.16632
-1	1.1665
-1	1.1664
-1	1.1667
-1	1.16741
-1	1.16728
-1	1.16857
-1	1.17077
-1	1.16821
-1	1.16745
-1	1.1679
-1	1.16928
-1	1.16737
-1	1.16645
-1	1.16557
-1	1.16493
-1	1.16238
-1	1.16583
-1	1.16501
-1	1.16618
-1	1.16576
-1	1.16467
-1	1.16452
-1	1.16616
-1	1.16629
-1	1.16913
-1	1.17366
-1	1.17236
-1	1.1732
-1	1.17003
-1	1.16907
-1	1.1688
-1	1.16906
-1	1.1702
-1	1.16488
-1	1.1648
1	1.16528
1	1.15783
1	1.15071
1	1.15304
1	1.154
1	1.15699
1	1.1572
1	1.15392
1	1.15932
1	1.15837
1	1.15672
1	1.15723
1	1.15818
1	1.16026
1	1.15847
1	1.15958
1	1.15846
1	1.15733
1	1.15657
1	1.15628
1	1.15636
1	1.15142
1	1.15311
1	1.15455
1	1.15317
1	1.15555
1	1.15676
1	1.15839
1	1.15536
1	1.15716
1	1.157
1	1.15739
1	1.15636
1	1.15528
1	1.15613
1	1.15618
1	1.15434
1	1.1531
1	1.15381
1	1.15377
1	1.15603
1	1.15599
1	1.15504
1	1.15611
1	1.15666
1	1.15803
1	1.15916
1	1.1601
1	1.15939
1	1.15924
1	1.17537
1	1.17566
1	1.17355
1	1.17242
1	1.17465
1	1.17247
1	1.17302
1	1.17254
1	1.16962
1	1.17055
1	1.1717
1	1.17223
1	1.17197
1	1.17174
1	1.17053
1	1.17098
1	1.17209
1	1.17054
1	1.17012
1	1.17025
1	1.17052
1	1.16916
1	1.16747
1	1.16679
1	1.16517
1	1.1651
1	1.16633
1	1.16716
1	1.1664
1	1.16492
1	1.16436
1	1.16592
1	1.16705
1	1.16665
1	1.16621
1	1.16793
1	1.16594
1	1.16704
1	1.16816
1	1.16644
1	1.16646
1	1.16859
1	1.16969
1	1.16894
1	1.16121
1	1.16069
1	1.163
1	1.16291
1	1.16926
1	1.16964
1	1.16913
1	1.16916
1	1.17653
1	1.17299
1	1.17022
1	1.17458
1	1.17377
1	1.17689
1	1.18582
1	1.18378
1	1.18278
1	1.18613
1	1.18521
1	1.18533
1	1.18582
1	1.18106
1	1.1823
1	1.18238
1	1.18092
1	1.1786
1	1.17771
1	1.17971
1	1.18215
1	1.18511
1	1.18298
1	1.18196
1	1.18206
1	1.18237
1	1.18204
1	1.18333
1	1.18219
1	1.18211
1	1.18309
1	1.18313
1	1.18448
1	1.18624
1	1.18497
1	1.18409
1	1.18214
1	1.18287
1	1.18292
1	1.18495
1	1.19042
1	1.1895
1	1.18714
1	1.1852
1	1.18708
1	1.1843
1	1.18126
1	1.18151
1	1.18208
1	1.18119
1	1.17926
1	1.17756
1	1.17705
1	1.17677
1	1.17807
1	1.17755
1	1.17689
1	1.17636
1	1.17747
1	1.17745
1	1.17609
1	1.17651
1	1.17744
1	1.17627
1	1.17631
1	1.17808
1	1.17816
1	1.17896
1	1.17815
1	1.17716
1	1.17286
1	1.1746
1	1.17618
1	1.17583
1	1.17465
1	1.17443
1	1.17587
1	1.17403
1	1.17442
1	1.17112
1	1.17274
1	1.17216
1	1.17281
1	1.17223
1	1.1727
1	1.17327
1	1.17272
1	1.17254
1	1.16564
1	1.16648
1	1.16534
1	1.16374
1	1.16
1	1.16003
1	1.15033
1	1.14808
1	1.14739
1	1.14683
1	1.14452
1	1.1459
1	1.14729
1	1.14562
1	1.14892
1	1.15033
1	1.14872
1	1.15063
1	1.14964
1	1.1554
1	1.15281
1	1.15345
1	1.15653
1	1.15713
1	1.15957
1	1.15909
1	1.15863
0	1.15719
